101528936
101755181
101793438
103597902
104148901
104362316
104379222
104393341
104525327
104531854
104980593
105507386
105561881
106018449
106048824
106087861
106089138
106092549
111639603
111684729
111715130
111716492
111717024
111825040
111831610
112054628
112148139
112148949
112164167
112196912
112247084
112250760
112261526
114699609
114701539
114821066
114823248
115430280
116142111
116254809
116256749
116403582
116433952
11761975
11766524
11767214
120504337
120952228
120956780
120987066
121020507
121055313
121119779
121144397
121151099
121641969
123862062
123865687
123889888
123932633
124059813
124244325
124254030
126735449
126837139
127720300
127728307
129571006
129633212
129637080
129679245
13756646
13767975
13789289
13794643
13916779
13948113
13963809
13976369
14027571
14066471
14072143
14156252
14642285
14730177
14864631
15712278
16938587
17050103
17077921
17078600
17088644
17111454
21659426
21665490
21693071
21698662
21825767
21847969
27483116
30112199
30113184
30132208
30136281
30187306
30224198
30276020
30355856
30370533
30378073
30391772
30516988
30973552
3103658
3119389
3127504
31328317
31339959
31429840
31977648
31978790
32026011
32035823
32306817
3272667
3296107
33309347
33312179
33578557
34609441
34855138
3487278
3499100
35524176
35776529
36502282
3786944
3818651
3842242
3867927
3883688
3884439
38911980
3893007
39160318
39161268
39177991
3922071
3951756
3956146
3961724
4075918
41698797
41699569
41718188
41719288
41720163
41849128
41850461
41850897
41851697
41852380
41854567
43508999
43523089
4386100
44794000
4573426
4802927
49242020
50416858
59698470
59712328
6026368
6027205
6053199
61814466
62257581
6239317
6244626
6252445
6253618
63560624
65059200
65141674
6803259
6811861
6819883
70150740
70553159
70890775
70898526
70908813
71249377
71296115
71892459
71930491
71938526
72172195
72262761
72701253
73197264
73199236
73280738
73645477
73703141
73726942
73750272
74244262
75266869
75317448
75328954
75336144
75362084
75395671
78822430
79765188
80186412
80403097
8051542
80581355
80588780
80589467
82203490
82217754
82259034
86091621
88622385
88708634
90733503
91027818
91077424
91451008
92670718
92680676
94439798
94445484
94506026
94506708
94561695
94565682
94571678
94588798
95186326
95195271
95208452
95218036
95225446
96998382
97002631
97010185
97022772
97084025
97110820
99292524
99645315
10015189
100681953
100835090
100864361
100945932
101480203
101536811
101540839
10192437
10412623
109160588
109420039
109541276
109542235
109854394
109957364
109961074
101759782
101828434
102136105
110221396
102372113
110239691
10271485
10282712
10285816
102985325
110323330
104423130
1063095
107197127
107216512
10786765
109468079
109693277
109738859
111110373
111312530
111496296
113538522
113668112
113670601
113671687
11547753
117617011
117653279
118301689
11955116
119767323
119776615
11995002
12058189
112077472
121425976
12144980
121565192
121572874
12160656
12197922
122091737
12227582
122437923
123349748
124134400
124328793
124567190
124662554
125524962
125527720
125528758
12652015
12671617
112732326
112737724
112738243
127555403
127570171
127615490
127704007
127709312
127871304
127876979
127950572
128068400
128080305
128084295
128093466
128203359
128283599
113044490
113048682
13082693
13089011
131446917
113163158
13316969
1142972
116700782
17055566
17185631
117255991
17329586
11788291
18300153
18361514
18373938
18566465
11890406
19058627
19065732
11913699
19348115
19420105
19654468
19658003
19690692
198077
19839265
19842610
119975391
119989915
121057112
121184707
121185509
12126074
12139937
12144421
22807874
2358476
12416807
12460594
12463381
12532127
12586686
27193740
28811744
2906796
29098013
2910646
2923211
1300316
3027139
3034874
32066138
32068731
1324399
33453855
33668357
33678556
33699556
33714303
33915057
35013804
35144312
35774203
35776106
35980219
36127627
141478692
142124023
143643048
440028
144093585
144163906
144253380
144286321
44542701
44601202
44629789
44795811
44802448
44932961
45004079
45636489
145733155
45825028
46099398
46471070
146607986
47198702
47372796
47385704
47387027
147490306
47883601
148397585
148817496
148843745
148850545
148852384
149298184
149346010
149520276
149585813
496075
150231406
508441
51447721
151774828
151783984
151807297
151847577
152028604
152119978
152206151
152224273
152421894
152724255
152732276
152736133
153211494
153240967
153323550
153373967
153405660
153411798
153498506
153509788
153559096
153798563
153884949
154176963
154198063
154203834
154206578
154257124
154332966
154337601
154366090
154397773
154449295
154452699
154574451
154692885
154735079
154740818
154964651
154977252
154983026
155051300
155064916
155132895
155143691
155281968
155374525
15608299
156255499
156292188
56846179
56847960
56930318
56981330
157251861
57302057
57302521
158015608
158016946
158146789
158498328
159421575
59693187
15991055
15994033
15995480
15996721
160198897
60311230
60312684
60365837
16046315
160778124
161383475
161404465
61491335
16151420
61528479
61549330
62076982
62080202
62101083
62122966
62125453
62315875
62364722
62365189
62379920
62404408
62413791
162948103
63303006
63362557
16337612
16374835
63792149
16388098
64302254
64334374
64440997
16447665
16448766
64646053
64785581
64814743
64894962
64905952
64910358
64943865
64944982
64995443
65000977
65005601
65011114
65015007
65015504
65016410
65021127
65082143
65084579
65163938
65414257
65423917
65539228
65860117
6596721
166039210
66067753
6613108
66139995
166414433
6673151
66878538
67087405
167957413
167975624
168017162
68201443
68414842
168767557
68845219
68876490
68973006
69162866
7034600
170557846
170768188
17103807
171142463
171153694
171169549
71334943
71868614
71872257
72020863
72182277
72573708
72710203
72724012
72764786
72773456
73168026
73676780
73707868
73710238
173772089
173833691
73909574
74143163
74531770
74550166
74668831
74714661
74738094
74745185
74774462
74776388
74777003
74787896
74851750
74854528
74856936
74911475
75355453
75769352
75832955
75990904
75999490
76016199
76017844
76052834
76054416
76088856
76212164
76273998
176580204
77209294
17753002
77739371
178050886
179371734
179388604
795148
799188
181074805
810925
181503116
181507895
82262371
82272257
82288711
824481
82460274
82545240
184711926
84872503
85562714
85872418
85904326
85966636
86021281
86204741
8649375
8660472
19112120
19121324
19125240
19126504
191294866
191357419
19155500
19282162
9342243
93514923
94105450
94299294
94306533
95528374
95535538
95580132
95616004
19647490
197923833
198311734
198389865
198905051
19964566
199686680
199724587
199729572
199739029
199872199
199949013
199976331
200085773
200824835
201525980
201556373
201558470
201560845
201862350
201874604
201909736
202339368
202652871
203519985
203533977
203536910
203778955
203833676
204169143
204700800
205444967
205496099
206088111
206129972
206132691
206181646
206202530
206341968
206414152
206441007
206443001
206451787
206459404
206460658
206475754
20692951
208024240
208079699
209611331
100809318
10142580
10256015
210274986
103398546
103521788
103876090
210407024
104385309
104403087
10685572
107539084
107617774
107649199
10765747
107743723
107756068
107757036
107768572
107770374
107771932
210847979
210876144
108822293
109620595
110319086
110321285
110324990
110350783
110351690
110359864
111225328
112145261
115166135
115377690
116609126
11718031
11745527
11763885
11809973
11883304
11907489
119153413
119162383
119171944
119176975
119179050
119214919
11928237
119599787
120017528
120112592
120132708
120136611
120199083
120551956
120671016
120761579
121473678
21221351
122283656
122634641
123283723
212342873
123430257
123432223
123503918
123547644
123568904
212364291
123676406
123702112
123705844
123731803
123738214
123744855
123763401
123770729
123777664
123791057
123796098
123967564
123978589
12483813
212644659
212810395
12847382
12883951
12934882
131409410
131413878
13142176
131690273
131695484
132042818
13250320
21454210
21460406
21477225
14887413
21521319
21529663
21536650
21567241
1585359
216623428
216720065
217569446
21773053
21784158
21785549
219116417
219119013
19619464
219634014
219679336
19727753
19788813
21979200
2200446
220072065
22100259
22113702
22115827
221321022
22134362
22143239
22145849
22173757
221961524
222026053
2222108
222423094
222757565
224064507
224914729
224918432
224929549
24993143
225069237
225075401
225605636
225611551
225682922
225685907
26318585
226339603
226341777
226416586
226419611
26692794
26749133
26831149
26901502
26914883
26981983
27375500
27504663
27568038
227760872
27866183
228306948
28814465
22901725
229024313
229230902
22938755
229597724
229624604
230030446
230173681
23030884
230344767
23075679
23087573
3102278
23120026
31550894
23218053
3225715
32630564
32799052
232814852
232924121
232945873
232974736
233046699
233120230
233123873
233177327
233180659
233186712
233199388
233557686
23376636
23395839
234147231
234231389
34263715
34738026
234761642
239705560
241484869
24150565
242583633
242666264
243093935
24489006
24493736
45051275
45052567
45062989
45110210
45111434
45118843
45153596
46433348
46499807
46576538
47396629
47561765
47810124
47868962
48326964
48342760
48344358
48378679
48463717
48522625
48548551
48639637
48791724
48882012
24929570
24953262
49704728
49918683
50051433
50072732
50424093
50434273
50435231
50565923
50576346
50578684
50591773
50652593
50690094
50712845
50749449
50806643
50871520
50895355
50897161
50923416
51604985
51685997
51729772
52939146
52959478
53091326
53101931
53107597
53112134
54509489
54653051
54798006
54901686
54904137
55245575
55310303
55315931
55668301
55670887
55766440
57528128
57605100
57721332
57802703
25856269
5944248
595000
601870
6046738
6054292
6072317
6103634
6120435
6124762
6137497
6146604
6150588
6175074
6178862
6259141
62596519
62778743
62779272
6303794
6331709
63349336
63352792
6363227
64328993
64339407
6449824
64628408
64982363
26501884
6514523
67085993
6732115
68040025
6870376
26891268
26894480
26924034
69317269
69325582
70519505
27192376
27310925
74010018
74386882
74404827
74657878
74710771
27629976
27755700
27774100
27830214
27971877
27988503
8200710
87815528
87864462
88003228
88080545
88264191
88288245
88292049
88293376
88395112
88865399
89171595
89245906
89249185
90952776
91457104
91663814
91671904
91933684
91950630
92029724
937997
94036325
94135044
94522908
94555199
95012167
95061253
95082728
95137169
95172438
95345025
95354235
95363390
95418737
9711587
9819283
100900746
106369921
106900715
31069210
109676331
109683131
109715628
109769701
109791057
109837763
109857716
109859235
109862017
109870733
109875833
109883314
110162649
110320384
112319025
112889582
113547861
113636099
113788061
113818785
113848519
113852528
31812012
31817597
20547104
20550714
32192781
32194123
32310472
23983465
32459965
32480539
32484968
32487895
32505025
32587149
25884286
26654905
26667097
27801640
27808335
27880290
27937021
27939111
28003168
28131043
29151538
29836925
30089028
30517868
33172154
31736593
33219235
33227423
32598272
32658965
33628394
33628929
33585108
39248699
39257945
39364950
39424355
39554573
39588084
39665935
39784708
39913374
39949824
39958734
39975895
40012424
40030583
40061772
40153395
40405431
40412906
40414960
40421795
40430831
40453958
42366751
43709440
43715037
43773039
44389750
44404916
44812425
44886909
49807008
51055918
3518052
51865965
59003568
60044533
36538096
36561637
36623987
36625438
76788443
37712270
79408391
38237437
38376742
39345268
39416678
39421777
39430341
39432326
39556537
39630082
39631011
39636802
96706609
96765626
96778177
98307261
98360567
98422700
98512666
100609204
101483934
101508479
102191287
102602308
102611627
102653899
102668374
102869873
103164827
103673438
103973207
104272795
104289952
104510316
104625407
104731414
41113810
41140133
41169805
41241935
41340201
41723665
19881038
42138786
42140301
22075513
22084639
22125185
22389947
22515439
22585891
22840338
23653343
23781049
23835783
23851950
23970407
23975410
23981138
43005101
43054899
30802402
43179074
33455897
34189645
43444928
34521248
43470093
34875281
34923005
34937891
34952105
34953274
37794736
37796354
37905296
49170612
49429058
49652796
49872488
50204308
50213921
50352678
45037857
50846756
50932637
50983234
51070832
51083679
51561558
52327778
45250248
53427027
54186632
54188048
54199083
54220567
54221820
54227286
54984454
54987401
45577802
57618953
45781776
58872577
58942868
60639917
60714591
61012998
61100848
61135510
61145199
61232341
62691842
62740429
63151385
63177786
63768569
63982051
64190646
46421345
66950494
67975923
68031532
68086956
68089059
68089609
68106314
68114089
68231347
68308153
68329317
68472075
68476314
68487400
68503063
68542020
68571347
68574589
68585926
68588575
69252650
69255729
70441636
70856547
71228893
72179584
72215501
72337758
72997102
73279981
73292461
74119594
74130993
74152848
74154411
74155713
74185818
47449812
74509563
74524421
74538798
74741978
74793644
74795163
75403858
75407189
75521686
76120313
76256363
76308709
76486224
76490900
76491746
76497538
76564570
76576049
76577965
76591352
77199474
89932638
89944790
89952695
89963555
89965623
90023035
90148046
90339536
90756601
90758126
90905917
91995428
91997045
92076629
95019187
95031336
99131881
99140271
99155664
99292155
99678243
99895933
99911434
51541743
51552202
23212956
29103708
33770086
34507582
35164129
36148416
36897227
36902473
36908672
36923691
36974086
37158833
37206631
37209676
37309950
37327570
37442182
37444643
37515047
37659703
37704110
38128478
38160253
38422816
38872934
39010038
39062198
39569836
39870652
39974203
39999574
40006068
40009661
40019638
40027085
40036594
40037305
40969968
41992600
42506361
42615837
42807934
43535665
43720045
44168353
54445523
54573651
45745445
46482285
46646064
46751650
48434069
49200575
50072242
50098089
50195487
50563221
53976588
54072469
54119943
54126895
55525447
55417239
55548616
55633698
55640625
55671381
55865485
55868524
55899521
56537017
56538492
55667247
56850287
57374613
57379586
57452030
57768488
58449740
58450588
58472396
559599
60167081
60203191
60205124
60216795
60251432
60974254
61176283
61938138
61988941
61995269
62062171
62069757
62146677
62150602
62949349
62956789
62972612
63064691
63911999
63981656
64696638
64729801
64737201
64844939
64882408
65034768
65092699
65104882
65182523
65188583
65201351
65204335
65213284
65222120
65226135
65229341
65244253
65333771
66444649
56649696
56656111
66622074
66680822
56695864
67233322
56816416
68176735
68178713
68221646
68231285
68936083
69374015
70307516
70309485
70316834
71763107
71766043
71776183
72036035
72463508
72513055
72604625
72625310
72730517
72743330
72856573
73108644
73126438
73169508
73184192
73187221
73704991
73726651
73772992
74390497
74984561
75266882
75499260
75575094
75576101
75585649
76069826
76161660
79118379
79171449
79176720
81551997
81567980
81572210
83256160
83508989
83751967
83757711
86992541
87242044
58812028
88364106
88378547
88502168
88509656
58856502
88605940
88687413
88732128
88751413
88752014
88994361
58993517
90413716
59052782
59087030
59093494
90961646
59121246
59131641
59141709
93188885
59322206
93644948
93646986
93647766
59366473
93709707
94701060
94702960
59510699
59534528
95911301
97088344
97160981
97810340
98066309
59834715
99070931
99256718
99260104
99462922
99525367
10942651
11202893
61150125
11633977
11743994
61199431
61201174
12407431
12464070
12645250
12647616
12676987
12730847
14043985
14488217
1523308
1533057
1538095
15592174
15961656
15997811
15999621
16023304
16042784
16121704
1712134
1954629
1961641
19636567
19723363
1981781
20823262
20829349
2150513
22110695
22124681
22215927
23053157
23342159
24457952
27153934
27155707
27176973
27205120
27250770
28869101
28893248
2901611
29180238
29184071
29185384
29187359
29190423
29724112
29739636
29892188
29895543
29971656
29972182
29983779
3012321
30270879
30318678
30504169
30666870
30876284
3092067
31098404
31378116
3140393
31796160
33860478
33863004
33864442
33865775
33869892
33872206
33930050
63984293
4261593
4263250
4305355
4318689
44943141
44945835
44948021
44949983
44951630
44953781
44958550
44963884
44974242
44983643
44984289
44984838
44990062
44992828
48355284
48367262
65102374
65136271
51682220
52106546
52110048
52295150
65240666
54091105
55200835
55901829
55906498
55926696
55982158
56008062
56401658
56485075
57010070
57047555
57050736
57636998
62509
63593479
63616216
64249551
64272796
64374291
64948579
64950044
64967806
66509469
65107968
65332844
65464541
66569888
66571784
66574057
65849601
65869288
66251302
66264981
66310522
66576245
66828788
66743918
66765696
66771021
67813577
66781481
67816370
67921814
66801538
66802414
68073906
68121994
71565493
71644688
71659779
67168183
73603272
73604072
73678430
73839281
73846602
73880531
73887999
73932088
73933471
74141646
74185625
74552
75889899
76166071
76176399
76182656
76185313
67802398
67828633
67856893
78618299
67864534
67912865
67922992
67924720
67938881
79524164
79996646
79998145
80002045
80069962
80202751
80207835
80276945
80285994
80493077
81229228
81244526
81246463
68126962
68128136
68135082
82544010
83140165
83194011
83204914
83397354
83513583
83735100
83751744
83755881
68412286
84145035
84154509
68416168
84390594
84934268
84978503
84988054
85254679
85271012
85332195
85409779
85414794
85427624
85492168
85718075
85769941
85818058
85979425
86026419
86055131
86172896
86554368
86825459
86829830
86831185
86833494
86836304
86906477
87374832
87555050
87555564
87570684
87919782
87924012
87957460
88099108
88293870
88515639
8851730
1337896
1427196
1439893
1495114
15250049
15288868
15291864
1564490
1565925
15810314
15843483
16329578
16995065
17538027
17554877
17663460
17683913
18907623
19221564
1935070
200433
2022244
2027294
2041944
20779637
21249267
2153338
2186423
21944664
21947704
22185522
22288333
2246529
22694924
22704407
22734964
22797543
7230347
24241663
24303272
24966637
24990302
24991420
24992097
24994056
25033553
25077677
25095494
25112049
26912621
27073089
27105295
28156112
7281939
7282656
2853775
29589595
29591032
29592890
29594675
29608338
29609971
29733619
30414622
30502079
30724707
33258481
33834607
33860494
34306847
35390052
35508683
35509791
35520367
35943183
7361819
36902523
37186833
37211057
37541192
37560345
37717477
37793765
37812615
37813532
37922914
37931626
38403539
38576203
38577525
38736964
38821044
38962942
39021418
39042779
39078696
39100809
39528260
39656291
39712370
3992899
40525787
40568156
40581232
40726457
40749963
40771435
40774782
40804609
412026
42568470
42621090
42657677
42672138
42694953
42737665
4349532
44341978
44435740
44448790
44691879
45109761
45120191
45459889
45479848
45572208
45583933
46298364
4722188
4783969
4792107
52346119
52347744
5263473
53300186
53305480
53311377
5370867
54063779
54091228
54538316
54857305
54859154
55051195
55186606
55188096
55218379
55261372
55269589
55602071
55823929
56005554
5603367
5670364
57497554
58083391
58159404
58851370
5905333
59054098
59106804
59204242
59347615
59416129
5942391
59447337
59528144
59746171
59762962
59788484
59793883
59817271
59838415
59932687
60049806
60088616
60106247
60156553
60158715
60168503
60203238
6022774
60401844
60581277
61281872
6171075
61893545
62976128
7631505
63479807
63809329
65617093
65617905
6630662
6873427
6904407
70595076
70768920
7083257
7094631
71191935
71207972
71214724
71292150
71361648
71380127
7150770
7173068
71879875
72000302
72617343
72623805
72625574
72629447
72812402
72830487
72897187
72928739
72931041
72953368
73831974
73864846
73891633
74099810
7416290
74224292
74244071
74369589
74381242
74387094
74441013
7532116
75997236
76349724
76377802
76421456
76444875
76489202
76516155
765547
76855721
76883552
76917716
76983310
77007693
77093926
77143826
77214383
7733093
77411429
77477527
77528410
77848536
78087251
783343
78396148
78417639
7995153
8017138
804336
8066604
8203582
78242898
78313727
78339794
8476099
8525036
910925
9230346
933750
960061
8030373
8059860
8072793
8073745
10260018
8103390
12285450
12297562
12366866
12873589
12981095
13454729
16765389
16766681
16767964
16768808
16769673
16770388
16772443
17764081
8180338
18232387
18266474
18301706
18385409
18501882
18523692
18767099
19065284
19136959
8194538
20665414
20709144
21109477
21132788
22060078
28847992
3005201
30812838
30874939
30910390
31296924
31312503
32275906
3236669
35804050
3583297
3586510
3592815
3614713
3655767
3700653
44561445
44570409
44682274
45444406
45465756
45503953
84743489
84838905
84842230
51146611
51155996
51205762
51319831
53492975
53598481
53602105
53621304
53637752
5445700
5453427
54607656
85536047
85546351
85551922
85560798
85568244
85570001
55717716
85581464
85582529
85609174
85686477
57424865
58268665
58695531
59788607
66240344
66854859
8669608
8685828
71117699
72908358
72912530
820223
8840645
8856139
8720229
88922214
9063710
9091693
9394440
97874
9867166
89948047
10166353
10239653
10287513
10305980
1046223
10537532
10540419
1064313
10751981
10932229
11063249
11066583
11102659
11110247
11113803
11114828
11240443
1125064
1126176
11317553
11346169
11406697
1164793
11710580
12652950
12694304
12746961
12749281
12761285
12909684
13063293
13121981
13134527
13139205
13702880
13759492
13807471
15237614
16230141
91625214
16262320
16264858
16287927
16299949
16418338
16544215
16810007
16843556
17079448
17264141
17277097
17524796
17526892
17972616
91807895
1826773
18345612
18431509
18493619
18533719
18543097
1855985
91875588
18956961
19163750
1983184
2001957
92045577
2102374
2118010
2190487
23369728
23975341
23975771
2494473
2497632
2571658
9285255
2900642
2933880
2986297
9300330
930224
32423648
32425918
32426875
32427997
32429150
32430143
3325716
3401672
9365467
3661336
9382155
9384305
93863579
38978178
38992618
93904818
39066602
93918278
3921660
39452615
39502406
39515100
4014639
9418482
9420844
9423953
94276364
94282316
94286114
94305381
94306809
43089285
43181576
43185458
94330189
94333235
94338925
4350944
43518042
4353185
43556803
43570442
43829754
43837116
43848261
43849272
43865720
43875720
44045122
44524171
44573114
44580151
44591860
44618212
44627797
45546113
94557561
94563487
94565222
4585231
45996358
46016178
46118580
46325594
46494295
46520689
46571738
46599094
4664269
46676615
4668618
46729569
4674733
47271543
47438484
47464004
4763877
94779464
48790802
48791876
48897261
48960951
49802090
49838587
49886672
49889990
49913418
49936702
49949040
49965616
50040577
50085378
95021422
95022254
95030587
95032890
50406772
50593073
50598386
50650583
50793218
50810865
50827633
50912311
95092492
50925721
95101367
51151019
51484054
51494026
51911748
51921707
51925949
52045222
52055092
52308606
52371428
52427421
52439004
52451243
52469156
52924389
52940398
53318670
53558828
53619747
53663867
53813870
53921578
54063486
54187225
54556427
54558364
54691061
54784952
55578831
55706101
5573578
55919725
59215128
59672549
59676053
6011773
6013114
60461967
6061254
60808102
63722721
63778409
6479657
6687160
734104
740450
7766258
98283318
8307548
8311243
8326423
8337988
8394780
10101222
101499979
101503107
101742065
10227706
102287818
102344117
10355513
10381675
10462913
105376446
105856631
10606153
10633444
108536831
108562450
108570511
108576989
108620176
109154326
109221439
109315134
110264460
111597157
111636620
112449038
112528905
112549911
113101198
113268897
11461104
118431601
11887577
119719008
120119554
120294311
120712620
121389157
122004473
12212966
12722826
127538456
127557571
12760382
127627719
127881800
128133253
128135196
128838145
132728262
132730831
132731493
132732712
132735730
132740304
132741466
132744647
132750745
134292103
135157513
135392188
143347363
144824173
144832019
151903946
151928392
152969776
153282399
15697756
15766543
159280542
159501856
159563167
159595212
159611709
159617799
159655989
159661637
159721865
159850742
160180015
160525790
160604357
160639880
160770109
160771959
160772528
160775329
1607881
160806342
160945384
160997376
161641733
161699564
161725599
165349085
1690554
169558281
169565883
1725486
172826014
172855912
172860521
172880818
172884823
173266050
173504041
173535808
173540949
173568796
174163321
174612581
175571365
175577250
178319279
178852075
182363945
182383776
183288692
183696896
187058924
187148222
187426979
187457557
18765733
187875677
188127239
190916231
191552755
191586719
192429184
192439497
192500206
192502206
192549483
196851402
196903973
196904640
196908243
196934816
196937380
196938064
196973070
198072602
201360277
201698158
201701798
201703514
20204680
202225574
202227801
202269019
202890374
204258041
204687170
204894803
20509458
20513069
20519363
205770672
206285364
20656335
20658747
20696997
207716488
207735959
207737986
207903792
207967326
208123039
208190073
213416685
216008710
216101482
216284358
216344900
216414283
216420845
216473356
217850596
218389391
218461035
218475630
218789789
218790310
218889430
222074380
223282165
224298402
224516150
224974719
224979789
225375270
225410086
225521830
230982171
231338235
231366828
231754551
231760418
231937834
232185040
232234801
232888216
232889313
232889740
234060107
234273509
234776539
234819176
234995500
235397074
235453845
236084554
237108212
237215778
237401098
237449106
237513086
237520025
237585425
237701502
237864722
238248072
238260207
238273981
238999930
239543369
241579672
241903025
242149898
25048015
25175145
25327213
26079365
27127556
27135830
27288237
27782367
27847764
27875284
27996898
28031111
28178740
28351146
28352409
28431763
28485111
28660234
28686821
28697776
28725907
28767971
32870993
33187366
33289169
3506491
3561606
36052172
36435878
36436883
36452420
36457465
36486864
36527988
36535492
36540202
36541355
36565836
36567188
36622276
36629893
36641937
36643620
36646122
36649022
36736086
37696462
37737292
37935899
39575394
40515418
42441668
42959659
42962140
42997945
43099633
43140140
43167032
43206732
43259245
43300080
45349720
45893525
46148191
46154129
46356563
46357886
46395587
46778971
46894632
46935753
46947353
47114460
47166532
47256940
47306019
47986601
48394836
54476727
54496744
54580363
55130712
55178151
55698145
56072749
56089626
61551636
64410336
64484561
64779373
65123595
65136761
65137984
65447068
66655258
67952429
67997998
68832296
68891739
68912229
69126757
70222892
71572453
71580766
74535324
74538327
74923610
75583480
84975633
85255665
85344960
85350369
85675877
85846536
86116514
88707887
91317889
91319401
91639481
91644863
91654070
91654511
91660392
91664271
91669247
91681290
91683679
91686976
9291948
9309174
9317790
9345126
96295391
9688405
96895968
98481528
98710289
98740728
98781878
98816377
98892332
99318844
99319989
100173636
100330573
100744518
100746234
100861564
10190117
10241408
103283451
10369170
106567031
109158453
109161057
109189815
109207632
11162562
11215900
11216770
11224340
11242343
11305213
113052993
113118860
113124667
113134494
113298876
113575800
113592682
113763138
113806790
11396228
11408916
11493999
114947602
11512271
11530448
11660178
120495245
120551614
120828978
120903961
120970746
121637022
121640461
124278089
124786511
125009302
125931629
125973561
126039276
126080045
127330960
128112676
128898367
129750705
129755116
129756570
130362608
130479920
130641355
130691804
130807544
130818142
130819798
130823028
130827538
131948219
132589896
134742337
134771337
134774572
135146185
135179106
135570676
135575192
135575710
135687125
137953812
138095267
140116527
142533103
142567830
142569302
142616065
14427007
144504034
144645240
14469327
147363981
147474840
147508764
150425478
150540364
150799710
150809840
150815930
151572089
151608386
153520744
153529286
153531446
15618032
15651735
15652347
15654649
15663192
158560548
158618274
158630149
158734046
159872711
16067459
16076839
160963403
160975753
161053339
161061171
16126437
170076895
170418761
170655307
170696741
171889883
171926895
171954151
172009527
172011714
172988793
172991700
173010103
173025765
173061406
173063490
173065517
173074580
173337812
173340765
173342917
173353218
173518135
173667753
174057637
174939986
174946838
175093037
178546036
184486212
184755986
184781144
185499338
185538728
185649149
186933134
187025280
188071836
188133020
188212955
188938235
188945825
189463336
189639548
189707597
189758821
190084609
190100988
190151327
191109126
194019346
194093459
194158077
195180542
195203429
195241003
195289780
195406349
195412398
195465631
195469901
195471002
195477186
195506627
195781149
195835326
195887674
195941384
196069182
196086497
196132511
196216851
196230685
196281931
196304296
196319476
196349535
196352003
196353755
196362259
196363914
196366429
196384193
196754243
197097315
197862039
198420971
198617509
198693342
198701355
20202524
23729026
27540435
27550207
27575903
29340810
30178883
30302529
30305756
30308559
30358760
30534615
30555079
30555842
30561149
30698036
32438339
33203249
33454081
38181850
39182508
39193658
39444006
39654740
40522125
40991948
42042096
42059516
42078111
42079529
42088385
42135998
42789277
43263328
43302608
43333119
43405858
43410147
43513251
44902038
45150295
45183436
45684477
46421573
46711961
46947266
46951692
46995892
47396879
4767177
47798233
4831094
48489055
48516137
48707201
4884474
49424336
49817759
4999560
5011451
5012235
50169453
50178078
50189709
50248107
50249361
5033216
50345953
50349358
5039785
52055507
52061807
52097116
52163286
52225722
52227887
52286618
52322704
52376843
52438546
52499448
52545401
53356318
56932868
56937737
57069431
57557892
57912008
57917290
58008746
58013047
58122396
58589487
62548257
64149696
64170519
64577458
64610703
64648444
64915552
66561778
66575175
66605417
69183959
69419892
69485316
69552560
71232691
71233585
71521657
71668868
71715342
71789920
72431086
73242445
7326281
7362916
79003826
80865277
81892840
99931831
102331620
1027236
107131405
110987308
11154417
113223608
114608786
120243774
120658313
120665489
124483958
124972672
125063443
125126800
129712323
140441690
141378035
145719925
145722548
146153400
146641689
146686252
152172554
152336454
152368377
15292113
153246440
159147640
16430965
16468847
166881378
16947129
170817705
17190952
1827589
184493522
185695400
186997185
19803846
21390856
25067142
2718609
2727415
2777193
3078046
3093630
3263494
3341536
37363879
37729830
37868696
37915173
37996908
38240709
38344976
38351077
38933886
40856765
40910734
4320643
48636596
48846347
49347049
49354142
5085727
54627587
54642998
55682009
55739123
55808176
55830492
5804859
67947754
74745996
74789059
74814082
74817516
74818846
74824831
74860852
74956259
75116537
75180747
75188710
75193361
75201183
75242186
75776873
77026055
77970822
78089425
78150831
7837596
7858066
7859863
7895050
79700575
7986305
81378129
8280827
84040459
8446230
88185155
89424047
91034653
9703850
9717050
9725728
9726967
9734135
99766450
99822885
99868525
1042907
10538013
10567249
10604139
10643767
10648708
10654248
10786064
108773352
110875848
110893882
110914690
118666539
118668444
118687674
121332714
121416548
123960268
123968919
124014575
124913901
125786603
126248067
126351727
127235034
127235947
127293825
127323362
131453165
131569248
131624206
131629124
131658411
131751164
131753108
131783229
131789974
131829806
132229682
132326862
133734485
133915434
133915945
133925353
133931107
133940301
134101814
134572179
135983359
136834010
136923991
136926733
137059452
137938856
138188209
138263751
138844162
139056384
139127656
139670660
139671537
139682223
140880907
14088491
14091327
140917844
140920428
14092170
141073250
141176227
141195475
141198381
141208406
141283238
141311077
14158787
141640793
141654920
141656510
141905142
14195958
14206832
14209509
142232468
142234078
142339297
142341750
14253054
14257861
14317742
143549446
14502053
145180454
146091291
146763870
146843687
147743485
148332692
148495148
148571903
148648885
148658389
148693860
148811796
149857064
149871297
149877341
149986385
150439399
151030952
151031560
151046469
153549983
153646811
153838968
154217098
15563895
15663270
15673615
156871230
15903728
159620551
159647032
159823271
163066008
163119956
163131726
163221242
167586550
16789000
169075953
16977147
169851094
17048484
170810003
170956008
17132683
171365949
171714581
17171653
171802943
171805942
172074313
172076412
172107732
172117069
172130249
172220088
172232575
172238291
172247283
172376127
172415447
173247683
175801381
176687742
176813987
178979400
178982950
180004753
180005673
180582509
32229352
32348520
32480462
32635848
34562510
34621322
34751436
34753449
35893589
38499833
38503956
38881409
39460487
39562431
40725361
54316885
55200340
55455055
55471431
55508390
55542781
55674200
55681669
56765702
56766998
56768075
56772880
56825958
57111740
57164360
57169008
57351125
57417337
57576418
57791377
58875121
59099580
59121985
60645526
60654400
64530009
66160145
66161419
66192153
66335346
66394543
67330347
67777203
70918599
71472838
71542572
71639814
71783365
71883442
71891137
71930974
71935630
72147815
73127863
73458805
73874603
76022605
76049829
76118687
76119874
76121856
76150222
77406947
77836276
77855091
81737696
88156416
90611877
90643236
92720700
95768757
95769585
96297120
97673262
100859185
105259639
108098656
10830822
10855709
108986095
109164713
111994654
112111671
112442193
112465622
112642551
112644822
112659387
112661678
112663780
11315294
11319264
11326858
113305058
11340291
11344375
113530723
113565275
113923308
113923835
114060110
114077126
114082321
114190519
11424128
114282988
114331670
11526516
11758125
11760943
11874637
11878882
119600107
121800182
12397915
12409147
126269289
126281705
126301860
126307119
126308878
12645344
12675809
12693208
12700740
128846649
128871456
129853200
130046839
132426552
132494392
134538329
134540942
136956588
136973017
138059775
138091496
138127830
138138521
138168220
138173755
138230683
138234639
138246229
138955749
143055873
143190081
143208361
143209655
143230773
143265326
144553435
144712408
147276678
148383754
148509346
148726833
148789118
148803847
148814527
150080655
151045995
151399198
151399978
151403613
151407280
151430247
152458102
152678863
154795409
154845615
154976046
154994849
155001078
155012563
155551748
156145078
157658135
157855739
157876116
158102423
158349775
158359045
158366906
158372298
158398212
158973247
160033492
160035292
160042399
16005376
160067694
160322579
16447058
166675625
166890304
166931740
166946834
166947740
166972881
166977424
167016973
167826424
169864569
17141012
17814803
18472013
18479218
18495219
20510696
20563338
2069509
21060740
21724244
21742735
22061863
22249192
26502409
26704801
2796052
2926500
30142350
30591787
30692512
30761207
30765909
30792889
30796567
30817714
30822809
30823765
30828018
30876529
30880615
30889730
31170361
31617485
31623020
31727547
31811907
31813710
31902605
32047607
32252880
3226826
32469404
3269030
33043890
33324645
33374415
33396059
33398601
33493713
34311271
34319617
34348963
35100194
35120159
35445916
35543917
35569760
35801397
35806938
35995396
36203055
36324664
36425730
36517091
36725267
36754049
36902674
37038593
37210297
37315622
37317795
37320335
37333269
3753412
3753983
3758022
37706056
3771187
37771460
3818829
3829189
3857007
3858033
39501576
41612522
4195780
4198744
4236690
4295606
4297023
4303666
43129295
43704842
43791798
4404065
44253686
44297219
44312849
44322440
4552214
46924565
46951734
47069439
4720652
52396595
52484039
52490292
52494925
52509755
53321463
53331708
56016476
56687601
58881568
58882308
58884039
58887608
74346340
75923815
76050694
76249600
7920121
7941694
7945349
84197301
86230554
86409310
89847752
90774850
90984628
9611544
100271302
100529886
100546846
100551196
100554403
100555985
100558027
100560165
100565363
100568201
100568933
100667474
101312577
101372006
101382919
101650854
101892263
102419311
102502214
104411213
104915348
105644079
105644649
105951109
105966332
106017941
106504819
107422947
107720792
107739127
107848089
107953270
111530546
111589400
111590134
111600684
111619417
111631285
115699256
115744463
115755075
115780971
115784322
115820982
115822713
115853623
115870232
115938835
115949378
115950563
116009345
116019711
116303984
120823291
124357085
129001524
130229484
130240658
130248443
130571022
130847385
130876852
130960859
130968289
131575881
133757097
133949304
134005097
134114327
134495522
137302287
137313601
137327254
139067096
139123095
139395484
142798535
142899172
148356193
149099715
149914894
150367279
150416291
151992619
1541873
154627806
154631260
155436742
156823991
158303903
16654534
184198
196665
20358995
22120433
22128167
22130876
22133939
22135170
22220047
22424548
22450276
22576030
22864749
23024905
23476484
25131267
2632709
2647521
26870315
27139873
27140473
27171468
2740832
2826644
28540102
28611457
2869687
29271156
30475461
30483847
30875780
30926681
31782784
32169101
32963234
33770760
38183832
39595523
39955419
41017073
41195892
4135523
42243322
43645967
43653231
44263983
44741435
46866097
4706840
4744877
47736161
477905
47792361
4781203
47956802
48090988
50481348
50531576
50667837
50765634
50856577
50873080
51111054
5430042
55162785
5536544
5564717
5602166
5668038
5683674
6119302
61608337
61623473
6380264
6388842
73075373
73114023
73324387
73331680
73445802
73710616
75117824
75309640
75382006
75429875
75476015
76797731
77003774
83509244
83591304
89851169
90706379
92100330
92102028
92248397
93650501
99522413
99524152
99863641
99871810
99879815
100577116
101981785
102107541
102286491
103809687
103872237
103889591
103945562
104233289
104429695
10486142
10488787
10520560
10531140
105670608
106714361
10671521
10672175
10694263
119018654
119036597
119038207
119061415
119085742
119090417
119092445
119193150
119424926
119427066
119521028
125003142
125281081
125675766
125710986
125718671
125719649
125928936
126079663
126295518
126491732
126506957
126512931
127515978
128933310
128989178
129007299
129050759
13031469
13058101
13070241
131344113
131360382
131497400
131525906
131584536
131606761
131609849
131985984
13268336
134621522
134735567
13531931
138230437
138268364
141536908
141543155
141667808
141670133
141673688
141724978
142100841
142105885
142116498
142158670
142229151
142306048
143778137
144373054
144983376
145094309
145157840
145205185
145469223
145951444
1681673
17216187
17252614
17555939
17563045
17571608
17824247
22310983
22511398
22606842
22618325
22900247
23005632
23074827
23076745
23089781
23091159
23137070
23234749
23267126
23324855
23441783
23674768
23711864
26179316
26364515
26368796
26371192
26522013
27588374
27589610
27633282
27687662
28315296
29520427
29550743
29578470
29650629
29665663
30059833
31083505
32311295
33490397
37491971
37497868
37775169
38504046
38771533
38781559
38914168
38993796
39014673
39016053
40078165
40086052
40095518
40135400
40141594
40149296
40299891
41177872
42183952
42186108
42229196
42274596
42389347
42816995
43067166
43214909
43950568
46971323
48428286
48588534
48599989
49505486
49515346
52974099
55228088
55401845
59609928
59627756
59669975
59670930
59917109
611880
620294
6408046
67596924
70560081
80844457
81560038
82054623
87589599
8977077
8983310
9034836
91055845
93590836
94998811
95017297
95040741
95323548
96350174
96750415
96762791
96774416
99907322
100057242
100488871
101233235
101235607
101623249
109446720
109952746
111709362
111710688
111712633
111817800
111829647
111871600
111916810
113728575
113754609
113760150
113863198
115022979
115212224
115286123
115303114
115305063
115313013
115321659
115325489
115390336
115395620
115411554
115422271
115456202
115755431
116023667
116027290
116036038
116581129
116696500
116700835
122644892
122694475
122722785
122733276
122737400
123127976
123156129
123171873
123369973
123970457
124050431
124618133
124623561
126016148
126194889
127326796
127461959
128463836
128851186
128924425
129323151
129357960
129363853
129380826
129536811
129565900
129569520
129605071
129637611
129640236
129646753
129656289
129684529
129718885
129721307
129807896
129808761
129896405
129901702
129961454
130689936
130713528
130941917
130943318
130948688
131215567
131290480
131399442
131409383
131770800
131783585
131855568
131876104
132292028
132318604
132711604
132712663
132827659
133079750
133143204
13320426
133500516
133521352
133579207
133592534
133597682
133599946
134991350
135314342
135828503
135879802
136372315
136424397
136466473
136487665
136676321
138150345
138553845
138662959
138742096
138804894
138958617
139097588
139100658
139254538
139315794
139367826
14086109
14189125
14228106
14310273
15140699
15239044
16695057
17124801
18228226
18320735
18480517
21674706
21826357
21999028
22093258
22138071
26882200
27107611
27119249
27169561
32374278
32385411
33014943
33096756
33150972
33162049
3322749
33318963
33496494
34116558
34168641
34448331
34486152
34636524
34982228
34991587
35101319
35104076
35105654
3515874
35325062
35899214
36092325
36153131
37927853
37943089
38015785
38025829
38028405
38134371
4652027
5440292
5489908
5499466
6542598
6547808
6552782
6554161
6556331
66572804
66991036
67908207
683235
70901749
70935269
70936317
70985160
72218212
72243151
73451835
74936981
78179922
78219451
78220436
78376311
79226271
79651931
79802684
80818503
83401663
89314713
91115310
92840102
92862378
95968721
96731111
99313126
99366368
99369877
99944181
117234188
122786500
128584287
129047156
129080049
131178902
13215809
133583938
133679850
133952527
134483008
135100949
152406530
152846556
153259981
153609377
153619480
15426604
15439670
15493033
27493801
37059709
39480268
39499612
39506377
39652371
39713783
39892830
40391576
40611352
40754317
40828487
40982782
41076903
45249368
45365714
45367167
45441820
45551116
57944109
58577939
61634375
61755853
64737611
64814354
68155249
70772772
9390876
9810614
10629745
10631002
10635051
10641251
10645734
11924294
11925751
11927078
11929632
11939393
11941303
11945215
12379279
57395323
