101530110
101757123
101794015
103598563
104149636
104363090
104379893
104394466
104526517
104533600
104981343
105508010
105562657
106019067
106049388
106089107
106089970
106093169
111640123
111685161
111715730
111716956
111717629
111825605
111832082
112055210
112148847
112149617
112164551
112197409
112248302
112251343
112262554
114700203
114702037
114821589
114823943
115431017
116142558
116255427
116257135
116404115
116435069
11762410
11767202
11767647
120504923
120952933
120957397
120987874
121021590
121056574
121120357
121145126
121151937
121642466
123862876
123866204
123891195
123933437
124060726
124244748
124254493
126736575
126837527
127720785
127728717
129571370
129634113
129637467
129680307
13757328
13768716
13790046
13795397
13917285
13948765
13964918
13976911
14028319
14067291
14072915
14156966
14642747
14730761
14865265
15712708
16939088
17051090
17078581
17079257
17089231
17112156
21660018
21666394
21694267
21699141
21826552
21849160
27483523
30112817
30113785
30133694
30136820
30187781
30225302
30276726
30357716
30371191
30378413
30392515
30517490
30973901
3104105
3119900
3128656
31328638
31340680
31430459
31978294
31979405
32027708
32037955
32307433
3273172
3297066
33310232
33312821
33579142
34609843
34855910
3488618
3500759
35525060
35777046
36502769
3787614
3819222
3842728
3868433
3884062
3885562
38912350
3893791
39160702
39161636
39178366
3922716
3952362
3957033
3962301
4076815
41699444
41701079
41718898
41720146
41720591
41850421
41850832
41851263
41852138
41852783
41854937
43509663
43523560
4386666
44794857
4573932
4804331
49242407
50418095
59699475
59712943
6027011
6028347
6054133
61814910
62258246
6240094
6246183
6253260
6254555
63561065
65060258
65142580
6803873
6812827
6820790
70151246
70554093
70891661
70898901
70909696
71250323
71297282
71892857
71931197
71939418
72172845
72263347
72702791
73197822
73199578
73281314
73646288
73704191
73728209
73751004
74244618
75267314
75317967
75329630
75337222
75362496
75396590
78822963
79766390
80187115
80404943
8052647
80581832
80589399
80590153
82203853
82218157
82260002
86092075
88622992
88709454
90733831
91028362
91078250
91451541
92671561
92681526
94441099
94446143
94506619
94507313
94562167
94566463
94572461
94589811
95188808
95195693
95209055
95218744
95226069
96999846
97003141
97010773
97023763
97084805
97111187
99293537
99646080
10015641
100682811
100835798
100865082
100947255
101481245
101537261
101541632
10193148
10413581
109161177
109420395
109542108
109542862
109854760
109958213
109961975
101760157
101829150
102136763
110222078
102372582
110240594
10271991
10283392
10286580
102985783
110324352
104423454
1063813
107198013
107217063
10787995
109468940
109693765
109739567
111112621
111313167
111496799
113539076
113669873
113671438
113672645
11548405
117617683
117653689
118302229
11956010
119767640
119777101
11995873
12058774
112078489
121426617
12145634
121565671
121573447
12161233
12198494
122092243
12228195
122438836
123350169
124135592
124329344
124567746
124663067
125525276
125528432
125529811
12652883
12672387
112733220
112738241
112739084
127556488
127570873
127616121
127704790
127710335
127873137
127877544
127951511
128069498
128081718
128085326
128094482
128204085
128284031
113045542
113049800
13084120
13089590
131447748
113163710
13317672
1143638
116701190
17056199
17186269
117256659
17330215
11789099
18300687
18362342
18374611
18567333
11891546
19059233
19066248
11914120
19349125
19420880
19655060
19658833
19691440
198971
19839748
19843172
119976644
119990431
121057653
121185098
121187121
12126859
12140286
12144936
22808328
2359214
12417262
12461219
12463763
12532949
12587501
27194757
28812259
2907279
29098772
2911811
2923552
1300916
3028102
3035614
32067122
32069444
1325044
33454384
33670717
33679406
33700048
33714841
33915879
35014532
35145227
35775368
35776890
35981464
36128371
141481199
142124449
143644043
440539
144094562
144164494
144254702
144286889
44544086
44602711
44630440
44796874
44803164
44933735
45004856
45637176
145733731
45825821
46099886
46471543
146608629
47199044
47373446
47386763
47387616
147490869
47884336
148398347
148818519
148844142
148851174
148852999
149298967
149346359
149522032
149586835
497578
150232031
509148
51448090
151775581
151784646
151807985
151848731
152029984
152120505
152207273
152224842
152422610
152724710
152732794
152736512
153212414
153241598
153324561
153375650
153406449
153412636
153499134
153510175
153561081
153799846
153885418
154177533
154198957
154204565
154207676
154257569
154334365
154338042
154367187
154398475
154449853
154453393
154575352
154694014
154735696
154742055
154965648
154978016
154984031
155052199
155065464
155133438
155144166
155282671
155375308
15609090
156256505
156292782
56847069
56849528
56931050
56981688
157252353
57302411
57303061
158016276
158018088
158147181
158499312
159422132
59693943
15991448
15994877
15996293
15997226
160199298
60311660
60313198
60366303
16047292
160778663
161383829
161404922
61492415
16152280
61529068
61549996
62078064
62081022
62101953
62123612
62126295
62316250
62365111
62365978
62380406
62406091
62414407
162948983
63303625
63363354
16339023
16375365
63793063
16388505
64303328
64334879
64441685
16448223
16449347
64646602
64786478
64815267
64895601
64907283
64910929
64944418
64947629
64996637
65002190
65005957
65012522
65015483
65016352
65017476
65021993
65083341
65085318
65164862
65416320
65424920
65539930
65860981
6597564
166039726
66068280
6613902
66141575
166415507
6673531
66879123
67088030
167958300
167976350
168017538
68201985
68415557
168768436
68845735
68877186
68974190
69163518
7035048
170558466
170769147
17104740
171143518
171154248
171170376
71335331
71869462
71872950
72021588
72183062
72575270
72710984
72724546
72766547
72774889
73168646
73677250
73708401
73710990
173772547
173834157
73910409
74144037
74532248
74550635
74670099
74715168
74738815
74745882
74775143
74776831
74777735
74788538
74852581
74855496
74857888
74912287
75355933
75770147
75833859
75991765
75999866
76016742
76019682
76054410
76055607
76090057
76213319
76274606
176580936
77209915
17753848
77739915
178051456
179372436
179389141
795795
800141
181075941
811663
181504222
181508771
82263121
82273087
82289951
825402
82461057
82546152
184712427
84873046
85563541
85873652
85904887
85967349
86021982
86205601
8650151
8661014
19112912
19122073
19126381
19127333
191295974
191358016
19156228
19282564
9342961
93515432
94106030
94299874
94306980
95529492
95536096
95580935
95616389
19648757
197924281
198312273
198390396
198906090
19965181
199687096
199725586
199730621
199739820
199872902
199949712
199976895
200086138
200825468
201526671
201557157
201559172
201561824
201862880
201875049
201910364
202340548
202653677
203521252
203534947
203537709
203780179
203834062
204169980
204701263
205445446
205496479
206088761
206131612
206133245
206182108
206204267
206342542
206415250
206441683
206443765
206452242
206460315
206461330
206477000
20694443
208024920
208080355
209611899
100809764
10143130
10256464
210275429
103399314
103522712
103876717
210407521
104385851
104404000
10686148
107539542
107618274
107650427
10766392
107745163
107756874
107757997
107769135
107771702
107773131
210849686
210877323
108822720
109621100
110319885
110322007
110325867
110351521
110352533
110361087
111225732
112145600
115166547
115379001
116609630
11718706
11746112
11764472
11811012
11884916
11908649
119154252
119163243
119172874
119177609
119180061
119215632
11930395
119600797
120018083
120113030
120133354
120137131
120199639
120552479
120671509
120762027
121474516
21221922
122284139
122635287
123284573
212343394
123431181
123432949
123504791
123547989
123569926
212364953
123677259
123702947
123706891
123733197
123739490
123745992
123764587
123771685
123778315
123792027
123796973
123968252
123979357
12484351
212645344
212810831
12847798
12884496
12935900
131409785
131414950
13143572
131691182
131695969
132043311
13250947
21454703
21462373
21477965
14887934
21522814
21530239
21538747
21568004
1586033
216624039
216721040
217570086
21774013
21784643
21786805
219117270
219119375
19620504
219634824
219679762
19728249
19789460
21979955
2201080
220072443
22101870
22114765
22116270
221321705
22135038
22143940
22146449
22174238
221962367
222026774
2222650
222423754
222758298
224064904
224915422
224919531
224930085
24993791
225069852
225076141
225606063
225612435
225683584
225686568
26319591
226340674
226342708
226418068
226420607
26693208
26749727
26831742
26901979
26915467
26982846
27375951
27505378
27568829
227761693
27866864
228307617
28814959
22902351
229024983
229231434
22939185
229598491
229625263
230030975
230174281
23031510
230345146
23076422
23088508
3103022
23120602
31551661
23218684
3226249
32631055
32799602
232815432
232925010
232947022
232975111
233047184
233122056
233124669
233177685
233182340
233187211
233200357
233558247
23377350
23396424
234147774
234232173
34264099
34738394
234762057
239706090
241486143
24151164
242584069
242666614
243094727
24489439
24494330
45052111
45053291
45064309
45111065
45112298
45119367
45154176
46434153
46501542
46577179
47397181
47563056
47811063
47869495
48328035
48344109
48345754
48379730
48464592
48523411
48550036
48640299
48792459
48882662
24929998
24953770
49705185
49919104
50052025
50073058
50424881
50435066
50435645
50566387
50578049
50579764
50592631
50653432
50690671
50713639
50750392
50807509
50872853
50896571
50897627
50924731
51605749
51686658
51730555
52939493
52961034
53092023
53102348
53109160
53113350
54509987
54654383
54798535
54902383
54904589
55246211
55310676
55317311
55669046
55671990
55766941
57528701
57605670
57722248
57803285
25856635
5944815
595500
602256
6047309
6055077
6073321
6104791
6120915
6125450
6138293
6147718
6151929
6175628
6180021
6260178
62596957
62779084
62779913
6304703
6332598
63349996
63353389
6363836
64329607
64340264
6450676
64629226
64982962
26502433
6515105
67086585
6733316
68040596
6871078
26892653
26895524
26924494
69318025
69326476
70520196
27192903
27311802
74010501
74387387
74405421
74658943
74712483
27630931
27757163
27774918
27831192
27972597
27989222
8201139
87816116
87864980
88003773
88081072
88265087
88289369
88292725
88294334
88395617
88866173
89172105
89246580
89249553
90953251
91457710
91664738
91672760
91934343
91951071
92030180
938576
94036725
94136211
94523382
94556001
95012596
95062281
95083970
95138234
95173580
95345707
95354802
95364594
95419759
9712212
9819626
100901488
106370467
106901810
31070111
109676979
109683973
109716728
109770997
109792534
109838476
109859145
109860960
109863402
109871658
109876281
109883844
110164197
110321092
112319592
112890029
113548738
113636753
113789028
113820152
113849727
113853001
31812739
31818253
20547472
20551157
32193335
32194713
32311789
23983980
32460783
32481073
32485646
32488994
32505811
32588000
25884995
26655816
26667942
27802372
27808851
27881126
27937436
27939714
28003752
28131544
29152135
29837907
30090249
30518250
33172597
31736983
33219855
33227824
32598691
32659593
33628904
33629545
33585562
39249126
39258709
39365430
39425454
39555276
39588638
39666944
39786452
39913843
39950579
39959239
39977163
40013105
40031162
40062314
40154112
40406314
40413654
40415418
40422235
40431293
40454363
42367266
43709969
43715808
43773948
44391000
44405588
44813027
44887394
49807426
51056809
3518859
51866524
59004183
60044970
36538586
36562174
36625364
36626381
76789004
37713178
79409231
38239900
38377164
39346825
39417168
39422936
39430841
39432885
39556981
39630734
39631543
39637401
96707008
96766247
96778980
98307645
98361596
98423288
98513266
100609803
101484674
101508842
102191852
102602912
102612263
102654814
102669931
102870800
103165625
103673993
103973878
104274151
104290748
104511088
104626107
104732136
41114674
41141051
41170756
41242325
41340897
41724630
19881716
42139672
42140886
22076079
22086460
22125661
22391026
22516374
22586432
22841144
23654296
23782112
23836198
23852616
23971252
23976121
23982074
43005802
43055603
30803002
43180405
33456319
34190175
43446351
34521807
43470927
34876752
34924184
34938771
34952488
34953866
37795725
37796790
37905766
49171382
49430051
49653241
49873141
50205890
50214484
50353596
45039394
50847292
50933323
50983639
51071653
51084212
51562657
52328712
45250623
53427564
54187894
54189594
54199683
54221504
54223574
54228448
54985103
54988379
45578892
57619492
45782604
58873012
58943486
60640899
60715725
61013744
61101615
61135911
61146361
61232959
62692778
62741858
63151912
63178776
63769816
63982383
64191086
46421971
66950991
67976469
68032155
68087380
68089467
68090161
68106871
68114740
68233047
68308609
68330436
68472878
68477034
68488056
68503913
68542710
68571898
68575620
68586652
68589022
69253707
69256517
70442199
70856958
71229509
72180423
72216081
72338352
72997669
73280388
73293720
74120095
74131828
74154154
74155616
74157719
74186699
47450607
74510237
74525047
74539534
74742393
74794070
74795961
75404443
75407958
75522158
76120913
76256856
76309445
76487556
76491281
76493256
76498375
76565568
76577544
76578800
76591912
77199736
89933359
89946060
89953372
89964514
89966404
90023505
90149447
90340292
90757378
90758762
90906347
91996419
91997676
92077163
95019980
95032118
99132635
99141176
99156625
99293122
99679310
99896683
99912852
51542855
51553128
23213270
29104320
33770634
34508150
35164546
36148949
36897803
36903263
36909078
36924121
36974524
37159377
37208398
37210967
37310542
37328252
37443630
37445032
37515478
37662334
37704727
38128836
38160857
38423522
38873385
39010592
39062989
39570247
39871156
39974995
40000122
40006587
40010413
40020492
40027714
40037288
40037900
40970538
41993285
42507630
42617160
42809221
43536554
43720456
44169395
54446422
54574430
45746058
46482778
46646703
46752266
48434956
49200960
50072987
50099553
50195928
50563660
53977516
54073322
54120683
54127293
55525895
55417980
55549313
55635223
55641323
55672003
55865876
55869521
55900190
56538358
56538933
55667948
56850946
57375201
57380139
57452713
57769134
58450460
58451389
58473217
559982
60167868
60204805
60205843
60218009
60254096
60974878
61176923
61938650
61989789
61995926
62063002
62070352
62147242
62151200
62950075
62957146
62973717
63065187
63912705
63982119
64697500
64730403
64737750
64845901
64883014
65036103
65093728
65105490
65183946
65189679
65202199
65205480
65214524
65222510
65227091
65230327
65245767
65334345
66445652
56650563
56656886
66623530
66681512
56696623
67234625
56816983
68177531
68179413
68222725
68231928
68936733
69375149
70309297
70310221
70317224
71763972
71766512
71776903
72036549
72465907
72513833
72605905
72626070
72731144
72744013
72857149
73110200
73127062
73170104
73184793
73188327
73705522
73727529
73774157
74391071
74984953
75267849
75500057
75575556
75576616
75586498
76070380
76162229
79119009
79172259
79177691
81552517
81568759
81572824
83257066
83509422
83752543
83758089
86994215
87242524
58812430
88364636
88379035
88502729
88510762
58857104
88606599
88688138
88732727
88752005
88752530
88994860
58994131
90414234
59053858
59087935
59094270
90962306
59122553
59132316
59142607
93189684
59323021
93645733
93647507
93649465
59367550
93710430
94701784
94703405
59511182
59535515
95912067
97088714
97161784
97811127
98066827
59835188
99071539
99257624
99260577
99463440
99526506
10943208
11203714
61150596
11634425
11744601
61199988
61201959
12408000
12464574
12645995
12648613
12678138
12731446
14044458
14488633
1523958
1533965
1538638
15592710
15962909
15998556
16000334
16023977
16043259
16122946
1712593
1955204
1962162
19637347
19724247
1982763
20824267
20830661
2151002
22111996
22125556
22216550
23053537
23342975
24458599
27154916
27157338
27177697
27205710
27251400
28870043
28893727
2902120
29181073
29184477
29185986
29188690
29191415
29725075
29740308
29892887
29896248
29972122
29972689
29984858
3012768
30271340
30319880
30504958
30667427
30876812
3092576
31099155
31379174
3140830
31796750
33861096
33863521
33865553
33867424
33871792
33872652
33930423
63985137
4262149
4264322
4306084
4319287
44944485
44946892
44948996
44951298
44952127
44954420
44959527
44964650
44974985
44984014
44984786
44985629
44990438
44993215
48355683
48368167
65102843
65137222
51682858
52107176
52110909
52295852
65241274
54091744
55202875
55902646
55909020
55927276
55982852
56008905
56402129
56485820
57010535
57048140
57051194
57637401
62967
63594244
63616930
64250419
64273379
64374926
64949486
64953048
64969722
66509882
65109227
65333526
65465086
66570811
66572194
66575190
65850370
65869683
66252742
66265426
66311083
66576710
66829565
66744841
66766375
66772739
67814034
66782108
67816922
67922353
66802310
66803151
68074416
68122481
71566144
71645373
71660856
67169003
73603758
73604442
73679222
73839842
73846975
73881131
73888407
73932753
73934407
74142217
74186355
75349
75890618
76167117
76177776
76183184
76186089
67802992
67829029
67857364
78618972
67865217
67913574
67923820
67925277
67939505
79524647
79997361
79998771
80002444
80070457
80204465
80208322
80278360
80287098
80493564
81230167
81245457
81246857
68127539
68128552
68136295
82544567
83140728
83194923
83205626
83398132
83514381
83736210
83752097
83756295
68413473
84145641
84155244
68416607
84390919
84934840
84979012
84988502
85256601
85271645
85332960
85410554
85416588
85428357
85493311
85718740
85771482
85819042
85979961
86027745
86056329
86173320
86555002
86826705
86830221
86831660
86834412
86837225
86907551
87375449
87555425
87556257
87571421
87920460
87924593
87957846
88099795
88294438
88516008
8852253
1338762
1427730
1440702
1495978
15250601
15289385
15292451
1565760
1567885
15811277
15844046
16330873
16996442
17538659
17555679
17664135
17684841
18908064
19222419
1935714
201027
2023018
2028021
2043197
20780087
21249793
2154263
2186881
21945034
21948084
22185905
22289746
2247528
22695663
22705691
22736257
22798476
7231235
24242334
24303886
24967057
24991187
24992071
24993050
24994887
25035063
25078499
25096446
25112894
26913442
27074202
27105904
28156511
7282474
7283117
2854710
29590556
29592847
29594638
29595070
29609722
29610736
29734093
30415250
30502625
30725410
33259127
33835171
33862567
34309536
35390957
35509477
35511428
35521843
35943579
7362573
36902956
37188080
37211717
37541591
37560846
37718167
37794757
37813528
37814016
37923480
37932080
38404089
38577289
38578145
38737989
38822479
38964075
39022278
39043348
39079613
39101311
39529231
39657013
39712999
3993330
40526206
40568752
40581941
40727018
40750867
40771924
40775335
40805359
412769
42569168
42622085
42658217
42673057
42695666
42738261
4350422
44342462
44436824
44449742
44693382
45110772
45120840
45460445
45480304
45573630
45584866
46299239
4722762
4785011
4793297
52346849
52348642
5264660
53301548
53306257
53311803
5371220
54064333
54091856
54539285
54858391
54860764
55052324
55187125
55189046
55219182
55261937
55270650
55602571
55824477
56006196
5604188
5670964
57498282
58083918
58159717
58852101
5905752
59054547
59107439
59205553
59348546
59416633
5943217
59448406
59528590
59746722
59763547
59789092
59794534
59818333
59839624
59933778
60050502
60089303
60107020
60156988
60159832
60169057
60203820
6023696
60402370
60582125
61282184
6171506
61894016
62976841
7632246
63480646
63810418
65617690
65618642
6631073
6874233
6905097
70596167
70769653
7084101
7095247
71192753
71208659
71215364
71293108
71362357
71380945
7151836
7173948
71880429
72001447
72618169
72624691
72626742
72629903
72813267
72831041
72898008
72929502
72932239
72953872
73832999
73865288
73892203
74100545
7417397
74225067
74244836
74370377
74381928
74387890
74442568
7532619
75997567
76350361
76378340
76422010
76445238
76490501
76516517
766283
76856336
76883966
76918327
76984049
77008259
77094588
77144754
77214822
7733601
77412997
77478217
77529194
77849867
78088188
783806
78397012
78418373
7996825
8017847
805238
8067453
8204259
78243284
78314295
78340438
8476534
8525791
911388
9230802
934234
962379
8030823
8060252
8073401
8074068
10260619
8104357
12286802
12298457
12368015
12874509
12981628
13455215
16765943
16767816
16768382
16769224
16770350
16772340
16774496
17764820
8180776
18232801
18266970
18302442
18386170
18502375
18524071
18767469
19065671
19137600
8195067
20666172
20709661
21109933
21133323
22060763
28848445
3005635
30813575
30875615
30911032
31297553
31312980
32276295
3238042
35804517
3586470
3587157
3593937
3615439
3656253
3701363
44561962
44571255
44683134
45445301
45466426
45504539
84745172
84839498
84843064
51146992
51156525
51206597
51320642
53493668
53598917
53603166
53622090
53638764
5446021
5454250
54608102
85536958
85546948
85552601
85561482
85569832
85571789
55718743
85582453
85583107
85609775
85687093
57425465
58269740
58696081
59789431
66240741
66855543
8670169
8686496
71118435
72909067
72913298
820820
8841361
8856738
8720851
88922674
9064078
9092993
9394998
99842
9867723
89948528
10166929
10240999
10287934
10307013
1046717
10538209
10540993
1064975
10752501
10932898
11064906
11067137
11103082
11111201
11114811
11115336
11241607
1125595
1126679
11318464
11347054
11407682
1165731
11711354
12653810
12694917
12747702
12750510
12762638
12910824
13063805
13124169
13135696
13139966
13704243
13760090
13809407
15238069
16230793
91625880
16263077
16265777
16288766
16300578
16419084
16544575
16810458
16844350
17080151
17264906
17277989
17525898
17527561
17973266
91808305
1827488
18346796
18432370
18494635
18534357
18543839
1856525
91876228
18957741
19164894
1983887
2002775
92046003
2103220
2118763
2191344
23370413
23975720
23976149
2495028
2498199
2572262
9286128
2902200
2934644
2987033
9301187
930964
32425896
32426795
32427244
32428962
32429954
32431370
3327408
3402506
9365964
3661833
9383629
9385280
93864123
38978939
38993129
93905466
39067339
93918737
3922555
39453356
39502902
39515528
4015375
9418978
9422065
9424700
94277163
94283177
94287383
94305922
94308186
43089868
43182382
43186837
94330946
94333908
94339731
4351891
43518624
4353670
43557646
43570997
43830389
43838020
43849234
43850241
43866946
43876761
44045484
44524878
44574124
44580543
44593353
44618752
44628425
45546586
94558220
94564226
94565878
4586016
45997116
46016719
46119324
46326069
46494835
46521785
46572096
46599752
4665148
46677343
4668976
46730241
4675250
47272495
47438961
47465403
4764505
94780861
48791492
48792755
48897802
48961744
49802628
49839440
49887825
49890350
49914945
49938200
49949962
49966111
50041628
50086201
95022156
95022901
95031514
95034464
50407592
50593831
50598998
50651731
50793975
50811429
50828037
50913222
95093615
50926392
95102596
51151702
51484769
51494465
51912648
51922686
51926935
52046308
52056001
52309125
52372241
52428297
52439681
52453008
52470275
52925792
52940939
53319563
53559521
53620276
53665131
53814845
53922080
54064126
54187737
54556900
54559083
54691645
54785894
55579590
55706694
5574336
55920479
59215759
59673066
59676738
6012318
6013777
60462788
6062039
60808812
63723371
63779228
6480330
6689362
734790
740841
7766966
98284047
8307951
8312108
8326985
8338739
8395242
10102229
101500803
101503672
101742456
10228384
102288518
102344546
10356068
10382212
10463543
105377091
105857013
10606684
10633930
108537251
108563037
108571046
108577434
108620574
109154800
109221899
109315981
110265198
111597543
111637542
112449691
112529788
112550355
113101873
113269328
11461868
118432045
11888142
119719535
120119983
120294706
120714377
121389771
122005365
12213674
12723523
127539538
127558253
12760870
127628433
127882845
128134220
128135733
128838584
132730014
132731331
132732237
132733897
132736835
132740957
132744522
132748403
132751688
134292670
135158320
135392980
143347764
144824914
144832460
151904486
151928886
152970533
153283090
15698160
15767219
159281242
159502221
159563749
159596322
159612207
159618297
159656510
159662027
159722596
159851090
160180817
160526228
160604739
160640408
160770917
160772449
160773269
160776621
1608713
160807051
160945716
160997978
161642978
161700410
161725986
165349596
1691126
169559073
169566433
1726329
172826756
172856279
172861213
172881960
172885334
173266472
173504785
173536302
173541558
173569249
174163855
174613200
175571745
175577672
178320155
178852701
182364868
182384562
183289420
183697466
187059750
187148810
187427435
187457975
18766199
187876014
188127655
190916708
191553630
191587607
192429858
192440526
192500899
192502989
192549837
196852018
196904564
196905434
196908625
196935571
196937894
196938583
196973820
198073326
201360988
201699022
201703090
201704420
20205142
202225955
202228625
202269835
202890932
204258730
204688039
204895839
20511655
20514434
20519714
205771466
206285946
20657295
20659556
20697958
207717121
207737913
207740360
207904238
207968374
208123415
208190663
213417473
216009995
216101987
216285047
216345342
216414891
216421381
216474307
217851086
218390008
218461549
218476140
218790260
218791099
218889897
222074815
223282880
224298914
224516952
224975366
224980875
225376125
225411068
225522325
230982857
231339959
231367913
231755409
231761049
231938465
232186033
232235762
232889083
232889699
232890376
234060660
234273919
234777094
234819765
234996088
235397745
235454575
236085584
237108845
237216538
237402109
237450051
237513793
237521149
237586317
237702115
237865267
238248658
238260567
238274438
239000733
239543739
241580319
241903571
242150369
25048697
25175664
25328310
26079864
27128085
27136325
27289018
27783078
27848459
27876017
27997235
28032050
28179319
28352108
28353075
28432940
28486118
28660952
28687350
28698345
28726895
28768655
32871507
33187773
33289519
3506937
3562287
36052779
36436675
36438475
36453089
36458016
36487793
36528422
36537748
36540765
36542683
36566585
36567607
36623527
36630350
36642796
36644213
36646802
36649856
36736748
37697622
37738336
37936623
39575972
40516135
42442526
42961703
42962868
42998804
43100072
43140607
43167814
43207304
43259980
43300886
45350151
45894565
46148799
46154627
46357051
46358686
46396531
46780335
46895693
46936450
46948011
47116016
47167100
47257716
47306455
47987853
48395507
54477190
54497598
54580720
55131584
55178744
55698985
56073536
56090201
61552202
64410932
64485399
64779769
65124273
65137836
65138567
65447704
66655764
67952988
67998541
68832730
68892655
68913561
69127333
70223735
71573233
71581467
74535761
74538951
74924513
75584370
84976135
85256841
85345461
85351248
85676582
85847488
86118337
88708971
91318521
91320380
91639866
91645258
91654459
91655057
91660815
91664639
91670236
91681666
91684335
91687354
9293712
9309560
9318905
9345722
96295921
9689039
96896486
98482279
98710684
98741518
98782454
98816903
98893125
99319726
99320374
100174067
100331205
100745122
100746829
100861926
10191323
10241930
103283826
10369648
106568831
109159051
109161704
109190368
109208847
11163062
11216568
11218835
11224751
11242919
11306423
113053767
113119266
113126600
113134835
113299393
113576396
113593362
113764117
113807331
11396666
11409331
11494671
114949054
11513134
11531197
11660620
120496673
120552121
120829751
120904790
120971710
121637699
121640971
124278498
124787245
125009887
125932108
125974428
126039600
126081073
127332063
128113987
128899547
129751549
129756059
129757951
130363461
130480619
130642250
130692335
130809145
130818822
130821423
130826132
130829337
131948568
132590299
134743332
134772267
134775497
135147081
135179603
135571310
135575676
135576891
135688012
137954445
138095779
140117589
142533663
142569205
142570598
142616787
14427584
144504862
144645964
14470062
147364468
147475915
147509664
150426184
150541144
150800133
150810486
150817078
151572707
151609656
153521083
153529714
153531993
15618690
15652309
15654494
15655651
15664735
158561195
158618959
158630602
158734387
159873369
16067942
16077287
160964427
160976510
161054003
161062537
16126854
170077289
170419157
170655707
170697323
171890280
171928137
171954633
172011161
172012232
172989622
172993269
173011232
173026365
173062091
173064308
173066166
173075819
173338941
173341701
173343578
173354445
173518913
173668179
174058210
174940692
174947214
175093392
178546474
184486997
184756686
184781623
185500063
185539460
185649918
186933709
187025886
188072378
188133665
188213696
188938925
188946462
189464092
189640150
189708349
189759249
190085413
190102212
190151818
191109549
194020104
194093855
194158737
195181479
195204695
195241628
195290593
195407236
195412970
195466643
195470744
195472115
195478630
195507248
195781687
195836046
195888174
195941928
196070130
196087427
196133308
196217428
196231779
196282820
196305936
196320976
196350468
196353514
196354974
196363353
196364810
196367528
196384881
196754689
197098154
197862944
198421469
198617909
198693803
198702008
20203130
23729620
27540926
27551195
27576794
29341256
30179788
30303003
30306523
30309174
30360544
30535408
30555751
30556756
30561988
30698890
32439189
33204254
33454419
38182248
39183210
39195657
39444357
39655480
40522811
40992748
42042454
42060383
42078716
42080008
42089150
42136417
42789906
43264016
43303229
43333491
43407134
43411297
43513668
44902488
45150658
45184404
45684923
46422731
46712752
46948469
46952331
46996427
47398244
4767687
47798749
4831537
48489976
48517439
48707640
4885882
49425064
49819232
5001264
5012104
5012671
50170135
50178805
50190191
50248987
50249997
5033763
50346917
50350427
5040506
52056937
52062358
52098032
52164138
52226851
52228574
52288094
52323201
52378034
52439324
52500603
52545948
53356928
56933366
56938179
57069884
57558884
57912866
57917802
58009505
58013833
58123079
58590253
62548963
64150368
64171443
64578235
64611604
64649252
64916315
66562474
66575838
66606124
69184419
69420955
69485790
69553277
71233336
71234712
71522491
71669426
71715773
71790433
72431599
73242989
7326851
7363724
79004629
80865963
81893909
99932347
102332202
1028006
107132053
110987623
11154850
113224480
114609450
120244262
120659179
120666537
124484815
124973742
125063938
125127355
129712736
140442465
141378648
145720506
145723071
146153789
146642298
146687171
152173048
152337015
152368735
15292720
153247178
159148002
16431475
16469582
166881920
16947772
170818081
17191453
1828033
184494124
185695958
186997768
19804490
21391191
25068438
2718994
2728267
2777897
3078515
3094188
3264371
3341872
37365077
37730356
37869232
37915567
37997472
38241220
38345575
38352023
38934632
40857579
40912178
4321015
48636924
48846761
49347716
49354809
5086374
54627982
54643609
55682646
55739878
55808943
55831565
5805271
67949381
74746823
74789595
74814569
74818085
74819692
74825467
74861399
74956826
75117000
75181587
75189100
75194785
75202379
75242837
75777232
77026418
77971519
78090201
78151808
7838259
7859151
7860235
7896034
79701184
7987154
81378680
8281729
84041351
8446828
88185653
89425260
91035288
9705123
9717817
9726783
9728083
9734811
99766961
99823396
99869114
1043859
10538978
10567713
10605049
10644161
10649365
10655012
10786412
108774526
110876433
110894277
110916037
118667135
118668815
118688543
121333271
121417729
123961225
123969521
124015126
124914363
125787180
126248462
126352138
127235611
127236518
127294378
127324534
131454275
131569717
131624744
131629841
131659192
131752667
131753795
131783590
131790642
131830643
132230301
132327657
133735593
133915880
133916402
133926042
133932930
133941695
134102292
134572800
135984273
136834603
136924666
136928066
137060127
137939545
138188500
138264684
138844576
139057589
139128207
139671168
139672954
139683635
140881662
14090905
14092089
140918436
140920901
14092782
141073707
141177058
141196187
141199298
141210168
141284137
141311669
14159392
141641310
141655626
141657464
141905925
14196625
14207827
14210129
142233010
142234739
142339876
142342483
14253684
14258533
14318132
143550266
14502654
145180793
146092400
146764421
146844446
147743920
148333248
148495607
148572423
148649630
148659078
148694284
148812440
149857974
149872728
149878067
149987323
150440140
151031513
151032588
151047011
153550418
153647258
153839456
154218509
15564272
15663765
15674522
156871789
15904553
159621445
159647625
159823706
163066536
163120641
163132173
163221708
167587009
16789820
169076363
16977861
169851564
17049033
170811053
170956646
17133088
171366842
171715133
17172182
171803593
171806542
172075359
172077172
172108509
172118752
172131324
172221152
172233322
172239595
172247798
172376523
172416077
173248141
175802159
176688233
176814461
178979755
178983909
180005560
180006370
180583500
32229998
32349187
32480964
32636461
34563206
34622805
34752031
34754104
35894094
38500447
38504428
38882034
39461437
39563575
40725686
54318291
55200862
55455904
55472067
55508861
55543485
55674673
55682901
56766284
56768067
56768745
56773659
56826783
57112485
57164988
57169604
57351682
57417783
57578405
57792752
58875420
59100625
59122355
60646026
60654959
64530771
66161102
66161777
66192689
66336456
66395105
67330854
67777906
70919175
71473411
71543349
71640380
71785148
71884368
71892220
71931375
71936622
72148579
73128702
73459921
73875498
76023485
76050321
76119339
76120443
76122986
76151331
77407573
77837072
77855981
81738384
88156879
90612656
90644088
92721771
95769247
95770371
96297817
97674105
100859590
105260157
108099184
10831461
10856107
108986620
109165249
111995524
112112163
112442772
112466206
112643249
112645717
112659927
112662290
112664727
11316316
11319740
11327376
113305709
11341233
11345026
113531099
113565937
113923831
113924644
114060632
114077706
114082772
114191431
11424842
114283628
114332201
11527120
11759704
11762368
11875232
11879899
119600554
121800544
12398859
12409559
126269727
126282323
126302318
126307702
126309649
12646114
12676458
12694432
12701412
128847059
128872168
129853771
130047215
132427028
132495839
134539623
134541586
136957320
136973427
138060867
138092281
138128358
138138956
138169063
138174918
138231281
138235330
138246736
138956615
143056663
143190704
143209551
143210208
143231269
143265889
144553834
144713100
147277192
148384461
148510252
148727702
148789653
148804779
148815188
150081162
151046800
151399781
151400545
151404389
151409044
151431466
152458473
152679360
154796064
154846017
154976547
154995532
155001723
155013560
155552333
156145686
157658708
157856534
157877289
158103264
158351050
158361374
158368883
158373213
158399051
158973654
160034367
160035626
160043088
16005799
160068613
160323273
16447535
166676345
166890945
166932504
166947705
166949582
166974617
166978394
167017399
167827058
169865309
17141647
17815405
18472350
18479701
18495946
20512602
20563763
2070183
21061612
21724633
21743322
22062420
22250075
26502870
26705302
2796417
2927226
30143484
30592666
30693783
30763633
30767031
30793658
30797691
30821128
30823736
30825237
30828851
30877028
30881353
30890471
31170828
31618493
31623530
31729144
31812834
31814433
31903745
32048729
32254342
3228041
32469970
3270264
33044728
33325546
33375980
33396893
33399480
33494436
34312009
34320825
34349538
35100867
35121035
35446666
35544556
35570249
35802453
35808465
35996351
36203757
36325537
36427286
36517564
36726207
36756561
36904208
37039049
37210956
37316411
37318890
37320945
37334381
3753781
3754663
3758979
37706594
3771829
37772143
3819411
3829753
3857557
3858621
39502365
41613167
4196345
4199771
4237388
4296361
4297961
4304536
43129889
43706317
43792261
4404916
44254429
44297950
44313975
44323612
4553005
46925144
46952449
47069995
4721939
52397177
52485516
52490830
52495830
52510544
53322192
53332720
56016833
56688230
58882052
58882699
58887415
58887975
74347634
75924213
76051630
76250417
7921595
7942437
7945915
84197810
86231688
86410039
89848572
90775631
90985445
9612230
100272668
100531049
100547919
100553221
100555367
100557910
100558927
100561095
100566081
100568843
100570165
100668408
101313323
101372447
101383314
101651277
101892603
102419722
102502977
104412127
104915942
105644576
105645217
105951638
105966893
106018516
106505215
107424009
107721337
107739508
107848587
107954406
111530938
111589888
111590827
111601299
111620246
111631666
115699905
115745012
115755623
115782910
115785537
115821327
115823144
115854056
115870881
115940242
115950405
115950981
116010139
116020358
116304559
120823916
124357511
129001871
130229970
130241411
130249182
130571371
130847856
130877733
130961835
130969379
131576559
133757733
133949748
134005769
134115059
134496011
137303331
137314200
137328585
139067516
139123480
139396323
142798922
142899605
148357243
149100198
149915249
150367682
150417981
151993201
1542368
154629886
154632468
155437707
156824637
158304413
16655104
184959
197453
20359479
22121432
22128742
22131858
22134707
22135721
22220679
22425491
22451269
22576385
22865134
23025421
23476976
25131937
2633469
2648295
26871206
27140452
27141019
27171904
2741589
2827028
28540627
28611963
2870238
29271565
30475990
30485207
30876749
30927193
31783210
32169717
32963674
33771602
38184839
39596265
39956052
41017571
41196516
4136017
42243929
43646449
43655146
44264563
44742026
46866657
4707469
4745226
47736929
478523
47793447
4782273
47957281
48091538
50482259
50532764
50668486
50766184
50857017
50873710
51111510
5430732
55163402
5537383
5565568
5602973
5668716
5684205
6119723
61608842
61623853
6380931
6389485
73075791
73114777
73325390
73332598
73446289
73711298
75118547
75310644
75382698
75430395
75476797
76798119
77006299
83509789
83591766
89851512
90706895
92101261
92102719
92249177
93651209
99523147
99524864
99865611
99872435
99880832
100577492
101982507
102108041
102287953
103810526
103872994
103890271
103946178
104234121
104430660
10486751
10489601
10521514
10531924
105671031
106715056
10672114
10672587
10695166
119019252
119037371
119039076
119062531
119086777
119091131
119093497
119193503
119425862
119427554
119521472
125004076
125282110
125676600
125711516
125719324
125720271
125930062
126080262
126296058
126492494
126507985
126514524
127516563
128934013
128989764
129009292
129051701
13032174
13059096
13071141
131344546
131360840
131498016
131526923
131585013
131607248
131610142
131986476
13269080
134622133
134736305
13532279
138231276
138269156
141537616
141544512
141668645
141671097
141674682
141725540
142102272
142106616
142118572
142159094
142229701
142306688
143778658
144373694
144983858
145095044
145158700
145206018
145470190
145952103
1682071
17216899
17253590
17556541
17564127
17572422
17824955
22311357
22512611
22607336
22618869
22900832
23006466
23075484
23077875
23090912
23091502
23137486
23235678
23268478
23325263
23442818
23675468
23712367
26179753
26365224
26369299
26371691
26522595
27589085
27590005
27633881
27688108
28315763
29521165
29551466
29579141
29651189
29666267
30060640
31083850
32311853
33491094
37492343
37498583
37775870
38505195
38772304
38782444
38914734
38994486
39015170
39016504
40078837
40086566
40096280
40136340
40142301
40149882
40300348
41178615
42184678
42186842
42229665
42275190
42389911
42817972
43067970
43215294
43950932
46971976
48429117
48589331
48600574
49505972
49515786
52974476
55228992
55402377
59610671
59629280
59670806
59671559
59917526
612258
621491
6408503
67598237
70560617
80845245
81561180
82055300
87590374
8977466
8984162
9035470
91056272
93591420
94999452
95017727
95041184
95324159
96350862
96750844
96763273
96775450
99907930
100058072
100489590
101233608
101236084
101624297
109447553
109953719
111710445
111711200
111713682
111818778
111830331
111872508
111917875
113729005
113755106
113760777
113864152
115024025
115213020
115286783
115303963
115307375
115313659
115322917
115326872
115391029
115397385
115412703
115424114
115457965
115756789
116024463
116029738
116036925
116581892
116697660
116701290
122645509
122695476
122723316
122734560
122737954
123128909
123156715
123172683
123370626
123971206
124051029
124618955
124624090
126016568
126195376
127327155
127462435
128464315
128851645
128925355
129324351
129358559
129364459
129381561
129537709
129566617
129571196
129605607
129638901
129641578
129647656
129657041
129685279
129719580
129721999
129808482
129809125
129896940
129902662
129962569
130690727
130714110
130942733
130944100
130949105
131216207
131291286
131399978
131410077
131771606
131783957
131856220
131877576
132292524
132319288
132712152
132713393
132828153
133080722
133143561
13321082
133501492
133522242
133580525
133593084
133598668
133601175
134992101
135315420
135829212
135880598
136373008
136425083
136466926
136488460
136677331
138150846
138554883
138663635
138742649
138805889
138959331
139098084
139101481
139255754
139316341
139368409
14086985
14189538
14229091
14310650
15141528
15239606
16695696
17125222
18228628
18321322
18481053
21675866
21827115
21999662
22093616
22138717
26883002
27108213
27119641
27169970
32374929
32386573
33016122
33097671
33151966
33163021
3323224
33319578
33497341
34116921
34169186
34448950
34486735
34637154
34983250
34992083
35102028
35104623
35106493
3516722
35325550
35900079
36092802
36153891
37928547
37945604
38016772
38026249
38029143
38134837
4652541
5440734
5490533
5500057
6543205
6548642
6553624
6554880
6557615
66573182
66991513
67909584
683910
70902152
70936016
70936869
70985875
72219347
72243757
73452389
74937464
78180280
78219892
78220899
78376862
79227067
79652328
79803018
80818929
83402319
89315100
91116156
92840938
92863562
95969396
96731985
99313593
99366834
99370477
99944625
117234824
122787015
128585081
129047783
129081099
131179609
13216117
133584237
133680473
133952921
134483943
135101428
152407556
152847329
153260922
153609841
153620116
15427304
15440030
15493541
27494485
37060429
39481029
39500286
39506836
39653013
39714271
39893566
40392009
40611950
40755095
40829522
40983213
41079614
45250097
45366183
45367750
45442264
45551620
57944541
58578332
61634767
61756221
64738722
64814930
68155754
70773216
9391382
9811482
10630135
10632036
10635433
10642161
10646313
11925244
11927075
11928985
11930249
11939807
11942969
11945817
12380004
57395712
