all_REL
0.0
0.318936877076
0.318936877076
0.0166112956811
0.212624584718
0.205980066445
0.179401993355
0.179401993355
0.046511627907
0.179401993355
0.0199335548173
1.03322259136
0.548172757475
0.548172757475
0.0265780730897
0.0166112956811
0.0232558139535
0.0332225913621
0.046511627907
0.172757475083
0.132890365449
0.0332225913621
0.00664451827243
0.00332225913621
0.00996677740864
0.00332225913621
0.0232558139535
0.00996677740864
0.0398671096346
0.046511627907
0.00332225913621
0.0199335548173
0.172757475083
0.0897009966777
0.0564784053156
0.00996677740864
0.372093023256
0.215946843854
0.00664451827243
0.00664451827243
0.189368770764
0.53488372093
0.0166112956811
0.0
0.0265780730897
0.0199335548173
0.00332225913621
0.0132890365449
0.0166112956811
0.0166112956811
0.0564784053156
0.00332225913621
0.00664451827243
0.119601328904
0.139534883721
0.00664451827243
0.00996677740864
0.00664451827243
0.0166112956811
0.229235880399
0.159468438538
0.0996677740864
0.24584717608
0.126245847176
0.136212624585
0.0
0.0199335548173
0.0199335548173
0.0265780730897
0.00996677740864
0.0
0.189368770764
0.272425249169
0.0166112956811
0.0166112956811
0.00996677740864
0.0166112956811
0.36877076412
0.0132890365449
0.00996677740864
0.0431893687708
0.0897009966777
0.112956810631
0.225913621262
0.196013289037
0.0598006644518
0.212624584718
0.063122923588
0.119601328904
0.0365448504983
0.0132890365449
0.767441860465
0.681063122924
0.681063122924
0.215946843854
0.215946843854
0.0199335548173
0.00664451827243
0.0398671096346
0.0398671096346
0.594684385382
0.0
0.0
0.0199335548173
0.378737541528
0.398671096346
0.262458471761
0.843853820598
0.0132890365449
0.0498338870432
0.405315614618
0.594684385382
0.235880398671
0.102990033223
0.146179401993
0.126245847176
0.0132890365449
0.724252491694
0.0
0.00996677740864
0.116279069767
0.0498338870432
0.385382059801
0.0132890365449
0.0897009966777
0.0598006644518
0.0132890365449
0.0
0.0265780730897
0.0232558139535
0.00332225913621
0.0232558139535
0.362126245847
0.126245847176
0.00996677740864
0.00332225913621
0.00996677740864
0.0132890365449
0.255813953488
0.255813953488
0.00332225913621
0.335548172757
0.661129568106
0.252491694352
0.0
0.0897009966777
0.0963455149502
0.0199335548173
0.0299003322259
0.511627906977
0.511627906977
0.0132890365449
0.00332225913621
0.093023255814
0.00996677740864
0.00664451827243
0.00996677740864
0.00664451827243
0.0
0.172757475083
0.00332225913621
0.272425249169
0.00332225913621
0.222591362126
0.00332225913621
0.0764119601329
0.0199335548173
0.00996677740864
0.00332225913621
0.00664451827243
0.0299003322259
0.00996677740864
0.0232558139535
0.0132890365449
0.0
0.00996677740864
0.00332225913621
0.00664451827243
0.0863787375415
0.0863787375415
0.209302325581
0.00996677740864
0.109634551495
0.00996677740864
0.00332225913621
0.0232558139535
0.00996677740864
0.0
0.0
0.00664451827243
0.00332225913621
0.475083056478
0.475083056478
0.475083056478
0.252491694352
0.00996677740864
0.00996677740864
0.00664451827243
0.0
0.0232558139535
0.0132890365449
0.00996677740864
0.0
0.0
0.0
0.00664451827243
0.0
0.0
0.0
0.0132890365449
0.0
0.0132890365449
0.186046511628
0.00332225913621
0.00332225913621
0.00332225913621
0.00664451827243
0.00332225913621
0.00332225913621
0.0
0.00332225913621
0.365448504983
0.00996677740864
0.0132890365449
0.0132890365449
0.0
0.0
0.00664451827243
0.00996677740864
0.00332225913621
0.0431893687708
0.00996677740864
0.00996677740864
0.00332225913621
0.116279069767
0.139534883721
0.468438538206
0.00996677740864
0.00664451827243
0.0
0.00332225913621
0.0
0.0132890365449
0.0166112956811
0.00664451827243
0.0132890365449
0.109634551495
0.156146179402
0.0
0.186046511628
0.00332225913621
0.0
0.00664451827243
0.0132890365449
0.0132890365449
0.00664451827243
0.0
0.0132890365449
0.0166112956811
0.491694352159
0.488372093023
0.448504983389
0.664451827243
0.382059800664
0.46511627907
0.0265780730897
0.0664451827243
0.31561461794
0.0166112956811
0.00664451827243
0.451827242525
0.0730897009967
0.0730897009967
0.00332225913621
0.00332225913621
0.00332225913621
0.0265780730897
0.00664451827243
0.00996677740864
0.0
0.627906976744
0.0
0.00332225913621
0.00332225913621
0.00664451827243
0.00664451827243
0.00664451827243
0.0
0.112956810631
0.00996677740864
0.0166112956811
0.00664451827243
0.186046511628
0.548172757475
0.0232558139535
0.00332225913621
0.0
0.0265780730897
0.0
0.116279069767
0.292358803987
0.152823920266
0.0332225913621
0.00332225913621
0.0
0.00332225913621
0.00664451827243
0.00332225913621
0.0199335548173
0.106312292359
0.14950166113
0.12292358804
0.235880398671
0.106312292359
0.388704318937
0.0299003322259
0.132890365449
0.142857142857
0.00664451827243
0.262458471761
0.382059800664
0.225913621262
0.388704318937
0.398671096346
0.0764119601329
0.249169435216
0.0199335548173
0.196013289037
0.401993355482
0.382059800664
0.156146179402
0.166112956811
0.00332225913621
0.112956810631
0.00996677740864
0.1926910299
0.172757475083
0.375415282392
0.388704318937
0.0531561461794
0.0232558139535
0.498338870432
0.0531561461794
0.574750830565
0.574750830565
0.063122923588
0.0232558139535
0.0132890365449
0.00332225913621
0.106312292359
0.0
0.0
0.00996677740864
0.156146179402
0.156146179402
0.0132890365449
0.199335548173
0.199335548173
0.00332225913621
0.0
0.205980066445
0.0
0.0
0.0730897009967
0.0199335548173
0.00664451827243
0.00332225913621
0.0132890365449
0.0132890365449
0.00332225913621
0.0132890365449
0.0
0.00996677740864
0.0199335548173
0.0
0.139534883721
0.176079734219
0.0365448504983
0.00332225913621
0.0
0.00996677740864
0.00664451827243
0.00664451827243
0.0132890365449
0.0199335548173
0.063122923588
0.109634551495
0.0963455149502
0.0498338870432
0.00664451827243
0.116279069767
0.139534883721
0.109634551495
0.0199335548173
0.0132890365449
0.239202657807
0.239202657807
0.12292358804
0.0564784053156
0.0166112956811
0.0132890365449
0.0
0.063122923588
0.063122923588
0.00664451827243
0.0
0.0
0.0
0.00664451827243
0.0132890365449
0.00996677740864
0.00996677740864
0.0
0.0
0.0232558139535
0.162790697674
0.00332225913621
0.00996677740864
0.0
0.00332225913621
0.00332225913621
0.00996677740864
0.0
0.0
0.0431893687708
0.046511627907
0.046511627907
0.0332225913621
0.212624584718
0.408637873754
0.126245847176
0.345514950166
0.348837209302
0.00332225913621
0.34219269103
0.0166112956811
0.116279069767
0.063122923588
0.046511627907
0.0498338870432
0.498338870432
0.0132890365449
0.242524916944
0.169435215947
0.0598006644518
0.0598006644518
0.00996677740864
0.00996677740864
0.0232558139535
0.00996677740864
0.00664451827243
0.222591362126
0.348837209302
0.348837209302
0.299003322259
0.146179401993
0.142857142857
0.00996677740864
0.0
0.0
0.255813953488
0.136212624585
0.00664451827243
0.0
0.00332225913621
0.0232558139535
0.0232558139535
0.0265780730897
0.00332225913621
0.00664451827243
0.0132890365449
0.00664451827243
0.0
0.00996677740864
0.00332225913621
0.0
0.00332225913621
0.00996677740864
0.00996677740864
0.00332225913621
0.00332225913621
0.162790697674
0.14950166113
0.0
0.0
0.0132890365449
0.00332225913621
0.225913621262
0.146179401993
0.215946843854
0.0166112956811
0.00332225913621
0.0
0.0166112956811
0.0132890365449
0.0431893687708
0.00996677740864
0.172757475083
0.00332225913621
0.00664451827243
0.0232558139535
0.0232558139535
0.451827242525
0.129568106312
0.0664451827243
0.0
0.0
0.0232558139535
0.00996677740864
0.0
0.0132890365449
0.00996677740864
0.00332225913621
0.00332225913621
0.292358803987
0.0
0.0897009966777
0.269102990033
0.00996677740864
0.00664451827243
0.00996677740864
0.0132890365449
0.00996677740864
0.00996677740864
0.00664451827243
0.0
0.0
0.00996677740864
0.00332225913621
0.0
0.0232558139535
0.0232558139535
0.0199335548173
0.0132890365449
0.0
0.0830564784053
0.00996677740864
0.00664451827243
0.00996677740864
0.0
0.00332225913621
0.00332225913621
0.00664451827243
0.0830564784053
0.418604651163
0.418604651163
0.395348837209
0.169435215947
0.169435215947
0.00996677740864
0.00664451827243
0.0166112956811
0.0431893687708
0.0299003322259
0.00332225913621
0.0
0.0166112956811
0.0232558139535
0.0232558139535
0.00996677740864
0.0232558139535
0.0199335548173
0.176079734219
0.12292358804
0.129568106312
0.0166112956811
0.0132890365449
0.0
0.129568106312
0.129568106312
0.295681063123
0.0299003322259
0.528239202658
0.235880398671
0.235880398671
0.00332225913621
0.00332225913621
0.00664451827243
0.0365448504983
0.0199335548173
0.0199335548173
0.00332225913621
0.0166112956811
0.0199335548173
0.0232558139535
0.0963455149502
0.00332225913621
0.00332225913621
0.0132890365449
0.0166112956811
0.0332225913621
0.00996677740864
0.0830564784053
0.0
0.00996677740864
0.269102990033
0.0797342192691
0.0299003322259
0.790697674419
0.78073089701
0.813953488372
0.0
0.00996677740864
0.209302325581
0.209302325581
0.119601328904
0.0199335548173
0.102990033223
0.292358803987
0.0132890365449
0.0332225913621
0.0332225913621
0.00996677740864
0.00332225913621
0.00332225913621
0.0132890365449
0.00664451827243
0.00332225913621
0.00996677740864
0.00664451827243
0.182724252492
0.225913621262
0.335548172757
0.282392026578
0.229235880399
0.0
0.0166112956811
0.0199335548173
0.119601328904
0.0232558139535
0.0664451827243
0.338870431894
0.132890365449
0.0332225913621
0.0166112956811
0.475083056478
0.00332225913621
0.0166112956811
0.00996677740864
0.00996677740864
0.0
0.00332225913621
0.0
0.00332225913621
0.00332225913621
0.00996677740864
0.00332225913621
0.0265780730897
0.0
0.0299003322259
0.00664451827243
0.00664451827243
0.00996677740864
0.421926910299
0.418604651163
0.418604651163
0.14950166113
0.0199335548173
0.00332225913621
0.225913621262
0.109634551495
0.00332225913621
0.00332225913621
0.159468438538
0.0498338870432
0.209302325581
0.0
0.0199335548173
0.00664451827243
0.581395348837
0.0
0.0
0.0
0.172757475083
0.498338870432
0.00996677740864
0.651162790698
0.00664451827243
0.0
0.00664451827243
0.00332225913621
0.00332225913621
0.00996677740864
0.0
0.046511627907
0.046511627907
0.093023255814
0.00664451827243
0.00996677740864
0.0
0.0132890365449
0.0
0.0
0.0
0.0
0.0
0.0
0.0
0.0
0.0
0.0
0.0
0.0
0.0
0.0
0.0
0.0
0.0
0.0
0.0
0.0
0.0
0.0
0.0
0.0
0.0
0.0
0.0
0.0
0.0
0.0
0.0
0.0
0.0
0.0
0.0
0.0
0.0
0.0
0.0
0.176079734219
0.00664451827243
0.00664451827243
0.312292358804
0.00664451827243
0.00996677740864
0.00332225913621
0.00996677740864
0.12292358804
0.12292358804
0.31561461794
0.358803986711
0.00996677740864
0.0166112956811
0.00332225913621
0.00996677740864
0.00664451827243
0.00332225913621
0.00332225913621
0.0664451827243
0.14950166113
0.136212624585
0.235880398671
0.205980066445
0.209302325581
0.0132890365449
0.0
0.00332225913621
0.654485049834
0.647840531561
0.0132890365449
0.00664451827243
0.00664451827243
0.00664451827243
0.0232558139535
0.0166112956811
0.209302325581
0.0132890365449
0.00332225913621
0.0
0.00664451827243
0.00332225913621
0.00664451827243
0.00332225913621
0.0
0.00332225913621
0.00332225913621
0.0
0.00332225913621
0.00664451827243
0.00996677740864
0.00996677740864
0.12292358804
0.0897009966777
0.0897009966777
0.00996677740864
0.182724252492
0.00996677740864
0.00664451827243
0.445182724252
0.00332225913621
0.00332225913621
0.0166112956811
0.0398671096346
0.0199335548173
0.0
0.00664451827243
0.0199335548173
0.00332225913621
0.504983388704
0.0863787375415
0.00332225913621
0.00332225913621
0.00332225913621
0.00332225913621
0.00332225913621
0.00664451827243
0.0199335548173
0.0132890365449
0.00664451827243
0.0
0.00996677740864
0.00664451827243
0.00664451827243
0.00664451827243
0.0
0.415282392027
0.647840531561
0.0664451827243
0.0664451827243
0.00664451827243
0.189368770764
0.265780730897
0.00664451827243
0.0
0.136212624585
0.109634551495
0.00664451827243
0.00664451827243
0.0
0.31561461794
0.31561461794
0.0764119601329
0.0730897009967
0.598006644518
0.601328903654
0.41196013289
0.475083056478
0.0199335548173
0.0
0.0
0.578073089701
0.0
0.00664451827243
0.00332225913621
0.00332225913621
0.00996677740864
0.152823920266
0.152823920266
0.196013289037
0.14950166113
0.0166112956811
0.0697674418605
0.408637873754
0.215946843854
0.508305647841
0.85049833887
0.129568106312
0.401993355482
0.0697674418605
0.0
0.0
0.0166112956811
0.0564784053156
0.00332225913621
0.0697674418605
0.205980066445
0.112956810631
0.0
0.0132890365449
0.00664451827243
0.00664451827243
0.00664451827243
0.00996677740864
0.0166112956811
0.00332225913621
0.00332225913621
0.0166112956811
0.136212624585
0.142857142857
0.142857142857
0.0166112956811
0.621262458472
0.578073089701
0.568106312292
0.511627906977
0.514950166113
0.21926910299
0.508305647841
0.00996677740864
0.00996677740864
0.212624584718
0.0232558139535
0.0598006644518
0.00996677740864
0.156146179402
0.312292358804
0.308970099668
0.0232558139535
0.641196013289
0.0332225913621
0.0265780730897
0.00332225913621
0.00664451827243
0.0
0.126245847176
0.136212624585
0.12292358804
0.0
0.00664451827243
0.0
0.139534883721
0.00332225913621
0.00332225913621
0.544850498339
0.0897009966777
0.129568106312
0.554817275748
0.295681063123
0.0265780730897
0.00664451827243
0.548172757475
0.00664451827243
0.00332225913621
0.00332225913621
0.0166112956811
0.0132890365449
0.0132890365449
0.00996677740864
0.199335548173
0.00332225913621
0.00332225913621
0.00332225913621
0.00664451827243
0.00664451827243
0.0132890365449
0.0132890365449
0.00664451827243
0.0132890365449
0.196013289037
0.0199335548173
0.00332225913621
0.0132890365449
0.00664451827243
0.00996677740864
0.0265780730897
0.0132890365449
0.00332225913621
0.0
0.0
0.0
0.0
0.00332225913621
0.0398671096346
0.142857142857
0.00332225913621
0.0
0.00664451827243
0.0996677740864
0.0265780730897
0.00664451827243
0.00996677740864
0.179401993355
0.00996677740864
0.112956810631
0.169435215947
0.0132890365449
0.0332225913621
0.0166112956811
0.00332225913621
0.063122923588
0.720930232558
0.265780730897
0.511627906977
0.0764119601329
0.0166112956811
0.325581395349
0.00664451827243
0.431893687708
0.152823920266
0.0531561461794
0.372093023256
0.372093023256
0.179401993355
0.093023255814
0.093023255814
0.0199335548173
0.0
0.00664451827243
0.318936877076
0.0232558139535
0.00664451827243
0.00664451827243
0.0132890365449
0.00996677740864
0.0132890365449
0.00996677740864
0.00332225913621
0.0299003322259
0.00332225913621
0.272425249169
0.0132890365449
0.00664451827243
0.0332225913621
0.00996677740864
0.00996677740864
0.0
0.0166112956811
0.00332225913621
0.00664451827243
0.00332225913621
0.0
0.00332225913621
0.152823920266
0.0431893687708
0.0
0.00664451827243
0.0132890365449
0.0232558139535
0.00332225913621
0.00332225913621
0.0
0.00332225913621
0.00332225913621
0.00332225913621
0.0
0.00332225913621
0.00664451827243
0.00664451827243
0.00332225913621
0.00664451827243
0.0
0.00332225913621
0.0
0.0166112956811
0.358803986711
0.0
0.0
0.00332225913621
0.093023255814
0.106312292359
0.106312292359
0.00332225913621
0.00332225913621
0.00332225913621
0.00996677740864
0.00332225913621
0.0
0.0132890365449
0.00664451827243
0.063122923588
0.0
0.00664451827243
0.00664451827243
0.0
0.0
0.00664451827243
0.00332225913621
0.0132890365449
0.0764119601329
0.00996677740864
0.0132890365449
0.0166112956811
0.00332225913621
0.00664451827243
0.451827242525
0.335548172757
0.312292358804
0.00332225913621
0.305647840532
0.0
0.00332225913621
0.00332225913621
0.00664451827243
0.1926910299
0.186046511628
0.345514950166
0.172757475083
0.00332225913621
0.00332225913621
0.00996677740864
0.0232558139535
0.0232558139535
0.225913621262
0.00996677740864
0.0166112956811
0.272425249169
0.0863787375415
0.0863787375415
0.0365448504983
0.282392026578
0.345514950166
0.0
0.14950166113
0.00664451827243
0.0132890365449
0.00664451827243
0.00664451827243
0.0
0.00996677740864
0.0897009966777
0.093023255814
0.0132890365449
0.0132890365449
0.0
0.0132890365449
0.0132890365449
0.265780730897
0.0730897009967
0.0132890365449
0.00996677740864
0.0299003322259
0.00996677740864
0.0265780730897
0.252491694352
0.00332225913621
0.00332225913621
0.0
0.166112956811
0.634551495017
0.0
0.199335548173
0.202657807309
0.0
0.229235880399
0.00332225913621
0.00332225913621
0.00664451827243
0.352159468439
0.156146179402
0.156146179402
0.146179401993
0.0996677740864
0.0996677740864
0.0996677740864
0.196013289037
0.00332225913621
0.00664451827243
0.0132890365449
0.0132890365449
0.0132890365449
0.00332225913621
0.0
0.00996677740864
0.0265780730897
0.146179401993
0.0166112956811
0.00664451827243
0.0
0.362126245847
0.12292358804
0.262458471761
0.00332225913621
0.0
0.00664451827243
0.0
0.00996677740864
0.00664451827243
0.0265780730897
0.126245847176
0.00664451827243
0.00664451827243
0.358803986711
0.282392026578
0.0
0.737541528239
0.00332225913621
0.299003322259
0.209302325581
0.0199335548173
0.0
0.00332225913621
0.00332225913621
0.00664451827243
0.00332225913621
0.0166112956811
0.00996677740864
0.00664451827243
0.063122923588
0.78073089701
0.385382059801
0.126245847176
0.415282392027
0.332225913621
0.332225913621
0.0963455149502
0.00996677740864
0.495016611296
0.495016611296
0.00664451827243
0.707641196013
0.0232558139535
0.249169435216
0.00664451827243
0.0
0.00332225913621
1.04983388704
0.249169435216
0.491694352159
0.102990033223
0.352159468439
0.335548172757
1.27906976744
0.0299003322259
0.0797342192691
0.00332225913621
0.106312292359
0.00332225913621
0.242524916944
0.0
0.0265780730897
0.0
0.0
0.0166112956811
0.0132890365449
0.0166112956811
0.00332225913621
0.202657807309
0.0
0.0
0.0132890365449
0.265780730897
0.242524916944
0.0
0.225913621262
0.1926910299
0.259136212625
0.176079734219
0.112956810631
0.0166112956811
0.0299003322259
0.142857142857
0.126245847176
0.119601328904
0.21926910299
0.0
0.00664451827243
0.00332225913621
0.00332225913621
0.0
0.0
0.0
0.00332225913621
0.00332225913621
0.269102990033
0.269102990033
0.116279069767
0.116279069767
0.112956810631
0.199335548173
0.176079734219
0.172757475083
0.232558139535
0.28903654485
0.28903654485
0.00332225913621
0.0199335548173
0.112956810631
0.00332225913621
0.12292358804
0.00332225913621
0.00332225913621
0.162790697674
0.00664451827243
0.435215946844
0.0
0.448504983389
0.00664451827243
0.0232558139535
0.00332225913621
0.269102990033
0.269102990033
0.332225913621
0.00332225913621
0.00664451827243
0.00996677740864
0.332225913621
0.136212624585
0.136212624585
0.126245847176
0.00332225913621
0.00996677740864
0.00332225913621
0.644518272425
0.00332225913621
0.0
0.418604651163
0.401993355482
0.00664451827243
0.0
0.126245847176
0.126245847176
0.285714285714
0.0
0.0166112956811
0.112956810631
0.132890365449
0.136212624585
0.00332225913621
0.312292358804
0.24584717608
0.24584717608
0.833887043189
0.129568106312
0.129568106312
0.00996677740864
0.00332225913621
0.0199335548173
0.00996677740864
0.0299003322259
0.00332225913621
0.00996677740864
0.00996677740864
0.00332225913621
0.00996677740864
0.00332225913621
0.225913621262
0.229235880399
0.514950166113
0.00332225913621
0.239202657807
0.229235880399
0.0332225913621
0.00332225913621
0.00996677740864
0.0166112956811
0.00996677740864
0.0166112956811
0.00664451827243
0.0166112956811
0.00664451827243
0.00996677740864
0.00332225913621
0.00332225913621
0.0
0.0132890365449
0.0132890365449
0.24584717608
0.867109634551
0.169435215947
0.106312292359
0.00996677740864
0.338870431894
0.00332225913621
0.00996677740864
0.00996677740864
0.00332225913621
0.0
0.00996677740864
0.00996677740864
0.00664451827243
0.00332225913621
0.00664451827243
0.112956810631
0.468438538206
0.548172757475
0.14950166113
0.142857142857
0.142857142857
0.0199335548173
0.209302325581
0.0132890365449
0.00332225913621
0.495016611296
0.495016611296
0.00332225913621
0.0963455149502
0.093023255814
0.112956810631
0.00332225913621
0.0166112956811
0.338870431894
0.0
0.0
0.295681063123
0.172757475083
0.00664451827243
0.00664451827243
0.00664451827243
0.00332225913621
0.00664451827243
0.202657807309
0.172757475083
0.156146179402
0.156146179402
0.0498338870432
0.242524916944
0.0
0.139534883721
0.0
0.00332225913621
0.0166112956811
0.0166112956811
0.0564784053156
0.00332225913621
0.348837209302
0.00996677740864
0.00996677740864
0.372093023256
0.352159468439
0.00664451827243
0.0
0.265780730897
0.00332225913621
0.0
0.358803986711
0.0
0.0
0.00332225913621
0.0
0.0
0.0
0.0132890365449
0.162790697674
0.159468438538
0.0
0.00664451827243
0.00332225913621
0.00664451827243
0.00664451827243
0.00332225913621
0.00996677740864
0.00664451827243
0.00332225913621
0.189368770764
0.00332225913621
0.00664451827243
0.00664451827243
0.0232558139535
0.00664451827243
0.00996677740864
0.0697674418605
0.418604651163
0.418604651163
0.00332225913621
0.00664451827243
0.488372093023
0.78073089701
0.199335548173
0.0996677740864
0.355481727575
0.239202657807
0.0564784053156
0.0830564784053
0.212624584718
0.0132890365449
0.0132890365449
0.215946843854
0.116279069767
0.299003322259
0.00332225913621
0.00332225913621
0.093023255814
0.116279069767
0.00332225913621
0.00332225913621
0.00332225913621
0.00332225913621
0.0166112956811
0.00332225913621
0.136212624585
0.00332225913621
0.116279069767
0.116279069767
0.116279069767
0.116279069767
0.0199335548173
0.0132890365449
0.0332225913621
0.308970099668
0.00332225913621
0.0564784053156
0.0564784053156
0.558139534884
0.166112956811
0.129568106312
0.0797342192691
0.0797342192691
0.00332225913621
0.0598006644518
0.00996677740864
0.0
0.179401993355
0.182724252492
0.0830564784053
0.0764119601329
0.0996677740864
0.0996677740864
0.00664451827243
0.0
0.00332225913621
0.00332225913621
0.00332225913621
0.00996677740864
0.00664451827243
0.00996677740864
0.00332225913621
0.418604651163
0.00664451827243
0.0764119601329
0.358803986711
0.0199335548173
0.471760797342
0.0
0.0498338870432
0.0531561461794
0.68438538206
0.617940199336
0.152823920266
0.225913621262
0.225913621262
0.00332225913621
0.146179401993
0.299003322259
0.063122923588
0.0166112956811
0.0166112956811
0.0
0.0232558139535
0.00996677740864
0.0199335548173
0.0132890365449
0.00664451827243
0.269102990033
0.00332225913621
0.0199335548173
0.0132890365449
0.00996677740864
0.00996677740864
0.00664451827243
0.093023255814
0.0232558139535
0.651162790698
0.651162790698
0.0963455149502
0.0963455149502
0.358803986711
0.00332225913621
0.00332225913621
0.0132890365449
0.345514950166
0.0398671096346
0.109634551495
0.162790697674
0.112956810631
0.186046511628
0.186046511628
0.375415282392
0.0897009966777
0.0132890365449
0.415282392027
0.388704318937
0.388704318937
0.00664451827243
0.00996677740864
0.00664451827243
0.205980066445
0.205980066445
0.00664451827243
0.00332225913621
0.0199335548173
0.00664451827243
0.00664451827243
0.0996677740864
0.179401993355
0.186046511628
0.112956810631
0.0
0.0
0.0166112956811
0.00332225913621
0.202657807309
0.00664451827243
0.159468438538
0.00664451827243
0.00664451827243
0.1926910299
0.0
0.0
0.0166112956811
0.00996677740864
0.0963455149502
0.0431893687708
0.0199335548173
0.0166112956811
0.00664451827243
0.00996677740864
0.00996677740864
0.0
0.0
0.0
0.0398671096346
0.00996677740864
0.00996677740864
0.00664451827243
0.139534883721
0.142857142857
0.259136212625
0.259136212625
0.358803986711
0.0564784053156
0.305647840532
0.232558139535
0.584717607973
0.322259136213
0.046511627907
0.093023255814
0.093023255814
0.093023255814
0.392026578073
0.0132890365449
0.0132890365449
0.139534883721
0.209302325581
0.202657807309
0.205980066445
0.205980066445
0.21926910299
0.00332225913621
0.571428571429
0.0332225913621
0.166112956811
0.166112956811
0.0132890365449
0.00332225913621
0.00332225913621
0.0166112956811
0.299003322259
0.249169435216
0.249169435216
0.249169435216
0.249169435216
0.176079734219
0.182724252492
0.295681063123
0.00664451827243
0.0
0.169435215947
0.169435215947
0.43853820598
0.43853820598
0.441860465116
0.441860465116
0.445182724252
0.481727574751
0.063122923588
0.0897009966777
0.0265780730897
0.41196013289
0.0730897009967
0.0863787375415
0.106312292359
0.159468438538
0.159468438538
0.0166112956811
0.0498338870432
0.0132890365449
0.129568106312
0.0166112956811
0.00664451827243
0.0199335548173
0.0199335548173
0.0730897009967
0.0730897009967
0.0398671096346
0.116279069767
0.0
0.00332225913621
0.28903654485
0.00996677740864
0.677740863787
0.677740863787
0.292358803987
0.28903654485
0.242524916944
0.275747508306
0.803986710963
0.338870431894
0.0132890365449
0.0398671096346
0.0132890365449
0.00996677740864
0.00996677740864
0.00664451827243
0.873754152824
0.873754152824
0.00996677740864
0.00332225913621
0.00664451827243
0.0
0.0166112956811
0.0
0.0
0.0
0.0
0.00664451827243
0.0132890365449
0.00996677740864
0.0232558139535
0.00664451827243
0.14950166113
0.142857142857
0.00664451827243
0.00332225913621
0.00332225913621
0.00332225913621
0.0132890365449
0.0
0.00664451827243
0.0
0.00332225913621
0.0797342192691
0.00332225913621
0.00996677740864
0.00996677740864
0.0
0.0132890365449
0.0
0.0
0.0132890365449
0.00332225913621
0.00996677740864
0.0
0.00664451827243
0.00332225913621
0.00332225913621
0.00664451827243
0.00332225913621
0.00664451827243
0.0
0.00332225913621
0.00332225913621
0.0
0.00332225913621
0.00664451827243
0.00996677740864
0.00332225913621
0.0897009966777
0.0166112956811
0.0
0.00664451827243
0.0166112956811
0.00332225913621
0.405315614618
0.00996677740864
0.00332225913621
0.0166112956811
0.046511627907
0.00664451827243
0.00332225913621
0.0132890365449
0.0
0.0
0.179401993355
0.136212624585
0.56146179402
0.528239202658
0.00664451827243
0.00664451827243
0.00332225913621
0.00332225913621
0.0764119601329
0.0764119601329
0.102990033223
0.478405315615
0.00332225913621
0.0
0.0265780730897
0.00332225913621
0.0
0.00332225913621
0.00332225913621
0.00332225913621
0.00332225913621
0.139534883721
0.0996677740864
0.272425249169
0.159468438538
0.212624584718
0.212624584718
0.318936877076
0.00332225913621
0.109634551495
0.176079734219
0.0
0.551495016611
0.00664451827243
0.00332225913621
0.00332225913621
0.225913621262
0.0199335548173
0.0132890365449
0.00996677740864
0.34219269103
0.0166112956811
0.00664451827243
0.0
0.00332225913621
0.00664451827243
0.00996677740864
0.0
0.0
0.0132890365449
0.146179401993
0.259136212625
0.152823920266
0.0
0.209302325581
0.24584717608
0.176079734219
0.00332225913621
0.159468438538
0.1926910299
0.528239202658
0.0132890365449
0.00996677740864
0.209302325581
0.335548172757
0.00332225913621
0.00332225913621
0.00332225913621
0.0166112956811
0.0132890365449
0.275747508306
0.00332225913621
0.00332225913621
0.471760797342
0.0132890365449
0.0199335548173
0.225913621262
0.305647840532
0.0299003322259
0.0199335548173
0.0299003322259
0.0132890365449
0.0132890365449
0.0166112956811
0.252491694352
0.90365448505
0.152823920266
0.152823920266
1.41528239203
0.169435215947
0.0265780730897
0.182724252492
0.24584717608
0.189368770764
0.00996677740864
0.0265780730897
0.202657807309
0.840531561462
0.00664451827243
0.325581395349
0.322259136213
0.279069767442
0.00664451827243
0.0
0.00664451827243
0.00332225913621
0.0299003322259
0.0
0.0132890365449
0.00996677740864
0.0199335548173
0.132890365449
0.00664451827243
0.21926910299
0.0
0.14950166113
0.14950166113
0.205980066445
0.00332225913621
0.00332225913621
0.172757475083
0.172757475083
0.00996677740864
0.00664451827243
0.00664451827243
0.00332225913621
0.00332225913621
0.00664451827243
0.0199335548173
0.0
0.00332225913621
0.00332225913621
0.00996677740864
0.00664451827243
0.282392026578
0.00664451827243
0.00332225913621
0.00332225913621
0.00996677740864
0.611295681063
0.285714285714
0.00332225913621
0.00996677740864
0.209302325581
0.272425249169
0.0
0.179401993355
0.0132890365449
0.159468438538
0.0166112956811
0.0132890365449
0.0
0.0
0.0
0.0
0.00996677740864
0.0
0.0
0.00996677740864
0.0431893687708
0.0132890365449
0.00332225913621
0.0564784053156
0.0863787375415
0.428571428571
0.322259136213
0.00996677740864
0.0232558139535
0.0199335548173
0.285714285714
0.292358803987
0.448504983389
0.0
0.0
0.421926910299
0.0
0.0
0.00332225913621
0.00664451827243
0.00332225913621
0.00332225913621
0.0
0.00664451827243
0.0
0.0730897009967
0.136212624585
0.00332225913621
0.0
0.00996677740864
0.202657807309
0.0299003322259
0.119601328904
0.119601328904
0.451827242525
0.421926910299
0.126245847176
0.425249169435
0.00332225913621
0.0166112956811
0.159468438538
0.282392026578
0.0697674418605
0.225913621262
0.491694352159
0.0
0.0265780730897
0.126245847176
0.0
0.00664451827243
0.00332225913621
0.46511627907
0.00664451827243
0.0
0.00332225913621
0.00664451827243
0.0
0.0199335548173
0.0
0.0863787375415
0.0
0.00664451827243
0.162790697674
0.0199335548173
0.0132890365449
0.00332225913621
0.0132890365449
0.0
0.222591362126
0.199335548173
0.0199335548173
0.00664451827243
0.0
0.00332225913621
0.162790697674
0.00996677740864
0.873754152824
0.873754152824
0.212624584718
0.0166112956811
0.0199335548173
0.0199335548173
0.205980066445
0.00664451827243
0.00332225913621
0.93023255814
0.00664451827243
0.0
0.0132890365449
0.00664451827243
1.21262458472
0.428571428571
0.428571428571
0.0
0.255813953488
0.0365448504983
0.152823920266
0.00996677740864
0.0232558139535
0.0199335548173
0.00996677740864
0.00996677740864
0.00996677740864
0.235880398671
0.0199335548173
0.408637873754
0.00664451827243
0.0265780730897
0.00664451827243
0.00664451827243
0.0
0.00664451827243
0.0
0.00664451827243
0.0
0.00332225913621
0.199335548173
0.199335548173
0.0132890365449
0.00664451827243
0.0265780730897
0.179401993355
0.737541528239
0.00332225913621
0.00664451827243
0.00996677740864
0.00996677740864
0.0132890365449
0.00332225913621
0.00332225913621
0.112956810631
0.126245847176
0.285714285714
0.787375415282
0.239202657807
0.239202657807
0.0897009966777
0.162790697674
0.292358803987
0.229235880399
0.126245847176
0.681063122924
0.265780730897
0.501661129568
0.00332225913621
0.00332225913621
0.00332225913621
0.00332225913621
0.00664451827243
0.00664451827243
0.00664451827243
0.0
0.00332225913621
0.0
0.00332225913621
0.102990033223
0.00332225913621
0.0199335548173
0.0
0.00332225913621
0.0
0.0
0.00332225913621
0.00664451827243
0.129568106312
0.225913621262
0.724252491694
0.252491694352
0.574750830565
0.0
0.00664451827243
0.00664451827243
0.00664451827243
0.0232558139535
0.176079734219
0.0166112956811
0.00332225913621
0.00664451827243
0.0132890365449
0.0730897009967
0.00332225913621
0.00996677740864
0.345514950166
0.00332225913621
0.00332225913621
0.00332225913621
0.0
0.0
0.0166112956811
0.00664451827243
0.00332225913621
0.0
0.398671096346
0.398671096346
0.0166112956811
0.00664451827243
0.00332225913621
0.00996677740864
0.0166112956811
0.0
0.0166112956811
0.00664451827243
0.00996677740864
0.00332225913621
0.0
0.0
0.0
0.00664451827243
0.0365448504983
0.0132890365449
0.00332225913621
0.00664451827243
0.00664451827243
0.00332225913621
0.00332225913621
0.31561461794
0.292358803987
0.00996677740864
0.063122923588
0.0
0.0
0.00332225913621
0.00332225913621
0.00664451827243
0.265780730897
0.265780730897
0.0132890365449
0.0199335548173
0.0299003322259
0.0299003322259
0.0299003322259
0.126245847176
0.953488372093
0.136212624585
0.0
0.0
0.0
0.00332225913621
0.00332225913621
0.372093023256
0.0132890365449
0.0132890365449
0.584717607973
0.275747508306
0.00664451827243
0.00664451827243
0.00664451827243
0.0
0.00996677740864
0.139534883721
0.0
0.00332225913621
0.0
0.00332225913621
0.0
0.0
0.129568106312
0.129568106312
0.00996677740864
0.295681063123
0.355481727575
0.189368770764
0.209302325581
0.00332225913621
0.139534883721
0.00332225913621
0.435215946844
0.229235880399
0.0166112956811
0.046511627907
0.00664451827243
0.126245847176
0.126245847176
0.0
0.00996677740864
0.00996677740864
0.0265780730897
0.445182724252
0.318936877076
0.166112956811
0.109634551495
0.212624584718
0.285714285714
0.0398671096346
0.0132890365449
0.00996677740864
0.0564784053156
0.398671096346
0.285714285714
0.282392026578
0.152823920266
1.04651162791
0.00664451827243
0.00996677740864
0.046511627907
0.0
0.00332225913621
0.182724252492
0.28903654485
0.299003322259
0.00664451827243
0.0132890365449
0.292358803987
0.136212624585
0.0431893687708
0.00996677740864
0.00664451827243
0.0132890365449
0.00664451827243
0.00996677740864
0.0132890365449
0.0299003322259
0.00332225913621
0.541528239203
0.00332225913621
0.00996677740864
0.162790697674
0.00332225913621
0.0232558139535
0.166112956811
0.166112956811
0.00664451827243
0.205980066445
0.249169435216
0.269102990033
0.365448504983
0.00996677740864
0.179401993355
0.385382059801
0.156146179402
0.0730897009967
0.0963455149502
0.322259136213
0.405315614618
1.07641196013
0.318936877076
0.913621262458
0.41196013289
0.332225913621
0.41196013289
0.0
0.0697674418605
0.0697674418605
0.0
0.0
0.0
0.0
0.0
0.0
0.0
0.0
0.00332225913621
0.0
0.0
0.00664451827243
0.00332225913621
0.172757475083
0.162790697674
0.235880398671
0.00996677740864
0.249169435216
0.24584717608
0.0365448504983
0.0265780730897
0.0
0.00664451827243
0.00332225913621
0.00996677740864
0.0
0.0
0.00996677740864
0.0265780730897
0.00332225913621
0.0
0.0132890365449
0.0
0.00664451827243
0.0
0.00996677740864
0.00332225913621
0.00332225913621
0.00332225913621
0.00996677740864
0.00996677740864
0.0232558139535
0.00332225913621
0.00664451827243
0.00332225913621
0.0199335548173
0.0166112956811
0.00996677740864
0.0265780730897
0.0
0.0132890365449
0.00996677740864
0.00664451827243
0.199335548173
0.488372093023
0.0
0.0
0.00332225913621
0.0265780730897
0.00332225913621
0.00332225913621
0.0132890365449
0.0132890365449
0.0730897009967
0.136212624585
0.0132890365449
0.0299003322259
0.00332225913621
0.292358803987
0.501661129568
0.00996677740864
0.0132890365449
0.00332225913621
0.00996677740864
0.0132890365449
0.265780730897
0.0697674418605
0.0697674418605
0.538205980066
0.182724252492
0.179401993355
0.0265780730897
0.0166112956811
0.166112956811
0.0132890365449
0.0232558139535
0.235880398671
0.063122923588
0.132890365449
0.132890365449
0.0199335548173
0.325581395349
0.322259136213
0.00996677740864
0.00996677740864
0.774086378738
0.00996677740864
0.0398671096346
0.12292358804
0.322259136213
0.0166112956811
0.152823920266
0.651162790698
0.408637873754
0.58803986711
0.0166112956811
0.0664451827243
0.0697674418605
0.00332225913621
0.621262458472
0.352159468439
0.102990033223
0.0996677740864
0.0265780730897
0.0199335548173
0.0332225913621
0.0332225913621
0.00332225913621
0.093023255814
0.046511627907
0.259136212625
0.259136212625
0.0365448504983
0.0598006644518
0.0598006644518
0.0531561461794
0.0299003322259
0.0598006644518
0.0365448504983
0.225913621262
0.833887043189
0.647840531561
0.0963455149502
0.12292358804
0.574750830565
0.156146179402
0.199335548173
0.189368770764
0.0797342192691
1.01661129568
0.282392026578
0.176079734219
0.617940199336
0.617940199336
0.504983388704
0.0199335548173
0.00332225913621
0.0232558139535
0.00664451827243
0.00996677740864
0.00996677740864
0.00996677740864
0.00664451827243
0.129568106312
0.129568106312
0.0
0.0199335548173
0.279069767442
0.0132890365449
0.00996677740864
0.176079734219
0.146179401993
0.199335548173
0.239202657807
0.355481727575
0.0199335548173
0.196013289037
0.00664451827243
0.0730897009967
0.0
0.00996677740864
0.0132890365449
0.0
0.0199335548173
0.132890365449
0.478405315615
0.478405315615
0.478405315615
0.501661129568
0.21926910299
0.132890365449
0.12292358804
0.12292358804
0.0
0.106312292359
0.00332225913621
0.21926910299
0.212624584718
0.255813953488
0.0830564784053
0.0830564784053
0.00664451827243
0.0897009966777
0.0
0.00332225913621
0.581395348837
0.00996677740864
0.36877076412
0.00664451827243
0.00996677740864
0.0166112956811
0.0232558139535
0.00664451827243
0.00664451827243
0.0132890365449
0.00996677740864
0.00664451827243
0.475083056478
0.0166112956811
0.0199335548173
0.0365448504983
0.0664451827243
0.41196013289
0.41196013289
0.109634551495
0.139534883721
0.0398671096346
0.202657807309
0.00664451827243
0.0166112956811
0.109634551495
0.00664451827243
0.00664451827243
0.00664451827243
0.142857142857
0.308970099668
0.0332225913621
0.269102990033
0.0132890365449
0.0265780730897
0.0
0.0
0.0
0.338870431894
0.265780730897
0.0132890365449
0.00332225913621
0.00996677740864
0.00332225913621
0.00664451827243
0.00996677740864
0.00332225913621
0.129568106312
0.00664451827243
0.00664451827243
0.14950166113
0.0166112956811
0.00664451827243
0.186046511628
0.0132890365449
0.159468438538
0.00996677740864
0.00664451827243
0.0398671096346
0.0199335548173
0.00996677740864
0.209302325581
0.00332225913621
0.322259136213
0.0132890365449
0.186046511628
0.471760797342
0.00664451827243
0.00996677740864
0.00332225913621
0.0132890365449
0.0531561461794
0.102990033223
0.093023255814
0.00664451827243
0.441860465116
0.063122923588
0.00996677740864
0.00664451827243
0.00664451827243
0.00332225913621
0.00332225913621
0.0132890365449
0.00332225913621
0.0232558139535
0.00332225913621
0.00332225913621
0.0132890365449
0.0963455149502
0.112956810631
0.126245847176
0.00332225913621
0.00664451827243
0.0
0.00332225913621
0.00332225913621
0.0166112956811
0.0232558139535
0.00996677740864
0.00996677740864
0.0398671096346
0.0
0.00332225913621
0.518272425249
0.215946843854
0.186046511628
0.431893687708
0.431893687708
0.14950166113
0.00996677740864
0.14950166113
0.0132890365449
0.475083056478
0.00996677740864
0.0166112956811
0.0166112956811
0.00996677740864
0.00332225913621
0.0
0.0531561461794
0.182724252492
0.182724252492
0.162790697674
0.46511627907
0.328903654485
0.00996677740864
0.00996677740864
0.176079734219
0.136212624585
0.00332225913621
0.00996677740864
0.0132890365449
0.00664451827243
0.00664451827243
0.00332225913621
0.0
0.0
0.00664451827243
0.129568106312
0.166112956811
0.0299003322259
0.116279069767
0.00664451827243
0.0
0.0166112956811
0.0166112956811
0.152823920266
0.00332225913621
0.0166112956811
0.0664451827243
0.0265780730897
0.00996677740864
0.691029900332
0.0598006644518
0.664451827243
0.445182724252
0.0332225913621
0.0365448504983
0.0531561461794
0.0199335548173
0.0830564784053
0.0830564784053
0.0199335548173
0.0431893687708
0.063122923588
0.0598006644518
0.521594684385
0.00332225913621
0.00996677740864
0.00332225913621
0.00332225913621
0.00332225913621
0.461794019934
0.441860465116
0.0
0.0166112956811
0.00332225913621
0.00664451827243
0.172757475083
0.215946843854
0.325581395349
0.00664451827243
0.179401993355
0.0166112956811
0.0199335548173
0.325581395349
0.00996677740864
0.00332225913621
0.0132890365449
0.00996677740864
0.0132890365449
0.00996677740864
0.0
0.00332225913621
0.0199335548173
0.0664451827243
0.205980066445
0.00664451827243
0.0299003322259
0.0299003322259
0.0199335548173
0.00332225913621
0.0
0.172757475083
0.172757475083
0.362126245847
0.362126245847
0.0365448504983
0.0365448504983
0.0199335548173
0.0
0.481727574751
0.485049833887
0.00996677740864
0.00996677740864
0.00996677740864
0.00332225913621
0.0199335548173
0.00996677740864
0.00332225913621
0.00664451827243
0.0132890365449
0.0
0.00996677740864
0.00332225913621
0.00332225913621
0.00664451827243
0.132890365449
0.0
0.0996677740864
0.0996677740864
0.00996677740864
0.146179401993
0.00332225913621
0.0132890365449
0.00996677740864
0.00664451827243
0.0199335548173
0.0132890365449
0.0199335548173
0.0199335548173
0.00332225913621
0.00996677740864
0.0
0.00664451827243
0.00332225913621
0.00664451827243
0.00664451827243
0.00996677740864
0.00996677740864
0.0265780730897
0.584717607973
0.584717607973
0.132890365449
0.132890365449
0.00996677740864
0.0299003322259
0.36877076412
0.0598006644518
0.0
0.0166112956811
0.00332225913621
0.00332225913621
0.0
0.0
0.00332225913621
0.0
0.0
0.0
0.00332225913621
0.00332225913621
0.00332225913621
0.00332225913621
0.00664451827243
0.518272425249
0.518272425249
0.209302325581
0.378737541528
0.259136212625
0.0332225913621
0.109634551495
0.109634551495
0.119601328904
0.00332225913621
0.0132890365449
0.132890365449
0.132890365449
0.00996677740864
0.00332225913621
0.0730897009967
0.225913621262
0.345514950166
0.518272425249
0.0598006644518
0.0132890365449
0.0730897009967
0.318936877076
0.372093023256
0.372093023256
0.395348837209
0.418604651163
0.0564784053156
0.0797342192691
0.046511627907
0.365448504983
0.398671096346
0.302325581395
0.00664451827243
0.0166112956811
0.0598006644518
0.495016611296
0.176079734219
0.0897009966777
0.0897009966777
0.0265780730897
0.0166112956811
0.528239202658
0.159468438538
0.285714285714
0.259136212625
0.392026578073
0.199335548173
0.0797342192691
0.431893687708
0.78073089701
0.794019933555
0.554817275748
0.335548172757
0.335548172757
0.14950166113
0.328903654485
0.0166112956811
0.0166112956811
0.00996677740864
0.46511627907
0.784053156146
0.0996677740864
0.415282392027
0.415282392027
0.0
0.0166112956811
0.58803986711
0.0132890365449
0.0299003322259
0.0299003322259
0.0166112956811
0.102990033223
0.0132890365449
0.0166112956811
0.0299003322259
0.0299003322259
0.0199335548173
0.511627906977
0.0232558139535
0.767441860465
0.767441860465
0.717607973422
0.14950166113
0.232558139535
0.232558139535
0.142857142857
0.0132890365449
0.335548172757
0.34219269103
0.166112956811
0.063122923588
0.116279069767
0.0299003322259
0.00996677740864
0.0265780730897
0.28903654485
0.455149501661
0.199335548173
0.0299003322259
0.00664451827243
0.156146179402
0.0166112956811
0.00664451827243
0.0332225913621
0.00332225913621
0.0166112956811
0.0265780730897
0.00996677740864
0.0
0.0132890365449
0.0
0.0
0.00332225913621
0.00332225913621
0.00996677740864
0.0166112956811
0.0
0.00996677740864
0.00996677740864
0.0
0.0
0.0
0.401993355482
0.00996677740864
0.0
0.0
0.0132890365449
0.00332225913621
0.00664451827243
0.0
0.00664451827243
0.00332225913621
0.00664451827243
0.0132890365449
0.0132890365449
0.00664451827243
0.156146179402
0.0166112956811
0.00332225913621
0.205980066445
0.202657807309
0.202657807309
0.00664451827243
0.00332225913621
0.00996677740864
0.00664451827243
0.00332225913621
0.00332225913621
0.00332225913621
0.126245847176
0.00332225913621
0.00332225913621
0.00332225913621
0.00332225913621
0.0
0.00332225913621
0.00332225913621
0.00664451827243
0.136212624585
0.00332225913621
0.00664451827243
0.00332225913621
0.262458471761
0.262458471761
0.00332225913621
0.0
0.046511627907
0.156146179402
0.0199335548173
0.215946843854
0.215946843854
0.215946843854
0.0
0.00332225913621
0.169435215947
0.0166112956811
0.00332225913621
0.00332225913621
0.00664451827243
0.0265780730897
0.0232558139535
0.00332225913621
0.00996677740864
0.00332225913621
0.0299003322259
0.0265780730897
0.00996677740864
0.106312292359
0.14950166113
0.00332225913621
0.205980066445
0.112956810631
0.00996677740864
0.0232558139535
0.0365448504983
0.00332225913621
0.0
0.0132890365449
0.0166112956811
0.0166112956811
0.0
0.0
0.00664451827243
0.00664451827243
0.0265780730897
0.0166112956811
0.0166112956811
0.116279069767
0.269102990033
0.43853820598
0.43853820598
0.0996677740864
0.00664451827243
0.0132890365449
0.0299003322259
0.00664451827243
0.0132890365449
0.0166112956811
0.0
0.00332225913621
0.0963455149502
0.0132890365449
0.451827242525
0.162790697674
0.00996677740864
0.199335548173
0.00664451827243
0.00664451827243
0.00664451827243
0.0132890365449
0.0132890365449
0.0132890365449
0.0132890365449
0.00332225913621
0.0132890365449
0.0132890365449
0.0132890365449
0.00332225913621
0.222591362126
0.112956810631
0.00996677740864
0.0863787375415
0.0232558139535
0.00332225913621
0.00996677740864
0.0132890365449
0.0132890365449
0.225913621262
0.093023255814
1.02990033223
0.448504983389
0.159468438538
0.159468438538
0.0
0.0132890365449
0.0132890365449
0.0
0.00332225913621
0.00332225913621
0.196013289037
0.14950166113
0.00332225913621
0.0166112956811
0.235880398671
0.425249169435
0.0132890365449
0.00664451827243
0.0
0.00664451827243
0.00332225913621
0.00332225913621
0.00332225913621
0.00664451827243
0.451827242525
0.00332225913621
0.00664451827243
0.0
0.00332225913621
0.0
0.00664451827243
0.156146179402
0.156146179402
0.12292358804
0.12292358804
0.116279069767
0.0199335548173
0.0199335548173
0.00332225913621
0.0
0.00664451827243
0.00664451827243
0.00664451827243
0.00664451827243
0.0132890365449
0.176079734219
0.0
0.00664451827243
0.00664451827243
0.0
0.00664451827243
0.00332225913621
0.0332225913621
0.0
0.0
0.00332225913621
0.0431893687708
0.126245847176
0.00332225913621
0.0
0.0
0.00664451827243
0.0
0.00664451827243
0.00332225913621
0.102990033223
0.162790697674
0.471760797342
0.00996677740864
0.0
0.0
0.0730897009967
0.0730897009967
0.063122923588
0.0332225913621
0.31561461794
0.182724252492
0.182724252492
0.401993355482
0.0199335548173
1.1561461794
1.1561461794
0.00664451827243
0.00664451827243
0.0996677740864
0.00996677740864
0.00996677740864
0.196013289037
0.00332225913621
0.518272425249
0.232558139535
0.106312292359
0.106312292359
0.205980066445
0.252491694352
0.43853820598
0.415282392027
0.112956810631
0.0797342192691
0.0
0.0
0.0531561461794
0.31561461794
0.196013289037
0.0
0.00332225913621
0.00332225913621
0.541528239203
0.720930232558
0.375415282392
0.378737541528
0.139534883721
0.0166112956811
0.255813953488
0.0764119601329
0.0764119601329
0.0764119601329
0.0132890365449
0.514950166113
0.00332225913621
0.0996677740864
0.00332225913621
0.0830564784053
0.0830564784053
0.00332225913621
0.0996677740864
0.0963455149502
0.0
0.0
0.0
0.0
0.265780730897
0.152823920266
0.0132890365449
0.00332225913621
0.00996677740864
0.00664451827243
0.00332225913621
0.0
0.0
0.0
0.0265780730897
0.00332225913621
0.063122923588
0.0
0.0
0.00332225913621
0.00332225913621
0.00332225913621
0.0132890365449
0.189368770764
0.189368770764
0.139534883721
0.139534883721
0.00996677740864
0.0
0.531561461794
0.441860465116
0.242524916944
0.00664451827243
0.0
0.0
0.0
0.00332225913621
0.116279069767
0.116279069767
0.00996677740864
0.0232558139535
0.0
0.0
0.00332225913621
0.00332225913621
0.00332225913621
0.00664451827243
0.00664451827243
0.00332225913621
0.0
0.00996677740864
0.00664451827243
0.00664451827243
0.0132890365449
0.591362126246
0.102990033223
0.152823920266
0.00332225913621
0.0
0.00996677740864
0.0132890365449
0.0
0.00996677740864
0.0
0.00664451827243
0.00664451827243
0.00332225913621
0.0166112956811
0.0166112956811
0.209302325581
0.0166112956811
0.0199335548173
0.00332225913621
0.00332225913621
0.169435215947
0.00664451827243
0.0
0.0
0.00996677740864
0.156146179402
0.0
0.00996677740864
0.0963455149502
0.106312292359
0.00332225913621
0.0
0.0
0.328903654485
0.325581395349
0.00332225913621
0.0
0.00332225913621
0.0830564784053
0.0
1.20265780731
0.0166112956811
0.332225913621
0.0199335548173
0.21926910299
0.0132890365449
0.0199335548173
0.0797342192691
0.0265780730897
0.0498338870432
0.00996677740864
0.00664451827243
0.0664451827243
0.325581395349
0.0232558139535
0.0232558139535
0.126245847176
0.431893687708
0.222591362126
0.00664451827243
0.00996677740864
0.0166112956811
0.0166112956811
0.408637873754
0.41196013289
0.704318936877
0.182724252492
0.0166112956811
0.0265780730897
0.0265780730897
0.0299003322259
0.00664451827243
0.00664451827243
0.0132890365449
0.0996677740864
0.0531561461794
0.063122923588
0.046511627907
0.0730897009967
0.00664451827243
0.00332225913621
0.00664451827243
0.00664451827243
0.0232558139535
0.106312292359
0.611295681063
0.611295681063
0.1926910299
0.0697674418605
0.0132890365449
0.00332225913621
0.00664451827243
0.269102990033
0.00664451827243
0.448504983389
0.222591362126
0.179401993355
0.0
0.0897009966777
0.0
0.00996677740864
0.461794019934
0.00332225913621
0.00332225913621
0.209302325581
0.365448504983
0.00996677740864
0.00332225913621
0.0132890365449
0.00332225913621
0.724252491694
0.0132890365449
0.332225913621
0.0
0.00332225913621
0.00332225913621
0.0132890365449
0.0
0.00664451827243
0.00332225913621
0.0
0.0
0.14950166113
0.0199335548173
0.0863787375415
0.00996677740864
0.0
0.00996677740864
0.00996677740864
0.282392026578
0.0199335548173
0.1926910299
0.322259136213
0.0365448504983
0.0232558139535
0.0
0.00664451827243
0.0166112956811
0.388704318937
0.00664451827243
0.00664451827243
0.00996677740864
0.0
0.28903654485
0.28903654485
0.0863787375415
0.00996677740864
0.0166112956811
0.0232558139535
0.176079734219
0.279069767442
0.362126245847
0.362126245847
0.295681063123
0.1926910299
0.00664451827243
0.00996677740864
0.0
0.0
0.00332225913621
0.0
0.28903654485
0.00332225913621
0.162790697674
0.581395348837
0.196013289037
0.196013289037
0.196013289037
0.00332225913621
0.0166112956811
0.0
0.00332225913621
0.0
0.00996677740864
0.0
0.00996677740864
0.00332225913621
0.0
0.00332225913621
0.00332225913621
0.302325581395
0.12292358804
0.109634551495
0.166112956811
0.0132890365449
0.392026578073
0.132890365449
0.00332225913621
0.504983388704
0.0996677740864
0.156146179402
0.0
0.00332225913621
0.00664451827243
0.00332225913621
0.00332225913621
0.212624584718
0.00664451827243
0.0132890365449
0.0
0.358803986711
0.196013289037
0.172757475083
0.235880398671
0.0132890365449
0.0132890365449
0.00332225913621
0.405315614618
0.0132890365449
0.00664451827243
0.00664451827243
0.00332225913621
0.0
0.0132890365449
0.0
0.222591362126
0.225913621262
0.0730897009967
0.00332225913621
0.24584717608
0.162790697674
0.00664451827243
0.0
0.00996677740864
0.0
0.0232558139535
0.159468438538
0.159468438538
0.00996677740864
0.455149501661
0.12292358804
0.0132890365449
0.0332225913621
0.415282392027
0.36877076412
0.0
0.046511627907
0.0166112956811
0.0132890365449
0.0166112956811
0.0132890365449
0.00332225913621
0.0
0.0
0.0
0.00664451827243
0.00664451827243
0.00996677740864
0.0
0.00332225913621
0.0
0.00996677740864
0.0332225913621
0.0332225913621
0.00332225913621
0.225913621262
0.0132890365449
0.0166112956811
0.00996677740864
0.0797342192691
0.00996677740864
0.418604651163
0.0
0.0232558139535
0.0232558139535
0.0897009966777
0.0332225913621
0.102990033223
0.00664451827243
0.0
0.126245847176
0.00332225913621
0.0199335548173
0.28903654485
0.617940199336
0.14950166113
0.00664451827243
0.398671096346
0.0897009966777
0.00996677740864
0.0232558139535
0.126245847176
0.196013289037
0.00664451827243
0.116279069767
0.126245847176
0.126245847176
0.282392026578
0.46511627907
0.611295681063
0.242524916944
0.229235880399
0.156146179402
0.282392026578
0.282392026578
0.169435215947
0.0232558139535
0.0199335548173
0.0
0.0265780730897
0.0
0.00332225913621
0.0132890365449
0.00996677740864
0.00996677740864
0.0166112956811
0.0132890365449
0.0132890365449
0.0
0.0132890365449
0.0132890365449
0.0
0.0232558139535
0.0166112956811
0.00332225913621
0.00332225913621
0.00664451827243
0.0166112956811
0.00996677740864
0.199335548173
0.00332225913621
0.0
0.485049833887
0.249169435216
0.262458471761
0.252491694352
0.00664451827243
0.129568106312
0.0
0.0199335548173
0.139534883721
0.139534883721
0.0730897009967
0.0963455149502
0.0199335548173
0.232558139535
0.00664451827243
0.00996677740864
0.428571428571
0.0963455149502
0.00996677740864
0.152823920266
0.239202657807
0.209302325581
0.0132890365449
0.129568106312
0.00996677740864
0.00664451827243
0.00664451827243
0.00664451827243
0.0232558139535
0.00332225913621
0.212624584718
0.0
0.305647840532
0.0132890365449
0.0
1.06644518272
1.05980066445
0.00996677740864
0.00332225913621
0.00332225913621
0.305647840532
0.0232558139535
0.00664451827243
0.093023255814
0.00996677740864
0.0664451827243
0.182724252492
0.00332225913621
0.00664451827243
0.136212624585
0.00664451827243
0.116279069767
0.348837209302
0.352159468439
0.0
0.189368770764
0.0
0.0963455149502
0.00332225913621
0.142857142857
0.162790697674
0.189368770764
0.571428571429
0.571428571429
0.0963455149502
0.176079734219
0.119601328904
0.159468438538
0.00664451827243
0.00664451827243
0.0863787375415
0.0863787375415
0.0166112956811
0.0132890365449
0.093023255814
0.12292358804
0.00996677740864
0.0132890365449
0.418604651163
0.418604651163
0.239202657807
0.265780730897
0.312292358804
0.126245847176
0.129568106312
0.215946843854
0.345514950166
0.0598006644518
0.0132890365449
0.0166112956811
0.00996677740864
0.00664451827243
0.28903654485
0.28903654485
0.0265780730897
0.0265780730897
0.225913621262
0.385382059801
0.328903654485
0.00664451827243
0.00332225913621
0.00332225913621
0.00332225913621
0.265780730897
0.00996677740864
0.0
0.408637873754
0.00996677740864
0.0265780730897
0.162790697674
0.0
0.00664451827243
0.00664451827243
0.00664451827243
0.0
0.0797342192691
0.00664451827243
0.162790697674
0.162790697674
0.0232558139535
0.0132890365449
0.0166112956811
0.0
0.093023255814
0.093023255814
0.0897009966777
0.0265780730897
0.0332225913621
0.0431893687708
0.893687707641
0.0398671096346
0.0132890365449
0.0531561461794
0.0498338870432
0.112956810631
0.162790697674
0.00996677740864
0.0132890365449
0.0132890365449
0.647840531561
0.36877076412
0.36877076412
0.551495016611
0.392026578073
0.0498338870432
0.0797342192691
0.00332225913621
0.0132890365449
0.0
0.0132890365449
0.0
0.0166112956811
0.0
0.0498338870432
0.00664451827243
0.0132890365449
0.0199335548173
0.00664451827243
0.00664451827243
0.0
0.0132890365449
0.0166112956811
0.00664451827243
0.0830564784053
0.00332225913621
0.00996677740864
0.0232558139535
0.0
0.00664451827243
0.299003322259
0.299003322259
0.156146179402
0.152823920266
0.0199335548173
0.00332225913621
0.0
0.408637873754
0.0166112956811
0.00996677740864
0.00332225913621
0.00664451827243
0.0
0.00996677740864
0.00664451827243
0.136212624585
0.093023255814
0.189368770764
0.0166112956811
0.00996677740864
0.352159468439
0.0132890365449
0.00664451827243
0.00332225913621
0.0
0.498338870432
0.265780730897
0.202657807309
0.00996677740864
0.0132890365449
0.046511627907
0.00332225913621
0.0797342192691
0.00332225913621
0.00332225913621
0.501661129568
0.00664451827243
0.00332225913621
0.272425249169
0.0
0.0365448504983
0.581395348837
0.581395348837
0.00332225913621
0.415282392027
0.418604651163
0.458471760797
0.554817275748
0.0299003322259
0.0299003322259
0.0166112956811
0.0830564784053
0.0830564784053
0.0863787375415
0.0996677740864
0.00332225913621
0.0365448504983
0.0166112956811
0.0132890365449
0.0
0.00332225913621
0.0
0.0132890365449
0.00332225913621
0.0132890365449
0.0166112956811
0.00996677740864
0.0166112956811
0.0332225913621
0.0132890365449
0.00996677740864
0.00996677740864
0.00664451827243
0.0
0.00332225913621
0.0
0.00332225913621
0.00332225913621
0.00332225913621
0.00996677740864
0.142857142857
0.00664451827243
0.00664451827243
0.00996677740864
0.00332225913621
0.00664451827243
0.0
0.00332225913621
0.132890365449
0.774086378738
0.176079734219
0.176079734219
0.0764119601329
0.239202657807
0.239202657807
0.0531561461794
0.0531561461794
0.305647840532
0.0265780730897
0.00996677740864
0.00332225913621
0.00332225913621
0.21926910299
0.00996677740864
0.0299003322259
0.0
0.00664451827243
0.0
0.00996677740864
0.00664451827243
0.00664451827243
0.00332225913621
0.0
0.0
0.0132890365449
0.00664451827243
0.00664451827243
0.0
0.00332225913621
0.0
0.00332225913621
0.00996677740864
0.00996677740864
0.00664451827243
0.102990033223
0.139534883721
0.365448504983
0.0365448504983
0.00664451827243
0.109634551495
0.132890365449
0.0199335548173
0.109634551495
0.312292358804
0.382059800664
0.182724252492
0.0332225913621
0.0531561461794
0.00996677740864
0.0132890365449
0.0332225913621
0.0730897009967
0.43853820598
0.0830564784053
0.0830564784053
0.0166112956811
0.00332225913621
0.1926910299
0.136212624585
0.00664451827243
0.00996677740864
0.14950166113
0.14950166113
0.0232558139535
0.0232558139535
0.0132890365449
0.00664451827243
0.00664451827243
0.0
0.0830564784053
0.528239202658
0.375415282392
0.109634551495
0.109634551495
0.00996677740864
0.00332225913621
0.0
0.00332225913621
0.00996677740864
0.0
0.00664451827243
0.0166112956811
0.00996677740864
0.0697674418605
0.325581395349
0.212624584718
0.176079734219
0.00332225913621
0.0132890365449
0.00664451827243
0.00664451827243
0.00996677740864
0.0
0.272425249169
0.146179401993
0.0365448504983
0.146179401993
0.119601328904
0.0897009966777
0.0265780730897
0.0963455149502
0.0398671096346
0.00996677740864
0.581395348837
0.24584717608
0.186046511628
0.0132890365449
0.0365448504983
0.0166112956811
0.215946843854
0.215946843854
0.495016611296
0.0431893687708
0.36877076412
0.162790697674
0.215946843854
0.0398671096346
0.415282392027
0.415282392027
0.00332225913621
0.0132890365449
0.0664451827243
0.119601328904
0.332225913621
0.332225913621
0.0332225913621
0.0
0.0232558139535
0.0332225913621
0.116279069767
0.0
0.647840531561
0.0232558139535
0.0232558139535
0.249169435216
0.249169435216
0.0299003322259
0.840531561462
0.0199335548173
0.475083056478
0.475083056478
0.00664451827243
0.116279069767
0.00996677740864
0.880398671096
0.0132890365449
0.00664451827243
0.0398671096346
0.0166112956811
0.0332225913621
0.0166112956811
0.0
0.295681063123
0.189368770764
0.00664451827243
0.112956810631
0.00664451827243
0.382059800664
0.00332225913621
0.0332225913621
0.00332225913621
0.328903654485
0.604651162791
0.109634551495
0.162790697674
0.14950166113
0.435215946844
0.382059800664
0.0697674418605
0.0730897009967
0.162790697674
0.00996677740864
0.279069767442
0.584717607973
0.58803986711
0.34219269103
0.00996677740864
0.421926910299
0.172757475083
0.328903654485
0.0
0.392026578073
0.179401993355
0.365448504983
0.365448504983
0.129568106312
0.0664451827243
0.0199335548173
0.694352159468
0.694352159468
0.0
0.00332225913621
0.0132890365449
0.0764119601329
0.0764119601329
0.0863787375415
0.0863787375415
0.0332225913621
0.00996677740864
0.00332225913621
0.0
0.00332225913621
0.00664451827243
0.0132890365449
0.0132890365449
0.0
0.0
0.00996677740864
0.00332225913621
0.00664451827243
0.00332225913621
0.0166112956811
0.0132890365449
0.0132890365449
0.0166112956811
0.0132890365449
0.00664451827243
0.00996677740864
0.0232558139535
0.0166112956811
0.00664451827243
0.00332225913621
0.0
0.0
0.0299003322259
0.00332225913621
0.24584717608
0.252491694352
0.282392026578
0.169435215947
0.0132890365449
0.0299003322259
0.00332225913621
0.00664451827243
0.0
0.471760797342
0.00332225913621
0.0
0.0132890365449
0.0232558139535
0.0398671096346
0.00664451827243
0.312292358804
0.312292358804
0.00996677740864
0.0166112956811
0.0299003322259
0.0166112956811
0.0498338870432
0.521594684385
0.0132890365449
0.0
0.00664451827243
0.0132890365449
0.142857142857
0.102990033223
0.0531561461794
0.0
0.00332225913621
0.0232558139535
0.0
0.0
0.0232558139535
0.179401993355
0.179401993355
0.179401993355
0.222591362126
0.189368770764
0.196013289037
0.00332225913621
0.0
0.00996677740864
0.00996677740864
0.0199335548173
0.0132890365449
0.0
0.106312292359
0.00996677740864
0.0132890365449
0.00664451827243
0.146179401993
0.142857142857
0.0332225913621
0.0199335548173
0.00664451827243
0.0
0.0166112956811
0.0166112956811
0.00996677740864
0.00996677740864
0.0
0.272425249169
0.837209302326
0.00664451827243
0.00664451827243
0.0199335548173
0.308970099668
0.0963455149502
0.00664451827243
0.0132890365449
0.0132890365449
0.0132890365449
0.00664451827243
0.0332225913621
0.12292358804
0.126245847176
0.0598006644518
0.0598006644518
0.00664451827243
0.0598006644518
0.182724252492
0.0132890365449
0.272425249169
0.0166112956811
0.0166112956811
0.169435215947
0.046511627907
0.00664451827243
0.0531561461794
0.0531561461794
0.00664451827243
0.634551495017
0.00996677740864
0.0
0.0199335548173
0.0166112956811
0.00664451827243
0.0166112956811
1.5415282392
1.33887043189
1.33222591362
1.24916943522
0.00664451827243
0.0132890365449
0.0132890365449
0.212624584718
0.209302325581
0.239202657807
0.0265780730897
0.232558139535
0.308970099668
0.810631229236
0.156146179402
0.139534883721
0.139534883721
0.14950166113
0.0
0.142857142857
0.295681063123
0.0199335548173
0.00332225913621
0.00332225913621
0.0299003322259
0.0299003322259
0.0299003322259
0.0299003322259
0.00996677740864
0.176079734219
0.00332225913621
0.0265780730897
0.046511627907
0.0199335548173
0.0
0.0
0.00996677740864
0.0132890365449
0.0132890365449
0.0232558139535
0.0132890365449
0.00996677740864
0.00332225913621
0.00664451827243
0.00332225913621
0.00332225913621
0.0166112956811
0.448504983389
0.00664451827243
0.0132890365449
0.0199335548173
0.0132890365449
0.0132890365449
0.093023255814
0.262458471761
0.262458471761
0.152823920266
0.00332225913621
0.0365448504983
0.0265780730897
0.0132890365449
0.00996677740864
0.0764119601329
0.0
0.0431893687708
0.00996677740864
0.00996677740864
0.0
0.0
0.156146179402
0.159468438538
0.0199335548173
0.225913621262
0.318936877076
0.435215946844
0.0132890365449
0.0598006644518
0.265780730897
0.159468438538
0.112956810631
0.398671096346
0.00996677740864
0.186046511628
0.0166112956811
0.0199335548173
0.00332225913621
0.00996677740864
0.00332225913621
0.0
0.00996677740864
0.00332225913621
0.0199335548173
0.0265780730897
0.00996677740864
0.0764119601329
0.415282392027
0.00664451827243
0.00664451827243
0.00996677740864
0.0199335548173
0.132890365449
0.132890365449
0.0
0.0132890365449
0.0
0.0
0.00664451827243
0.0
0.00664451827243
0.0199335548173
0.0664451827243
0.0132890365449
0.0199335548173
0.0166112956811
0.0166112956811
0.00664451827243
0.00664451827243
0.00664451827243
0.0
0.0431893687708
0.0365448504983
0.0132890365449
0.0199335548173
0.0199335548173
0.0232558139535
0.0564784053156
0.00664451827243
0.106312292359
0.0598006644518
0.139534883721
0.704318936877
0.0232558139535
0.129568106312
0.222591362126
0.0166112956811
0.00664451827243
0.0232558139535
0.21926910299
0.0365448504983
0.0332225913621
0.335548172757
0.0598006644518
0.0199335548173
0.0199335548173
0.093023255814
0.242524916944
0.186046511628
0.00996677740864
0.0199335548173
0.00996677740864
0.0830564784053
0.0232558139535
0.129568106312
0.046511627907
0.102990033223
0.0564784053156
0.00664451827243
0.568106312292
0.495016611296
0.0598006644518
0.00996677740864
0.0232558139535
0.481727574751
0.205980066445
0.0166112956811
0.332225913621
0.262458471761
0.212624584718
0.209302325581
0.299003322259
0.418604651163
0.0697674418605
0.0
0.0
0.0
0.0
0.0
0.0
0.0
0.0
0.0
0.00332225913621
0.00332225913621
0.00664451827243
0.00996677740864
0.00664451827243
0.0166112956811
0.00996677740864
0.0963455149502
0.0963455149502
0.00664451827243
0.00996677740864
0.0132890365449
0.661129568106
0.0
0.0
0.00332225913621
0.235880398671
0.232558139535
0.0132890365449
0.0132890365449
0.0132890365449
0.00332225913621
0.00664451827243
0.0
0.00664451827243
0.00664451827243
0.00332225913621
0.00664451827243
0.395348837209
0.375415282392
0.093023255814
0.0166112956811
0.00996677740864
0.00664451827243
0.0166112956811
0.0199335548173
0.0166112956811
0.0132890365449
0.212624584718
0.0
0.0132890365449
0.00664451827243
0.0863787375415
0.119601328904
0.0132890365449
0.332225913621
0.00996677740864
0.209302325581
0.209302325581
0.00996677740864
0.0
0.00664451827243
0.00332225913621
0.0132890365449
0.0
0.00996677740864
0.00996677740864
0.00332225913621
0.00332225913621
0.418604651163
0.119601328904
0.840531561462
0.624584717608
0.0199335548173
0.0697674418605
0.0830564784053
0.485049833887
0.312292358804
0.46511627907
0.259136212625
0.0697674418605
0.169435215947
0.169435215947
0.169435215947
0.0498338870432
0.0564784053156
0.00664451827243
0.00664451827243
0.119601328904
0.0265780730897
0.202657807309
0.737541528239
0.0199335548173
0.0199335548173
0.292358803987
0.362126245847
0.0996677740864
0.0830564784053
0.0697674418605
0.0232558139535
0.0332225913621
0.046511627907
0.0166112956811
0.0199335548173
0.0764119601329
0.0299003322259
0.0332225913621
0.425249169435
0.448504983389
0.448504983389
0.0697674418605
0.338870431894
0.970099667774
0.0232558139535
0.242524916944
0.0431893687708
0.0398671096346
0.0166112956811
0.0232558139535
0.0232558139535
0.063122923588
0.0166112956811
0.0166112956811
0.375415282392
0.162790697674
0.00332225913621
0.843853820598
0.0531561461794
0.132890365449
0.132890365449
0.0199335548173
0.0498338870432
0.046511627907
0.0764119601329
0.0730897009967
0.102990033223
0.0199335548173
0.0166112956811
0.0132890365449
0.0166112956811
0.0
0.28903654485
0.0132890365449
0.0166112956811
0.0132890365449
0.00332225913621
0.00996677740864
0.202657807309
0.225913621262
0.232558139535
0.275747508306
0.900332225914
0.232558139535
0.0265780730897
0.0132890365449
0.0232558139535
0.0232558139535
0.382059800664
0.0199335548173
0.299003322259
0.720930232558
0.720930232558
0.674418604651
0.0199335548173
0.00332225913621
0.119601328904
0.119601328904
0.132890365449
0.501661129568
0.46511627907
0.186046511628
0.0332225913621
0.0232558139535
0.0232558139535
0.0199335548173
0.0132890365449
0.946843853821
0.109634551495
0.0332225913621
0.431893687708
0.504983388704
0.169435215947
0.136212624585
0.255813953488
0.00996677740864
0.119601328904
0.139534883721
0.00664451827243
0.00996677740864
0.0265780730897
0.046511627907
0.0232558139535
0.0265780730897
0.00332225913621
0.00332225913621
0.00332225913621
0.00664451827243
0.00996677740864
0.335548172757
0.0431893687708
0.0166112956811
0.0
0.00332225913621
0.34219269103
0.119601328904
0.654485049834
0.448504983389
0.448504983389
0.0199335548173
0.0332225913621
0.774086378738
0.159468438538
0.0664451827243
0.063122923588
0.0
0.00332225913621
0.00332225913621
0.0
0.00332225913621
0.28903654485
0.00996677740864
0.00664451827243
0.0
0.0166112956811
0.0199335548173
0.186046511628
0.00664451827243
0.00332225913621
0.00332225913621
0.0132890365449
0.00332225913621
0.00332225913621
0.00332225913621
0.00332225913621
0.00332225913621
0.00664451827243
0.0
0.00996677740864
0.0132890365449
0.00996677740864
0.00332225913621
0.0166112956811
0.262458471761
0.00664451827243
0.00664451827243
0.00996677740864
0.00664451827243
0.00332225913621
0.0265780730897
0.0265780730897
0.0199335548173
0.0199335548173
0.00996677740864
0.0697674418605
0.0498338870432
0.0232558139535
0.0
0.0299003322259
0.00332225913621
0.0132890365449
0.401993355482
0.0199335548173
0.00332225913621
0.0166112956811
0.478405315615
0.328903654485
0.252491694352
0.239202657807
0.0299003322259
0.0232558139535
0.202657807309
0.00664451827243
0.0166112956811
0.0166112956811
0.0132890365449
0.0132890365449
0.0166112956811
0.0299003322259
0.046511627907
0.00996677740864
0.00332225913621
0.0232558139535
0.0299003322259
0.28903654485
0.322259136213
0.455149501661
0.229235880399
0.229235880399
0.24584717608
0.24584717608
0.202657807309
0.0
0.00332225913621
0.0299003322259
0.0398671096346
0.0764119601329
0.00332225913621
1.01993355482
0.362126245847
0.790697674419
0.156146179402
0.00664451827243
0.0664451827243
0.0199335548173
0.299003322259
0.318936877076
0.285714285714
0.0132890365449
0.00664451827243
0.00332225913621
0.0166112956811
0.0332225913621
0.00996677740864
0.651162790698
1.1926910299
0.00996677740864
0.00664451827243
0.00332225913621
0.0132890365449
0.156146179402
0.475083056478
0.56146179402
0.0730897009967
0.0
0.00332225913621
0.637873754153
0.634551495017
0.182724252492
0.232558139535
0.232558139535
0.00664451827243
0.93023255814
0.00664451827243
0.0730897009967
0.0730897009967
0.169435215947
0.691029900332
0.179401993355
0.0398671096346
0.162790697674
0.172757475083
0.166112956811
0.0299003322259
0.0132890365449
0.0166112956811
0.0132890365449
0.136212624585
0.00664451827243
0.0299003322259
0.00664451827243
0.0664451827243
0.0199335548173
0.382059800664
0.408637873754
0.0996677740864
0.269102990033
0.325581395349
0.232558139535
0.00664451827243
0.295681063123
0.408637873754
0.408637873754
0.0365448504983
0.43853820598
0.0764119601329
0.441860465116
0.0
0.0664451827243
0.495016611296
0.53488372093
0.0199335548173
0.697674418605
0.0299003322259
0.0265780730897
0.41196013289
0.186046511628
0.182724252492
0.0431893687708
0.249169435216
0.475083056478
0.0132890365449
0.0132890365449
0.0332225913621
0.0
0.0232558139535
1.39867109635
0.00996677740864
0.0132890365449
0.0299003322259
0.0299003322259
0.00332225913621
0.0
0.129568106312
0.0232558139535
0.0199335548173
0.0265780730897
0.0
0.0166112956811
0.00664451827243
0.00664451827243
0.00996677740864
0.0232558139535
0.109634551495
0.222591362126
0.00664451827243
0.34219269103
0.34219269103
0.00664451827243
0.0199335548173
0.0
0.813953488372
0.0232558139535
0.00332225913621
0.0
0.00996677740864
0.0166112956811
0.00664451827243
0.00996677740864
0.00996677740864
0.00332225913621
0.0
0.00996677740864
0.0
0.00332225913621
0.803986710963
0.0498338870432
0.720930232558
0.0830564784053
0.0498338870432
0.0498338870432
0.0
0.0498338870432
0.0598006644518
0.00996677740864
0.00996677740864
0.00332225913621
0.0
0.0598006644518
0.41196013289
0.0
0.00332225913621
0.00332225913621
0.0
0.00664451827243
0.0
0.00332225913621
0.00332225913621
0.0
0.0
0.00664451827243
0.00332225913621
0.00332225913621
0.106312292359
0.102990033223
0.279069767442
0.00664451827243
0.176079734219
0.00332225913621
0.00332225913621
0.00332225913621
0.0
0.00332225913621
0.0
0.205980066445
0.136212624585
0.179401993355
