with_clust1_REL
0.212624584718
0.0431893687708
0.0166112956811
0.00332225913621
0.0132890365449
0.0132890365449
0.00664451827243
0.00664451827243
0.0
0.00664451827243
0.00332225913621
0.00996677740864
0.106312292359
0.00996677740864
0.0
0.00332225913621
0.116279069767
0.139534883721
0.0199335548173
0.408637873754
0.0232558139535
0.00996677740864
0.0199335548173
0.292358803987
0.00332225913621
0.00332225913621
0.0132890365449
0.209302325581
0.119601328904
0.00664451827243
0.0431893687708
0.0
0.00332225913621
0.0132890365449
0.0132890365449
0.00664451827243
0.21926910299
0.508305647841
0.12292358804
0.00664451827243
0.00996677740864
0.0
0.0
0.00996677740864
0.00664451827243
0.0431893687708
0.00332225913621
0.00664451827243
0.00664451827243
0.0
0.00996677740864
0.172757475083
0.0132890365449
0.00996677740864
0.00664451827243
0.00664451827243
0.146179401993
0.362126245847
0.12292358804
0.262458471761
0.0
0.00332225913621
0.78073089701
0.385382059801
0.106312292359
0.0
0.00996677740864
0.418604651163
0.0332225913621
0.0
0.0
0.00332225913621
0.78073089701
0.0132890365449
0.0830564784053
0.0564784053156
0.0564784053156
0.0797342192691
0.617940199336
0.152823920266
0.186046511628
0.00664451827243
0.00664451827243
0.0132890365449
0.471760797342
0.00332225913621
0.322259136213
0.279069767442
0.00332225913621
0.272425249169
0.0498338870432
0.0199335548173
0.0265780730897
0.282392026578
0.0697674418605
0.0
0.162790697674
0.93023255814
0.00332225913621
0.0232558139535
0.00332225913621
0.0132890365449
0.681063122924
0.00996677740864
0.0
0.0
0.584717607973
0.00664451827243
0.0697674418605
0.0697674418605
0.0132890365449
0.0132890365449
0.00332225913621
0.0199335548173
0.156146179402
0.176079734219
0.617940199336
0.617940199336
0.00664451827243
0.129568106312
0.129568106312
0.239202657807
0.0232558139535
0.00996677740864
0.00996677740864
0.0398671096346
0.471760797342
0.0
0.0
0.518272425249
0.431893687708
0.431893687708
0.162790697674
0.046511627907
0.441860465116
0.0166112956811
0.00664451827243
0.0
0.00332225913621
0.0
0.495016611296
0.78073089701
0.794019933555
0.00332225913621
0.0132890365449
0.0232558139535
0.00996677740864
0.0166112956811
0.0166112956811
0.14950166113
0.205980066445
0.112956810631
0.0199335548173
0.0199335548173
0.00332225913621
0.0232558139535
0.0
0.0963455149502
0.162790697674
0.0199335548173
0.0199335548173
0.225913621262
0.0132890365449
0.112956810631
0.00996677740864
0.00332225913621
0.0797342192691
0.0265780730897
0.0265780730897
0.0199335548173
0.0365448504983
0.00664451827243
0.28903654485
0.28903654485
0.0996677740864
0.00332225913621
0.00664451827243
0.00332225913621
0.00996677740864
0.0199335548173
0.0
0.0598006644518
0.485049833887
0.0365448504983
0.00664451827243
0.0166112956811
0.0
0.136212624585
0.00332225913621
0.00996677740864
0.00664451827243
0.0
0.571428571429
0.571428571429
0.176079734219
0.511627906977
0.0265780730897
0.225913621262
0.0
0.0
0.0
0.0
0.0
0.0166112956811
0.0166112956811
0.162790697674
0.0132890365449
0.0166112956811
0.189368770764
0.0265780730897
0.00332225913621
0.265780730897
0.0332225913621
0.0
0.0365448504983
0.00996677740864
0.0132890365449
0.139534883721
0.365448504983
0.312292358804
0.528239202658
0.375415282392
0.0132890365449
0.176079734219
0.186046511628
0.0265780730897
0.0265780730897
0.0
0.162790697674
0.14950166113
0.435215946844
0.279069767442
0.365448504983
0.365448504983
0.169435215947
0.0299003322259
0.0498338870432
0.521594684385
0.0132890365449
0.0
0.00332225913621
0.0764119601329
0.00332225913621
0.00996677740864
0.0166112956811
0.0166112956811
0.00664451827243
0.00664451827243
0.00664451827243
0.00332225913621
0.0299003322259
0.0265780730897
0.0132890365449
0.0232558139535
0.0132890365449
0.00996677740864
0.119601328904
0.46511627907
0.259136212625
0.362126245847
0.0365448504983
0.41196013289
0.00664451827243
0.00664451827243
0.00332225913621
0.00664451827243
0.431893687708
0.112956810631
0.112956810631
0.00332225913621
0.00332225913621
0.00996677740864
0.0
0.00332225913621
0.00332225913621
0.00664451827243
0.00996677740864
0.00996677740864
0.00332225913621
0.0166112956811
0.28903654485
0.00332225913621
0.00332225913621
0.0299003322259
0.0
0.299003322259
0.0
0.0531561461794
0.269102990033
0.232558139535
0.495016611296
0.53488372093
0.0332225913621
0.41196013289
0.0332225913621
0.112956810631
0.00996677740864
0.00664451827243
0.0166112956811
0.803986710963
0.179401993355
