with_clust4_REL
0.0265780730897
0.0132890365449
0.00996677740864
0.136212624585
0.0
0.0697674418605
0.0232558139535
0.00664451827243
0.0132890365449
0.594684385382
0.0132890365449
0.0332225913621
0.0564784053156
0.378737541528
0.398671096346
0.0199335548173
0.843853820598
0.405315614618
0.00664451827243
0.385382059801
0.0
0.362126245847
0.0
0.0166112956811
0.0166112956811
0.0232558139535
0.00996677740864
0.0
0.0
0.00664451827243
0.0
0.00996677740864
0.00332225913621
0.0132890365449
0.00332225913621
0.126245847176
0.0
0.365448504983
0.0132890365449
0.0
0.00996677740864
0.00332225913621
0.109634551495
0.156146179402
0.491694352159
0.488372093023
0.448504983389
0.186046511628
0.548172757475
0.0431893687708
0.0
0.0
0.0132890365449
0.0132890365449
0.225913621262
0.388704318937
0.398671096346
0.156146179402
0.00996677740864
0.0730897009967
0.00332225913621
0.0
0.109634551495
0.00996677740864
0.00332225913621
0.00332225913621
0.0166112956811
0.0199335548173
0.498338870432
0.0498338870432
0.146179401993
0.00664451827243
0.00332225913621
0.00996677740864
0.00332225913621
0.00332225913621
0.00332225913621
0.0
0.0498338870432
0.0
0.00332225913621
0.00664451827243
0.295681063123
0.0
0.00664451827243
0.00664451827243
0.269102990033
0.00664451827243
0.0830564784053
0.00996677740864
0.132890365449
0.00996677740864
0.00332225913621
0.00996677740864
0.0166112956811
0.0
0.0
0.0
0.0
0.0299003322259
0.12292358804
0.12292358804
0.0265780730897
0.0132890365449
0.00664451827243
0.0265780730897
0.209302325581
0.0
0.00664451827243
0.00664451827243
0.0797342192691
0.0531561461794
0.504983388704
0.00664451827243
0.00332225913621
0.00332225913621
0.0
0.189368770764
0.265780730897
0.0
0.0132890365449
0.00664451827243
0.598006644518
0.601328903654
0.41196013289
0.578073089701
0.00664451827243
0.408637873754
0.85049833887
0.129568106312
0.0764119601329
0.00996677740864
0.0
0.621262458472
0.578073089701
0.568106312292
0.511627906977
0.514950166113
0.156146179402
0.00664451827243
0.544850498339
0.0897009966777
0.00664451827243
0.0166112956811
0.0
0.265780730897
0.511627906977
0.318936877076
0.0
0.00664451827243
0.00332225913621
0.00664451827243
0.00332225913621
0.00332225913621
0.00664451827243
0.00332225913621
0.451827242525
0.335548172757
0.312292358804
0.305647840532
0.0132890365449
0.0
0.00332225913621
0.0132890365449
0.634551495017
0.00332225913621
0.352159468439
0.00664451827243
0.0166112956811
0.0
0.00332225913621
0.0
0.299003322259
1.04983388704
0.0299003322259
0.255813953488
0.225913621262
0.142857142857
0.126245847176
0.119601328904
0.00664451827243
0.00332225913621
0.00664451827243
0.00664451827243
0.269102990033
0.269102990033
0.112956810631
0.0132890365449
0.0132890365449
0.0166112956811
0.102990033223
0.00332225913621
0.269102990033
0.269102990033
0.332225913621
0.00332225913621
0.00332225913621
0.126245847176
0.126245847176
0.00332225913621
0.00996677740864
0.0
0.0
0.00664451827243
0.833887043189
0.0
0.00332225913621
0.00332225913621
0.24584717608
0.00332225913621
0.00664451827243
0.00664451827243
0.372093023256
0.352159468439
0.00332225913621
0.0132890365449
0.0132890365449
0.418604651163
0.418604651163
0.0199335548173
0.093023255814
0.0
0.225913621262
0.225913621262
0.0199335548173
0.269102990033
0.0963455149502
0.0963455149502
0.358803986711
0.0
0.00332225913621
0.00332225913621
0.179401993355
0.186046511628
0.00664451827243
0.00332225913621
0.0963455149502
0.00332225913621
0.182724252492
0.0199335548173
0.322259136213
0.139534883721
0.209302325581
0.202657807309
0.205980066445
0.205980066445
0.571428571429
0.169435215947
0.169435215947
0.106312292359
0.00664451827243
0.0132890365449
0.00664451827243
0.28903654485
0.00664451827243
0.00664451827243
0.00664451827243
0.00664451827243
0.00996677740864
0.00332225913621
0.00332225913621
0.00332225913621
0.136212624585
0.56146179402
0.478405315615
0.00332225913621
0.0
0.00332225913621
0.209302325581
0.335548172757
0.00664451827243
1.41528239203
0.202657807309
0.0132890365449
0.00332225913621
0.21926910299
0.14950166113
0.14950166113
0.205980066445
0.0166112956811
0.00332225913621
0.00664451827243
0.0132890365449
0.0166112956811
0.0664451827243
0.611295681063
0.285714285714
0.0132890365449
0.209302325581
0.00332225913621
0.00332225913621
0.0265780730897
0.0
0.00996677740864
0.00996677740864
0.00332225913621
0.0
0.292358803987
0.00996677740864
0.0
0.202657807309
0.119601328904
0.119601328904
0.421926910299
0.159468438538
0.491694352159
0.0166112956811
0.0166112956811
0.00332225913621
0.0431893687708
0.0132890365449
0.222591362126
0.199335548173
0.0
0.428571428571
0.428571428571
0.00664451827243
0.00996677740864
0.00996677740864
0.00332225913621
0.00664451827243
0.239202657807
0.239202657807
0.00996677740864
0.0166112956811
0.724252491694
0.00664451827243
0.00332225913621
0.00996677740864
0.0
0.0132890365449
0.063122923588
0.00332225913621
0.00996677740864
0.00996677740864
0.0
0.265780730897
0.265780730897
0.0
0.953488372093
0.0132890365449
0.372093023256
0.275747508306
0.00664451827243
0.0
0.0166112956811
0.0431893687708
0.295681063123
0.355481727575
0.139534883721
0.00332225913621
0.142857142857
0.136212624585
0.0132890365449
0.00332225913621
0.0332225913621
0.0132890365449
0.152823920266
0.292358803987
0.00332225913621
0.00996677740864
0.00332225913621
0.0
0.00996677740864
0.332225913621
0.41196013289
0.142857142857
0.0
0.00332225913621
0.0
0.0
0.235880398671
0.00332225913621
0.0199335548173
0.00664451827243
0.0
0.0199335548173
0.00332225913621
0.235880398671
0.063122923588
0.132890365449
0.132890365449
0.325581395349
0.322259136213
0.0199335548173
0.12292358804
0.102990033223
0.0996677740864
0.00664451827243
0.046511627907
0.574750830565
0.00332225913621
0.00664451827243
0.0232558139535
0.21926910299
0.132890365449
0.255813953488
0.0897009966777
0.581395348837
0.36877076412
0.0
0.0365448504983
0.0664451827243
0.41196013289
0.41196013289
0.109634551495
0.139534883721
0.142857142857
0.338870431894
0.00996677740864
0.00996677740864
0.322259136213
0.186046511628
0.0963455149502
0.0
0.00996677740864
0.14950166113
0.0
0.00664451827243
0.00332225913621
0.166112956811
0.0265780730897
0.691029900332
0.00332225913621
0.00332225913621
0.461794019934
0.172757475083
0.00332225913621
0.00332225913621
0.00996677740864
0.0132890365449
0.00664451827243
0.0
0.172757475083
0.172757475083
0.00664451827243
0.481727574751
0.485049833887
0.00996677740864
0.0
0.0996677740864
0.0996677740864
0.00332225913621
0.0
0.00664451827243
0.0598006644518
0.00332225913621
0.0
0.518272425249
0.518272425249
0.378737541528
0.00996677740864
0.109634551495
0.109634551495
0.119601328904
0.00996677740864
0.132890365449
0.132890365449
0.0166112956811
0.0730897009967
0.225913621262
0.365448504983
0.398671096346
0.176079734219
0.0897009966777
0.0897009966777
0.0797342192691
0.00332225913621
0.46511627907
0.0166112956811
0.0996677740864
0.0232558139535
0.0332225913621
0.0166112956811
0.511627906977
0.767441860465
0.767441860465
0.717607973422
0.00996677740864
0.00332225913621
0.335548172757
0.34219269103
0.116279069767
0.28903654485
0.455149501661
0.00664451827243
0.00332225913621
0.00332225913621
0.00332225913621
0.0132890365449
0.401993355482
0.00332225913621
0.00332225913621
0.0132890365449
0.156146179402
0.0
0.00664451827243
0.00996677740864
0.0
0.00664451827243
0.0
0.00664451827243
0.00332225913621
0.00332225913621
0.0232558139535
0.046511627907
0.0132890365449
0.0
0.0431893687708
0.0232558139535
0.0132890365449
0.063122923588
0.0166112956811
0.0
0.00664451827243
0.0
0.00332225913621
0.00996677740864
0.00996677740864
0.0
0.00332225913621
0.0
0.00332225913621
0.00332225913621
0.00996677740864
0.102990033223
0.162790697674
0.471760797342
0.0166112956811
0.182724252492
0.182724252492
0.0166112956811
0.00332225913621
0.0199335548173
0.541528239203
0.375415282392
0.378737541528
0.139534883721
0.0332225913621
0.0764119601329
0.0764119601329
0.0764119601329
0.514950166113
0.0
0.0996677740864
0.0963455149502
0.0166112956811
0.265780730897
0.152823920266
0.242524916944
0.0
0.00664451827243
0.00332225913621
0.0
0.0299003322259
0.0299003322259
0.156146179402
0.00996677740864
0.00332225913621
0.00996677740864
0.00664451827243
0.0
0.182724252492
0.00996677740864
0.0132890365449
0.0
0.1926910299
0.0697674418605
0.0232558139535
0.724252491694
0.00332225913621
0.00664451827243
0.0
0.00332225913621
0.176079734219
0.362126245847
0.362126245847
0.295681063123
0.1926910299
0.162790697674
0.00664451827243
0.0166112956811
0.0
0.00332225913621
0.392026578073
0.132890365449
0.00332225913621
0.0166112956811
0.504983388704
0.405315614618
0.36877076412
0.0132890365449
0.00996677740864
0.0365448504983
0.102990033223
0.0132890365449
0.0132890365449
0.0332225913621
0.0
0.196013289037
0.0166112956811
0.00996677740864
0.00996677740864
0.00996677740864
0.00332225913621
0.0
0.0132890365449
0.152823920266
0.0
0.00996677740864
0.305647840532
0.0
0.116279069767
0.159468438538
0.00664451827243
0.0199335548173
0.265780730897
0.312292358804
0.0166112956811
0.00332225913621
0.0199335548173
0.328903654485
0.0
0.00332225913621
0.00332225913621
0.265780730897
0.0431893687708
0.162790697674
0.00664451827243
0.0897009966777
0.0299003322259
0.146179401993
0.00664451827243
0.00664451827243
0.00332225913621
0.00332225913621
0.0132890365449
0.00664451827243
0.00332225913621
0.00332225913621
0.0166112956811
0.0564784053156
0.0299003322259
0.00332225913621
0.0199335548173
0.299003322259
0.299003322259
0.152823920266
0.00664451827243
0.0
0.0199335548173
0.00996677740864
0.00332225913621
0.00664451827243
0.501661129568
0.458471760797
0.0830564784053
0.0830564784053
0.0863787375415
0.0531561461794
0.00332225913621
0.0531561461794
0.00332225913621
0.00996677740864
0.222591362126
0.132890365449
0.0
0.0
0.382059800664
0.182724252492
0.00664451827243
0.00664451827243
0.136212624585
0.109634551495
0.109634551495
0.00332225913621
0.00332225913621
0.0
0.00332225913621
0.325581395349
0.272425249169
0.0498338870432
0.415282392027
0.415282392027
0.00664451827243
0.119601328904
0.0166112956811
0.0232558139535
0.0
0.0265780730897
0.00996677740864
0.162790697674
0.0
0.584717607973
0.58803986711
0.172757475083
0.392026578073
0.179401993355
0.129568106312
0.212624584718
0.00332225913621
0.00332225913621
0.0132890365449
0.0
0.0
0.0
0.0132890365449
0.0299003322259
0.00664451827243
0.179401993355
0.222591362126
0.00332225913621
0.00664451827243
0.00664451827243
0.146179401993
0.142857142857
0.063122923588
0.0132890365449
0.0132890365449
0.00996677740864
0.0598006644518
0.0199335548173
0.0199335548173
0.0132890365449
0.232558139535
0.308970099668
0.810631229236
0.156146179402
0.295681063123
0.00332225913621
0.00332225913621
0.0299003322259
0.00332225913621
0.0199335548173
0.0564784053156
0.0332225913621
0.0498338870432
0.152823920266
0.0132890365449
0.00664451827243
0.747508305648
0.215946843854
0.0
0.00332225913621
0.156146179402
0.159468438538
0.0365448504983
0.265780730897
0.159468438538
0.0
0.0132890365449
0.00332225913621
0.0166112956811
0.00664451827243
0.00664451827243
0.0
0.0232558139535
0.129568106312
0.222591362126
0.00664451827243
0.0299003322259
0.0332225913621
0.0332225913621
0.0332225913621
0.332225913621
0.262458471761
0.212624584718
0.209302325581
0.0
0.0199335548173
0.00332225913621
0.0232558139535
0.375415282392
0.093023255814
0.00664451827243
0.0132890365449
0.0
0.00664451827243
0.00332225913621
0.119601328904
0.00332225913621
0.0664451827243
0.0797342192691
0.0664451827243
0.00332225913621
0.00996677740864
0.0132890365449
0.0
0.292358803987
0.063122923588
0.0
0.00996677740864
0.00332225913621
0.900332225914
0.232558139535
0.0132890365449
0.00332225913621
0.00996677740864
0.109634551495
0.093023255814
0.0863787375415
0.139534883721
0.338870431894
0.00332225913621
0.0166112956811
0.00996677740864
0.0498338870432
0.00996677740864
0.0863787375415
0.00332225913621
0.0265780730897
0.0132890365449
0.00664451827243
0.00996677740864
0.0
0.0199335548173
0.0
0.00332225913621
0.0
0.0
0.00664451827243
0.00664451827243
0.0199335548173
0.00996677740864
0.00996677740864
0.478405315615
0.328903654485
0.252491694352
0.239202657807
0.202657807309
0.00332225913621
0.0166112956811
0.0166112956811
0.322259136213
0.455149501661
0.0132890365449
0.00664451827243
0.651162790698
0.0
0.182724252492
0.179401993355
0.162790697674
0.172757475083
0.00996677740864
0.0166112956811
0.00996677740864
0.0764119601329
0.0199335548173
0.046511627907
0.046511627907
0.697674418605
0.186046511628
0.182724252492
0.0199335548173
0.00996677740864
0.0132890365449
0.0332225913621
0.0132890365449
0.00664451827243
0.0
0.222591362126
0.813953488372
0.00996677740864
0.720930232558
