with_clust2_REL
0.318936877076
0.318936877076
0.0132890365449
0.0199335548173
0.00332225913621
0.00996677740864
0.159468438538
0.0166112956811
0.0232558139535
0.196013289037
0.119601328904
0.00664451827243
0.0166112956811
0.00996677740864
0.0
0.00996677740864
0.0132890365449
0.00332225913621
0.0
0.00664451827243
0.451827242525
0.0
0.00332225913621
0.063122923588
0.0
0.0
0.0
0.132890365449
0.142857142857
0.00332225913621
0.199335548173
0.199335548173
0.205980066445
0.00996677740864
0.0132890365449
0.0232558139535
0.0166112956811
0.34219269103
0.0
0.0
0.00996677740864
0.0664451827243
0.0166112956811
0.00332225913621
0.0265780730897
0.418604651163
0.418604651163
0.00996677740864
0.0963455149502
0.229235880399
0.0
0.0
0.0
0.0
0.0
0.0
0.0
0.00664451827243
0.0132890365449
0.00996677740864
0.136212624585
0.109634551495
0.00664451827243
0.126245847176
0.0132890365449
0.0132890365449
0.0
0.0132890365449
0.0199335548173
0.372093023256
0.372093023256
0.179401993355
0.093023255814
0.093023255814
0.00332225913621
0.00996677740864
0.0
0.00664451827243
0.00664451827243
0.272425249169
0.00996677740864
0.00664451827243
0.00664451827243
0.00996677740864
0.00664451827243
0.332225913621
0.332225913621
0.707641196013
0.00332225913621
0.259136212625
0.176079734219
0.112956810631
0.21926910299
0.00664451827243
0.136212624585
0.136212624585
0.126245847176
0.0
0.0
0.00332225913621
0.14950166113
0.00332225913621
0.00664451827243
0.212624584718
0.119601328904
0.215946843854
0.558139534884
0.0
0.00996677740864
0.0132890365449
0.0299003322259
0.68438538206
0.0199335548173
0.0199335548173
0.0166112956811
0.00332225913621
0.162790697674
0.375415282392
0.0431893687708
0.00664451827243
0.00996677740864
0.0132890365449
0.046511627907
0.0166112956811
0.0730897009967
0.159468438538
0.159468438538
0.00996677740864
0.275747508306
0.803986710963
0.00996677740864
0.00332225913621
0.14950166113
0.00996677740864
0.0
0.405315614618
0.0199335548173
0.00332225913621
0.0
0.0166112956811
0.272425249169
0.159468438538
0.212624584718
0.212624584718
0.318936877076
0.152823920266
0.00996677740864
0.0
0.0
0.00664451827243
0.0
0.0
0.0
0.00332225913621
0.0365448504983
0.392026578073
0.0132890365449
0.00996677740864
0.00332225913621
0.00664451827243
0.0730897009967
0.0
0.0
0.0
0.00332225913621
0.00664451827243
0.182724252492
0.179401993355
0.0
0.00996677740864
0.00664451827243
0.152823920266
0.352159468439
0.0531561461794
0.0199335548173
0.093023255814
0.259136212625
0.259136212625
0.063122923588
0.063122923588
0.504983388704
0.0332225913621
0.00996677740864
0.0132890365449
0.0
0.00996677740864
0.0166112956811
0.14950166113
0.182724252492
0.182724252492
0.445182724252
0.0232558139535
0.0365448504983
0.0166112956811
0.00664451827243
0.00332225913621
0.00996677740864
0.00332225913621
0.0730897009967
0.318936877076
0.431893687708
0.554817275748
0.335548172757
0.335548172757
0.14950166113
0.0299003322259
0.0232558139535
0.00332225913621
0.00332225913621
0.0132890365449
0.00996677740864
0.00996677740864
0.106312292359
0.00664451827243
0.00332225913621
0.451827242525
0.00332225913621
0.448504983389
0.0
0.00996677740864
0.0132890365449
0.00664451827243
0.00664451827243
0.0199335548173
0.0199335548173
0.0797342192691
0.196013289037
0.0
0.591362126246
0.00332225913621
0.0
0.00332225913621
0.0132890365449
0.00996677740864
0.0232558139535
0.0232558139535
0.126245847176
0.00664451827243
0.0166112956811
0.00332225913621
0.225913621262
0.169435215947
0.00664451827243
0.0199335548173
0.249169435216
0.139534883721
0.139534883721
0.126245847176
0.129568106312
0.215946843854
0.00664451827243
0.00664451827243
0.0166112956811
0.093023255814
0.0764119601329
0.00664451827243
0.00332225913621
0.146179401993
0.215946843854
0.0598006644518
0.189368770764
0.328903654485
0.604651162791
0.109634551495
0.0166112956811
0.0332225913621
0.0
0.0
0.00664451827243
0.0
0.00664451827243
0.0
0.0
0.0166112956811
0.0
0.0132890365449
0.0132890365449
0.00332225913621
0.00332225913621
0.00332225913621
0.00332225913621
0.00664451827243
0.225913621262
0.112956810631
0.0299003322259
0.0199335548173
0.139534883721
0.704318936877
0.0365448504983
0.21926910299
0.0199335548173
0.169435215947
0.0797342192691
0.0797342192691
0.202657807309
0.0431893687708
0.0996677740864
0.0830564784053
0.0697674418605
0.0232558139535
0.0265780730897
0.0166112956811
0.0431893687708
0.00996677740864
0.00996677740864
0.202657807309
0.225913621262
0.232558139535
0.0265780730897
0.0
0.720930232558
0.720930232558
0.674418604651
0.46511627907
0.186046511628
0.504983388704
0.169435215947
0.0
0.00332225913621
0.00664451827243
0.00332225913621
0.448504983389
0.448504983389
0.0
0.0
0.0232558139535
0.0232558139535
0.0232558139535
0.00332225913621
0.0
0.0199335548173
0.00332225913621
0.00664451827243
0.00996677740864
0.0
0.0
0.0
0.348837209302
0.00664451827243
0.00332225913621
0.102990033223
0.202657807309
0.00332225913621
0.00996677740864
0.0797342192691
0.0
0.325581395349
0.0132890365449
0.0
0.14950166113
0.0166112956811
0.00664451827243
0.0132890365449
0.0132890365449
0.0132890365449
0.205980066445
0.136212624585
