wo_clust1_REL
0.0863787375415
0.0265780730897
0.0166112956811
0.0232558139535
0.00664451827243
0.00332225913621
0.139534883721
0.0
0.186046511628
0.664451827243
0.382059800664
0.46511627907
0.00996677740864
0.00996677740864
0.0
0.00664451827243
0.0132890365449
0.0
0.116279069767
0.142857142857
0.0
0.0232558139535
0.0166112956811
0.0
0.172757475083
0.00664451827243
0.395348837209
0.169435215947
0.169435215947
0.0265780730897
0.00332225913621
0.00332225913621
0.0
0.209302325581
0.0232558139535
0.159468438538
0.0
0.00332225913621
0.0232558139535
0.0
0.0
0.182724252492
0.00664451827243
0.00332225913621
0.0299003322259
0.136212624585
0.142857142857
0.142857142857
0.00664451827243
0.0
0.152823920266
0.0
0.00664451827243
0.00332225913621
0.0132890365449
0.0
0.0
0.0897009966777
0.093023255814
0.00332225913621
0.00332225913621
0.0963455149502
0.0332225913621
0.1926910299
0.00332225913621
0.00332225913621
0.00996677740864
0.00664451827243
0.169435215947
0.00664451827243
0.00664451827243
0.00332225913621
0.0199335548173
0.00996677740864
0.00996677740864
0.00664451827243
0.0132890365449
0.0132890365449
0.112956810631
0.0
0.202657807309
0.0199335548173
0.00996677740864
0.00996677740864
0.00332225913621
0.00664451827243
0.0664451827243
0.0664451827243
0.00996677740864
0.0
0.00332225913621
0.00332225913621
0.00332225913621
0.0
0.0299003322259
0.102990033223
0.00332225913621
0.0564784053156
0.00332225913621
0.0365448504983
0.00664451827243
0.00332225913621
0.0
0.0
0.0
0.00664451827243
0.126245847176
0.00996677740864
0.00332225913621
0.0
0.0132890365449
0.00996677740864
0.00332225913621
0.0
0.0
0.0265780730897
0.0132890365449
0.0
0.0132890365449
0.0132890365449
0.501661129568
0.00664451827243
0.0
0.0299003322259
0.00996677740864
0.00664451827243
0.00332225913621
0.0299003322259
0.00996677740864
0.0
0.0
0.0166112956811
0.0
0.292358803987
0.538205980066
0.00332225913621
0.0265780730897
0.0
0.0265780730897
0.0
0.00332225913621
0.202657807309
0.0265780730897
0.00332225913621
0.046511627907
0.0
0.00996677740864
0.00664451827243
0.441860465116
0.0132890365449
0.0132890365449
0.46511627907
0.328903654485
0.00996677740864
0.0232558139535
0.0132890365449
0.0132890365449
0.00664451827243
0.00332225913621
0.0166112956811
0.00664451827243
0.00332225913621
0.00332225913621
0.0232558139535
0.00332225913621
0.00332225913621
0.00664451827243
0.0
0.0
0.0
0.00332225913621
0.0166112956811
0.0166112956811
0.00664451827243
0.00996677740864
0.0166112956811
0.0498338870432
0.00664451827243
0.00664451827243
0.31561461794
0.0132890365449
0.0199335548173
0.00664451827243
0.531561461794
0.441860465116
0.102990033223
0.00332225913621
0.00332225913621
0.00332225913621
0.0
0.0
0.209302325581
0.00332225913621
0.00332225913621
0.00664451827243
0.0132890365449
0.0132890365449
0.0132890365449
0.0
0.0
0.1926910299
0.322259136213
0.00332225913621
0.00664451827243
0.0398671096346
0.0332225913621
1.06644518272
1.05980066445
0.00664451827243
0.0299003322259
0.0199335548173
0.00996677740864
0.0232558139535
0.00996677740864
0.0697674418605
0.0730897009967
0.0
0.00332225913621
0.00332225913621
0.00996677740864
0.00332225913621
0.0265780730897
0.00664451827243
0.0199335548173
0.0166112956811
0.00332225913621
0.0166112956811
0.0963455149502
0.0963455149502
0.0132890365449
0.00996677740864
0.0
0.0199335548173
0.00332225913621
0.00332225913621
0.0365448504983
0.0265780730897
0.00332225913621
0.119601328904
0.0498338870432
0.843853820598
0.00996677740864
0.501661129568
0.12292358804
0.12292358804
0.00664451827243
0.0
0.00996677740864
0.0166112956811
0.00996677740864
0.0132890365449
0.0265780730897
0.00664451827243
0.00664451827243
0.00664451827243
0.00332225913621
0.0
0.0199335548173
0.00664451827243
0.0
0.0
0.0
