wo_clust3_REL
0.00664451827243
0.00996677740864
0.189368770764
0.0166112956811
0.36877076412
0.00664451827243
0.00332225913621
0.255813953488
0.255813953488
0.0166112956811
0.00996677740864
0.0
0.0132890365449
0.0863787375415
0.00332225913621
0.00996677740864
0.00996677740864
0.0
0.00664451827243
0.00332225913621
0.0166112956811
0.0166112956811
0.00332225913621
0.0132890365449
0.0332225913621
0.00332225913621
0.0
0.0332225913621
0.0730897009967
0.0398671096346
0.0232558139535
0.255813953488
0.00664451827243
0.00664451827243
0.0897009966777
0.00332225913621
0.269102990033
0.00332225913621
0.00332225913621
0.0
0.0199335548173
0.00332225913621
0.0132890365449
0.235880398671
0.235880398671
0.00664451827243
0.129568106312
0.00332225913621
0.0
0.00996677740864
0.176079734219
0.00332225913621
0.136212624585
0.00332225913621
0.12292358804
0.00664451827243
0.00664451827243
0.0
0.0
0.0
0.0
0.0697674418605
0.205980066445
0.00664451827243
0.0
0.0
0.548172757475
0.0996677740864
0.00664451827243
0.142857142857
0.00996677740864
0.325581395349
0.0
0.00664451827243
0.0
0.00332225913621
0.00664451827243
0.0132890365449
0.00996677740864
0.00664451827243
0.737541528239
0.00332225913621
0.126245847176
0.102990033223
0.00996677740864
0.00332225913621
0.00664451827243
0.0
0.12292358804
0.00664451827243
0.00664451827243
0.0299003322259
0.0
0.00664451827243
0.0166112956811
0.0
0.358803986711
0.00664451827243
0.0
0.00664451827243
0.00664451827243
0.0199335548173
0.1926910299
0.249169435216
0.249169435216
0.249169435216
0.249169435216
0.0232558139535
0.0
0.0
0.00996677740864
0.00664451827243
0.00332225913621
0.0
0.0
0.146179401993
0.259136212625
0.00332225913621
0.225913621262
0.00332225913621
0.00332225913621
0.00664451827243
0.00332225913621
0.0
0.00996677740864
0.00996677740864
0.0132890365449
0.0332225913621
0.00996677740864
0.31561461794
0.292358803987
0.0
0.445182724252
0.541528239203
0.365448504983
0.322259136213
0.405315614618
0.0431893687708
0.318936877076
0.0
0.00332225913621
0.00664451827243
0.0132890365449
0.00664451827243
0.408637873754
0.58803986711
0.00332225913621
0.0365448504983
0.00664451827243
0.0166112956811
0.00332225913621
0.0
0.109634551495
0.00332225913621
0.186046511628
0.0332225913621
0.0132890365449
0.0
0.00996677740864
0.00332225913621
0.00332225913621
0.0199335548173
0.475083056478
0.00664451827243
0.136212624585
0.0531561461794
0.0232558139535
0.00332225913621
0.00996677740864
0.00332225913621
0.205980066445
0.00996677740864
0.132890365449
0.00664451827243
0.0
0.00664451827243
0.199335548173
0.0332225913621
0.0
0.14950166113
0.00332225913621
0.0132890365449
0.0132890365449
0.00332225913621
0.0
0.00332225913621
0.262458471761
0.262458471761
0.00664451827243
0.0730897009967
0.0730897009967
0.0132890365449
0.425249169435
0.0
0.0132890365449
0.00332225913621
0.00996677740864
0.00332225913621
0.00996677740864
0.00332225913621
0.0431893687708
0.0
0.0
0.0232558139535
0.00332225913621
0.00996677740864
0.00332225913621
0.00332225913621
0.0166112956811
0.119601328904
0.119601328904
0.0
0.358803986711
0.00332225913621
0.0166112956811
0.14950166113
0.169435215947
0.0
0.00664451827243
0.00332225913621
0.00664451827243
0.0132890365449
0.0166112956811
0.00664451827243
0.00664451827243
0.00332225913621
0.00996677740864
0.0
0.0332225913621
0.0166112956811
0.0299003322259
0.0199335548173
0.0132890365449
0.0166112956811
0.0
0.0
0.408637873754
0.0664451827243
0.0
0.146179401993
0.0232558139535
0.0
0.00332225913621
0.00664451827243
0.0
0.0199335548173
0.415282392027
0.418604651163
0.0232558139535
0.00664451827243
0.239202657807
0.239202657807
0.00996677740864
0.0332225913621
0.0332225913621
0.136212624585
0.495016611296
0.00664451827243
0.880398671096
0.0166112956811
0.00664451827243
0.00664451827243
0.0132890365449
0.312292358804
0.312292358804
0.0
0.272425249169
0.0265780730897
0.00664451827243
0.00996677740864
0.0
0.00332225913621
0.448504983389
0.00332225913621
0.0132890365449
0.0132890365449
0.0199335548173
0.0431893687708
0.0531561461794
0.0
0.00332225913621
0.00664451827243
0.355481727575
0.295681063123
0.00996677740864
0.00664451827243
0.0166112956811
0.0132890365449
0.0132890365449
0.0
0.00332225913621
0.00332225913621
0.0199335548173
0.00664451827243
0.0166112956811
0.0697674418605
0.34219269103
0.0
