wo_clust5_REL
0.00332225913621
0.00332225913621
0.0
0.53488372093
0.00332225913621
0.229235880399
0.0166112956811
0.0199335548173
0.215946843854
0.215946843854
0.00996677740864
0.0232558139535
0.594684385382
0.126245847176
0.00664451827243
0.0232558139535
0.00664451827243
0.00664451827243
0.0564784053156
0.00332225913621
0.0
0.00664451827243
0.00332225913621
0.00332225913621
0.0
0.0132890365449
0.0132890365449
0.0166112956811
0.0
0.00996677740864
0.0
0.292358803987
0.00664451827243
0.14950166113
0.235880398671
0.0132890365449
0.0199335548173
0.00664451827243
0.0232558139535
0.388704318937
0.498338870432
0.00332225913621
0.0232558139535
0.00664451827243
0.00664451827243
0.176079734219
0.0
0.0
0.00664451827243
0.00664451827243
0.12292358804
0.00664451827243
0.00664451827243
0.00332225913621
0.0199335548173
0.0299003322259
0.212624584718
0.0199335548173
0.222591362126
0.0
0.0132890365449
0.0
0.0232558139535
0.0166112956811
0.0265780730897
0.129568106312
0.00332225913621
0.00332225913621
0.0
0.0299003322259
0.00664451827243
0.00332225913621
0.00332225913621
0.00332225913621
0.0166112956811
0.790697674419
0.78073089701
0.0564784053156
0.00664451827243
0.119601328904
0.0
0.00996677740864
0.225913621262
0.00996677740864
0.0
0.0
0.0
0.0
0.0
0.0
0.358803986711
0.0531561461794
0.0
0.00332225913621
0.0
0.0166112956811
0.0
0.0498338870432
0.0265780730897
0.0166112956811
0.00332225913621
0.00664451827243
0.00332225913621
0.0
0.0697674418605
0.0132890365449
0.00664451827243
0.00664451827243
0.00664451827243
0.0598006644518
0.0398671096346
0.00996677740864
0.0265780730897
0.136212624585
0.139534883721
0.00996677740864
0.0299003322259
0.0232558139535
0.00332225913621
0.0132890365449
0.00996677740864
0.0299003322259
0.0
0.00332225913621
0.00664451827243
0.0531561461794
0.272425249169
0.00664451827243
0.00996677740864
0.00996677740864
0.00664451827243
0.0232558139535
0.0
0.358803986711
0.00332225913621
0.00332225913621
0.0132890365449
0.00332225913621
0.225913621262
0.272425249169
0.00996677740864
0.265780730897
0.0166112956811
0.00332225913621
0.166112956811
0.0265780730897
0.156146179402
0.156146179402
0.146179401993
0.0996677740864
0.0996677740864
0.0996677740864
0.00996677740864
0.00332225913621
0.00332225913621
0.358803986711
0.282392026578
0.00332225913621
0.00332225913621
0.0166112956811
0.415282392027
0.352159468439
0.335548172757
1.27906976744
0.0431893687708
0.00996677740864
0.242524916944
0.265780730897
0.00664451827243
0.0
0.0132890365449
0.0
0.00664451827243
0.00664451827243
0.225913621262
0.239202657807
0.0
0.00664451827243
0.867109634551
0.169435215947
0.00996677740864
0.00996677740864
0.0
0.112956810631
0.209302325581
0.0
0.00664451827243
0.295681063123
0.172757475083
0.00996677740864
0.0
0.0
0.0199335548173
0.0697674418605
0.0996677740864
0.00664451827243
0.136212624585
0.112956810631
0.0132890365449
0.0598006644518
0.00996677740864
0.00664451827243
0.0830564784053
0.00332225913621
0.00664451827243
0.0764119601329
0.471760797342
0.00332225913621
0.0
0.0166112956811
0.0332225913621
0.109634551495
0.00664451827243
0.358803986711
0.0132890365449
0.0132890365449
0.0897009966777
0.129568106312
0.00332225913621
0.0431893687708
0.0199335548173
0.00332225913621
0.00332225913621
0.00664451827243
0.0166112956811
0.0
0.00332225913621
0.0
0.00664451827243
0.00664451827243
0.0
0.0
0.00332225913621
0.0
0.0
0.00664451827243
0.0
0.0132890365449
0.00332225913621
0.00332225913621
0.0132890365449
0.0199335548173
0.0166112956811
0.00332225913621
0.225913621262
0.0
0.00664451827243
0.00664451827243
0.1926910299
0.528239202658
0.0166112956811
0.00664451827243
0.00664451827243
0.0132890365449
0.0332225913621
0.0531561461794
0.189368770764
0.0132890365449
0.00996677740864
0.0166112956811
0.00664451827243
0.0
0.00996677740864
0.00332225913621
0.0
0.159468438538
0.00332225913621
0.0
0.0398671096346
0.0299003322259
0.0199335548173
0.0730897009967
0.00996677740864
0.00996677740864
0.0132890365449
0.0564784053156
0.212624584718
0.0830564784053
0.0132890365449
0.0
0.0
0.0
0.00664451827243
0.00332225913621
0.0166112956811
0.00664451827243
0.112956810631
0.787375415282
0.00664451827243
0.252491694352
0.176079734219
0.00996677740864
0.00332225913621
0.0132890365449
0.0132890365449
0.00664451827243
0.0
0.00664451827243
0.00332225913621
0.00664451827243
0.0
0.126245847176
0.00332225913621
0.00332225913621
0.0
0.00664451827243
0.0
0.00332225913621
0.00664451827243
0.0166112956811
0.00996677740864
0.0365448504983
0.209302325581
0.126245847176
0.126245847176
0.318936877076
0.212624584718
0.0199335548173
0.00332225913621
0.28903654485
0.299003322259
0.00332225913621
0.162790697674
0.00664451827243
0.00664451827243
0.00664451827243
0.385382059801
0.156146179402
0.0963455149502
0.0
0.0
0.172757475083
0.00664451827243
0.00664451827243
0.0
0.0
0.00332225913621
0.00664451827243
0.0132890365449
0.136212624585
0.0132890365449
0.00664451827243
0.0299003322259
0.265780730897
0.0132890365449
0.0132890365449
0.00664451827243
0.00332225913621
0.0863787375415
0.00664451827243
0.0299003322259
0.0232558139535
0.199335548173
0.196013289037
0.0132890365449
0.0132890365449
0.0
0.0232558139535
0.21926910299
0.212624584718
0.0
0.0166112956811
0.0166112956811
0.00664451827243
0.00664451827243
0.0132890365449
0.00664451827243
0.308970099668
0.00332225913621
0.14950166113
0.00664451827243
0.0531561461794
0.0166112956811
0.0166112956811
0.00332225913621
0.0
0.0
0.093023255814
0.0332225913621
0.0
0.00664451827243
0.196013289037
0.199335548173
0.00664451827243
0.0
0.00664451827243
0.00664451827243
0.00996677740864
0.176079734219
0.0332225913621
0.0166112956811
0.664451827243
0.0
0.0132890365449
0.325581395349
0.142857142857
0.179401993355
0.0
0.0199335548173
0.00332225913621
0.0
0.00332225913621
0.0
0.0
0.00332225913621
0.00332225913621
0.0199335548173
0.0
0.0
0.0
0.0132890365449
0.209302325581
0.259136212625
0.00664451827243
0.0166112956811
0.136212624585
0.0232558139535
0.372093023256
0.372093023256
0.395348837209
0.418604651163
0.0830564784053
0.58803986711
0.0166112956811
0.199335548173
0.156146179402
0.00332225913621
0.00664451827243
0.0
0.00664451827243
0.00664451827243
0.00332225913621
0.00996677740864
0.00996677740864
0.00332225913621
0.0
0.00996677740864
0.00664451827243
0.00332225913621
0.00332225913621
0.215946843854
0.215946843854
0.0232558139535
0.00332225913621
0.0299003322259
0.00996677740864
0.0
0.00996677740864
0.00996677740864
0.0132890365449
0.00332225913621
0.093023255814
0.159468438538
0.159468438538
0.0132890365449
0.235880398671
0.00996677740864
0.0
0.156146179402
0.156146179402
0.12292358804
0.12292358804
0.116279069767
0.0
0.00996677740864
0.0166112956811
0.00996677740864
0.0
0.0
0.00332225913621
0.0
0.0
0.0132890365449
1.1561461794
1.1561461794
0.196013289037
0.106312292359
0.205980066445
0.720930232558
0.0830564784053
0.0830564784053
0.00332225913621
0.00664451827243
0.00996677740864
0.0
0.0
0.00664451827243
0.0
0.00664451827243
0.00332225913621
0.0
0.00332225913621
0.00332225913621
0.00664451827243
0.332225913621
0.00664451827243
0.408637873754
0.41196013289
0.00664451827243
0.611295681063
0.611295681063
0.0166112956811
0.448504983389
0.0166112956811
0.00664451827243
0.00664451827243
0.00332225913621
0.0
0.0
0.0199335548173
0.0
0.388704318937
0.00664451827243
0.00332225913621
0.00996677740864
0.00664451827243
0.28903654485
0.00332225913621
0.0
0.166112956811
0.00332225913621
0.00332225913621
0.0199335548173
0.0332225913621
0.162790697674
0.415282392027
0.00664451827243
0.0132890365449
0.0
0.00332225913621
0.0199335548173
0.0199335548173
0.00664451827243
0.0564784053156
0.00664451827243
0.46511627907
0.00664451827243
0.00664451827243
0.00664451827243
0.00332225913621
0.0299003322259
0.0199335548173
0.0
0.0
0.232558139535
0.129568106312
0.0199335548173
0.093023255814
0.182724252492
0.189368770764
0.142857142857
0.0166112956811
0.189368770764
0.00332225913621
0.0
0.345514950166
0.0365448504983
0.0299003322259
0.00664451827243
0.00664451827243
0.00664451827243
0.0
0.00996677740864
0.0
0.00664451827243
0.00996677740864
0.162790697674
0.162790697674
0.0132890365449
0.0232558139535
0.0232558139535
0.0166112956811
0.0265780730897
0.0132890365449
0.36877076412
0.36877076412
0.0498338870432
0.0830564784053
0.00332225913621
0.00996677740864
0.00332225913621
0.00664451827243
0.0
0.00664451827243
0.272425249169
0.0
0.0
0.0166112956811
0.00996677740864
0.00332225913621
0.0332225913621
0.21926910299
0.00332225913621
0.00996677740864
0.00664451827243
0.0
0.132890365449
0.00332225913621
0.00664451827243
0.00664451827243
0.0
0.0232558139535
0.0299003322259
0.00332225913621
0.00664451827243
0.212624584718
0.0
0.119601328904
0.581395348837
0.00332225913621
0.00996677740864
0.0
0.116279069767
0.00664451827243
0.647840531561
0.750830564784
0.0199335548173
0.0232558139535
0.112956810631
0.382059800664
0.00996677740864
0.0132890365449
0.0232558139535
0.0332225913621
0.00332225913621
0.00664451827243
0.00664451827243
0.00996677740864
0.0
0.0132890365449
0.0132890365449
0.00664451827243
0.0132890365449
0.0598006644518
1.5415282392
1.33887043189
1.33222591362
1.24916943522
0.139534883721
0.139534883721
0.14950166113
0.0332225913621
0.0
0.00664451827243
0.262458471761
0.0498338870432
0.00664451827243
0.0299003322259
0.0166112956811
0.152823920266
0.00332225913621
0.00332225913621
0.0132890365449
0.00332225913621
0.0996677740864
0.335548172757
0.00996677740864
0.0531561461794
0.0166112956811
0.481727574751
0.0
0.0
0.0232558139535
0.0132890365449
0.661129568106
0.00664451827243
0.00332225913621
0.235880398671
0.232558139535
0.00664451827243
0.00332225913621
0.00332225913621
0.395348837209
0.119601328904
0.332225913621
0.00332225913621
0.209302325581
0.209302325581
0.00996677740864
0.0132890365449
0.21926910299
0.00996677740864
0.0132890365449
0.312292358804
0.202657807309
0.375415282392
0.00996677740864
0.0232558139535
0.0166112956811
0.00664451827243
0.00664451827243
0.00664451827243
0.00664451827243
0.0
0.0299003322259
0.0166112956811
0.0265780730897
0.0564784053156
0.34219269103
0.0431893687708
0.654485049834
0.0996677740864
0.0996677740864
0.0132890365449
0.00332225913621
0.00332225913621
0.0
0.00996677740864
0.00996677740864
0.00664451827243
0.00664451827243
0.0431893687708
0.00664451827243
0.00332225913621
0.00332225913621
0.0199335548173
0.0232558139535
0.00664451827243
0.0764119601329
0.156146179402
0.0132890365449
0.0132890365449
0.717607973422
0.00996677740864
0.0664451827243
0.0166112956811
0.279069767442
0.0132890365449
0.00996677740864
0.00332225913621
0.00664451827243
0.00664451827243
0.0598006644518
0.0
0.0
0.106312292359
0.102990033223
0.0
0.0
0.00332225913621
