wo_clust2_REL
0.063122923588
0.00332225913621
0.0431893687708
0.00664451827243
0.00332225913621
0.0
0.0
0.0132890365449
0.0
0.468438538206
0.00332225913621
0.0
0.0
0.196013289037
0.00332225913621
0.0598006644518
0.116279069767
0.299003322259
0.14950166113
0.00664451827243
0.00664451827243
0.00996677740864
0.00664451827243
0.0365448504983
0.0
0.0166112956811
0.0132890365449
0.0132890365449
0.00664451827243
0.00332225913621
0.00996677740864
0.00332225913621
0.00332225913621
0.00332225913621
0.0265780730897
0.0166112956811
0.00332225913621
0.00332225913621
0.00332225913621
0.00664451827243
0.0
0.00332225913621
0.0299003322259
0.00332225913621
0.202657807309
0.0232558139535
0.00664451827243
0.0
0.0332225913621
0.00996677740864
0.00996677740864
0.0166112956811
0.0764119601329
0.00332225913621
0.00664451827243
0.00664451827243
0.00996677740864
0.21926910299
0.299003322259
0.0
0.0
0.0
0.0232558139535
0.00332225913621
0.0132890365449
0.00332225913621
0.00332225913621
0.0166112956811
0.0199335548173
0.0531561461794
0.0
0.265780730897
0.0199335548173
0.00664451827243
0.00664451827243
0.129568106312
0.129568106312
0.00664451827243
0.00664451827243
0.0598006644518
0.0398671096346
0.00996677740864
0.0
0.00332225913621
0.0365448504983
0.0
0.00996677740864
0.0299003322259
0.269102990033
0.43853820598
0.43853820598
0.00664451827243
0.0265780730897
0.0265780730897
0.00664451827243
0.0
0.0132890365449
0.00996677740864
0.00996677740864
0.0166112956811
0.0830564784053
0.0498338870432
0.0
0.00332225913621
0.0299003322259
0.0
0.0664451827243
0.0
0.156146179402
0.00332225913621
0.0730897009967
0.119601328904
0.00996677740864
0.385382059801
0.0232558139535
0.136212624585
0.00996677740864
0.00996677740864
0.102990033223
0.0166112956811
0.0166112956811
0.189368770764
0.00664451827243
0.106312292359
0.00332225913621
0.0265780730897
0.0232558139535
0.0299003322259
0.229235880399
0.229235880399
0.24584717608
0.43853820598
0.0166112956811
0.0
