wo_clust4_REL
0.00332225913621
0.0132890365449
0.0398671096346
0.0730897009967
0.0730897009967
0.00996677740864
0.0199335548173
0.0299003322259
0.0299003322259
0.0
0.0199335548173
0.767441860465
0.262458471761
0.00996677740864
0.0265780730897
0.00332225913621
0.00332225913621
0.0132890365449
0.209302325581
0.00664451827243
0.0
0.00332225913621
0.00332225913621
0.0166112956811
0.00332225913621
0.00332225913621
0.0166112956811
0.388704318937
0.166112956811
0.574750830565
0.574750830565
0.00996677740864
0.00996677740864
0.00996677740864
0.139534883721
0.063122923588
0.00664451827243
0.162790697674
0.0
0.00332225913621
0.00996677740864
0.00332225913621
0.00332225913621
0.451827242525
0.00332225913621
0.00332225913621
0.0
0.0830564784053
0.00996677740864
0.00332225913621
0.0
0.00664451827243
0.182724252492
0.335548172757
0.282392026578
0.338870431894
0.475083056478
0.0
0.0
0.0232558139535
0.00332225913621
0.109634551495
0.0498338870432
0.498338870432
0.00664451827243
0.0
0.0
0.0
0.31561461794
0.0199335548173
0.0132890365449
0.00332225913621
0.00332225913621
0.0863787375415
0.647840531561
0.00996677740864
0.0332225913621
0.0166112956811
0.641196013289
0.00664451827243
0.0
0.295681063123
0.00996677740864
0.0199335548173
0.00664451827243
0.00664451827243
0.00332225913621
0.00664451827243
0.00332225913621
0.112956810631
0.0
0.720930232558
0.152823920266
0.00664451827243
0.00332225913621
0.00332225913621
0.00664451827243
0.0132890365449
0.0166112956811
0.0166112956811
0.00332225913621
0.252491694352
0.00664451827243
0.00996677740864
0.00332225913621
0.00996677740864
0.0166112956811
0.00332225913621
0.209302325581
0.495016611296
0.495016611296
0.00664451827243
0.448504983389
0.0
0.00332225913621
0.00664451827243
0.0
0.00664451827243
0.00996677740864
0.00332225913621
0.0199335548173
0.0
0.00996677740864
0.00664451827243
0.139534883721
0.0
0.00664451827243
0.348837209302
0.00664451827243
0.162790697674
0.159468438538
0.0132890365449
0.0132890365449
0.189368770764
0.0299003322259
0.299003322259
0.116279069767
0.00664451827243
0.00664451827243
0.418604651163
0.0166112956811
0.0166112956811
0.0398671096346
0.0199335548173
0.00332225913621
0.0
0.00332225913621
0.259136212625
0.259136212625
0.584717607973
0.392026578073
0.392026578073
0.0431893687708
0.00332225913621
0.0199335548173
0.0
0.873754152824
0.873754152824
0.0
0.142857142857
0.00332225913621
0.00332225913621
0.00332225913621
0.0
0.00664451827243
0.0
0.00996677740864
0.34219269103
0.0
0.275747508306
0.00332225913621
0.252491694352
0.840531561462
0.325581395349
0.00664451827243
0.00332225913621
0.0
0.0
0.00332225913621
0.00332225913621
0.00664451827243
0.0365448504983
0.322259136213
0.0199335548173
0.00332225913621
0.0265780730897
0.0
0.00996677740864
0.0
0.0166112956811
0.00664451827243
0.0166112956811
0.00332225913621
0.00664451827243
0.00664451827243
0.00332225913621
1.21262458472
0.152823920266
0.0132890365449
0.408637873754
0.00996677740864
0.0
0.292358803987
0.0332225913621
0.129568106312
0.0132890365449
0.574750830565
0.345514950166
0.0132890365449
0.0
0.00664451827243
0.00664451827243
0.0132890365449
0.0132890365449
0.136212624585
0.0299003322259
0.00332225913621
0.00332225913621
0.00332225913621
0.00664451827243
0.00664451827243
0.189368770764
0.435215946844
0.0166112956811
0.0
0.00332225913621
0.00332225913621
0.00664451827243
0.00332225913621
0.0132890365449
0.249169435216
0.269102990033
1.07641196013
0.0
0.0
0.0
0.0
0.0132890365449
0.0299003322259
0.00664451827243
0.0166112956811
0.0332225913621
0.0664451827243
0.00664451827243
0.0132890365449
0.0232558139535
0.282392026578
0.0232558139535
0.279069767442
0.00996677740864
0.00332225913621
0.00664451827243
0.0132890365449
0.00332225913621
0.00664451827243
0.0232558139535
0.0
0.0132890365449
0.00996677740864
0.00332225913621
0.00332225913621
0.129568106312
0.0132890365449
0.0132890365449
0.521594684385
0.0132890365449
0.0265780730897
0.0265780730897
0.325581395349
0.362126245847
0.362126245847
0.146179401993
0.0
0.0132890365449
0.0132890365449
0.584717607973
0.584717607973
0.00332225913621
0.528239202658
0.328903654485
0.0
0.0
0.0
0.0
0.0
0.00664451827243
0.00332225913621
0.0265780730897
0.0265780730897
0.0132890365449
0.00664451827243
0.00664451827243
0.0431893687708
1.02990033223
0.00996677740864
0.0
0.00664451827243
0.0
0.0
0.0
0.00332225913621
0.0132890365449
0.0265780730897
0.00996677740864
0.518272425249
0.43853820598
0.415282392027
0.0132890365449
0.00664451827243
0.00332225913621
0.189368770764
0.189368770764
0.152823920266
0.00664451827243
0.00664451827243
0.0132890365449
0.0996677740864
0.0166112956811
0.00664451827243
0.0897009966777
0.0199335548173
0.209302325581
0.365448504983
0.332225913621
0.00664451827243
0.00996677740864
0.00664451827243
0.00996677740864
0.00332225913621
0.00332225913621
0.00332225913621
0.12292358804
0.00664451827243
0.00996677740864
0.0232558139535
0.196013289037
0.172757475083
0.00664451827243
0.00332225913621
0.00332225913621
0.0
0.0132890365449
0.0199335548173
0.262458471761
0.252491694352
0.00996677740864
0.428571428571
0.0963455149502
0.00332225913621
0.212624584718
0.0132890365449
0.0
0.00996677740864
0.0
0.0132890365449
0.0132890365449
0.00664451827243
0.0
0.0166112956811
0.0132890365449
0.00332225913621
0.0265780730897
0.0132890365449
0.00332225913621
0.0299003322259
0.0332225913621
0.00332225913621
0.00332225913621
0.0132890365449
0.0498338870432
0.0531561461794
0.475083056478
0.382059800664
0.199335548173
0.0265780730897
0.00996677740864
0.00996677740864
0.0
0.00664451827243
0.0132890365449
0.0132890365449
0.0132890365449
0.0166112956811
0.0299003322259
0.0299003322259
0.00996677740864
0.0299003322259
0.00996677740864
0.0132890365449
0.634551495017
0.0398671096346
0.0199335548173
0.00664451827243
0.00664451827243
0.0431893687708
0.398671096346
0.0
0.0232558139535
0.0332225913621
0.00664451827243
0.418604651163
0.00996677740864
0.0
0.00332225913621
0.0132890365449
0.0232558139535
0.136212624585
0.00664451827243
0.00664451827243
0.0
0.00996677740864
0.0166112956811
0.046511627907
0.00332225913621
0.0132890365449
0.046511627907
0.0132890365449
0.00996677740864
0.0199335548173
0.0232558139535
0.0265780730897
0.774086378738
0.159468438538
0.0431893687708
0.0
0.0232558139535
0.00332225913621
0.00664451827243
0.00332225913621
0.0199335548173
0.0232558139535
0.790697674419
0.00664451827243
0.0265780730897
0.637873754153
0.634551495017
0.232558139535
0.0332225913621
0.0996677740864
0.295681063123
0.00332225913621
1.39867109635
0.00332225913621
0.0265780730897
0.00332225913621
0.176079734219
