	all	with	with_clust1	with_clust2	with_clust3	with_clust4	with_clust5	wo	wo_clust1	wo_clust2	wo_clust3	wo_clust4	wo_clust5
UP00079_1_Esrra_primary	0.0189269745016	0.99999999991	1.0	1.0	1.0	1.0	0.999999777897	0.000358792266419	1.0	1.0	1.0	0.999999999934	0.0219439491973
MA0258.2.ESR2	0.0	0.0	0.0267610109327	6.09156019293e-07	2.29771757176e-12	2.36598962644e-10	0.0	0.0	0.0140817961472	0.00934078220443	1.0417277041e-09	8.40201442309e-07	0.0
UP00116_1_Rhox6_4251.1	1.0	1.0	1.0	1.0	1.0	1.0	1.0	1.0	1.0	1.0	1.0	1.0	1.0
UP00104_1_Hmx1_3423.1	1.0	1.0	1.0	1.0	1.0	1.0	1.0	1.0	1.0	1.0	1.0	1.0	1.0
MA0152.1.NFATC2	1.0	1.0	1.0	1.0	1.0	1.0	1.0	1.0	1.0	1.0	1.0	1.0	1.0
UP00228_1_Bapx1_2343.1	1.0	1.0	1.0	1.0	1.0	1.0	1.0	1.0	1.0	1.0	1.0	1.0	1.0
MA0498.1.Meis1	1.95954363846e-13	8.62698095627e-07	0.828382780559	0.999999999999	0.974170682707	0.999983936217	0.0108678796358	2.14401829624e-11	0.999999999993	1.0	0.015580885272	0.213359285389	8.74521138727e-07
MA0163.1.PLAG1	0.0	0.0	0.0	0.0	0.0	0.0	0.0	0.0	0.0	1.15744159812e-08	0.0	0.0	0.0
MA0078.1.Sox17	1.0	1.0	1.0	1.0	1.0	1.0	1.0	1.0	1.0	1.0	1.0	1.0	1.0
MA0137.3.STAT1	0.0	1.69557470886e-06	1.0	1.0	1.14087691516e-07	1.0	1.88517048758e-05	2.18737637447e-07	0.79932630873	0.999999998705	0.067834464541	0.0441630552985	2.90854283423e-05
UP00107_1_Nkx2-4_3074.1	1.0	1.0	1.0	1.0	1.0	1.0	1.0	1.0	1.0	1.0	1.0	1.0	1.0
MA0156.1.FEV	0.0	0.0	0.185292999261	0.725486540796	0.0	4.26978452595e-10	0.0	0.0	3.67426661319e-08	0.00113600683436	0.0	0.0	0.0
MA0111.1.Spz1	1.0	1.0	1.0	1.0	1.0	1.0	1.0	1.0	1.0	1.0	1.0	1.0	1.0
UP00106_1_Vax2_3500.1	1.0	1.0	1.0	1.0	1.0	1.0	1.0	1.0	1.0	1.0	1.0	1.0	1.0
MA0528.1.ZNF263	0.0	0.0	1.03818703856e-07	1.74014602727e-09	0.0	0.0	0.0	0.0	1.50879309047e-13	0.533312514326	0.0	0.0	0.0
UP00051_1_Sox8_primary	1.0	1.0	1.0	1.0	1.0	1.0	1.0	1.0	1.0	1.0	1.0	1.0	1.0
UP00257_1_Shox2_2641.2	1.0	1.0	1.0	1.0	1.0	1.0	1.0	1.0	1.0	1.0	1.0	1.0	1.0
MA0063.1.Nkx2-5	1.0	1.0	1.0	1.0	1.0	1.0	1.0	1.0	1.0	1.0	1.0	1.0	1.0
UP00250_1_Irx5_2385.1	1.0	1.0	1.0	1.0	1.0	1.0	1.0	1.0	1.0	1.0	1.0	1.0	1.0
UP00004_1_Sox14_primary	1.0	1.0	1.0	1.0	1.0	1.0	1.0	1.0	1.0	1.0	1.0	1.0	1.0
UP00206_1_Hoxb7_3953.1	1.0	1.0	1.0	1.0	1.0	1.0	1.0	1.0	1.0	1.0	1.0	1.0	1.0
UP00075_1_Sox15_primary	1.0	1.0	1.0	1.0	1.0	1.0	1.0	1.0	1.0	1.0	1.0	1.0	1.0
UP00226_1_Mrg1_2246.2	1.0	1.0	1.0	1.0	1.0	1.0	1.0	1.0	1.0	1.0	1.0	1.0	1.0
MA0470.1.E2F4	0.0	0.0	0.0	0.0	0.0	0.0	0.0	0.0	0.0	8.11640532561e-10	0.0	0.0	0.0
MA0499.1.Myod1	0.0	0.0	0.00163231356241	1.14303896015e-07	0.0	1.92579285851e-12	0.0	0.0	2.01656078502e-08	0.000176894156435	6.97775170977e-13	1.01755270876e-11	0.0
MA0472.1.EGR2	0.0	0.0	0.0	0.0	0.0	0.0	0.0	0.0	0.0	5.95492111177e-09	0.0	0.0	0.0
UP00023_1_Sox30_primary	1.0	1.0	1.0	1.0	1.0	1.0	1.0	1.0	1.0	1.0	1.0	1.0	1.0
MA0019.1.Ddit3::Cebpa	1.0	1.0	1.0	1.0	1.0	1.0	1.0	1.0	1.0	1.0	1.0	1.0	1.0
UP00244_1_Tlx2_3498.2	1.0	1.0	1.0	1.0	1.0	1.0	1.0	1.0	1.0	1.0	1.0	1.0	1.0
UP00159_1_Six2_2307.2	1.0	1.0	1.0	1.0	1.0	1.0	1.0	1.0	1.0	1.0	1.0	1.0	1.0
UP00100_1_Gata6_primary	1.0	1.0	1.0	1.0	1.0	1.0	1.0	1.0	1.0	1.0	1.0	1.0	1.0
MA0072.1.RORA_2	1.0	1.0	1.0	1.0	1.0	1.0	1.0	1.0	1.0	1.0	1.0	1.0	1.0
MA0485.1.Hoxc9	1.0	1.0	1.0	1.0	1.0	1.0	1.0	1.0	1.0	1.0	1.0	1.0	1.0
UP00183_1_Hoxa13_3126.1	1.0	1.0	1.0	1.0	1.0	1.0	1.0	1.0	1.0	1.0	1.0	1.0	1.0
UP00253_1_Rax_3443.1	1.0	1.0	1.0	1.0	1.0	1.0	1.0	1.0	1.0	1.0	1.0	1.0	1.0
UP00238_1_Nkx6-3_3446.1	1.0	1.0	1.0	1.0	1.0	1.0	1.0	1.0	1.0	1.0	1.0	1.0	1.0
UP00201_1_Emx2_3420.1	1.0	1.0	1.0	1.0	1.0	1.0	1.0	1.0	1.0	1.0	1.0	1.0	1.0
UP00230_1_Dlx5_3419.2	1.0	1.0	1.0	1.0	1.0	1.0	1.0	1.0	1.0	1.0	1.0	1.0	1.0
UP00168_1_Hoxd8_2644.1	1.0	1.0	1.0	1.0	1.0	1.0	1.0	1.0	1.0	1.0	1.0	1.0	1.0
UP00391_1_Hoxa3_primary	1.0	1.0	1.0	1.0	1.0	1.0	1.0	1.0	1.0	1.0	1.0	1.0	1.0
MA0507.1.POU2F2	1.0	1.0	1.0	1.0	1.0	1.0	1.0	1.0	1.0	1.0	1.0	1.0	1.0
MA0599.1.KLF5	0.0	0.0	0.0	0.0	0.0	0.0	0.0	0.0	0.0	0.0	0.0	0.0	0.0
E2A-Homer	0.0	0.0	1.03233962712e-07	1.25959132014e-10	0.0	0.0	0.0	0.0	3.90163457098e-10	2.40084795267e-07	0.0	0.0	0.0
UP00182_1_Hoxa6_1040.1	1.0	1.0	1.0	1.0	1.0	1.0	1.0	1.0	1.0	1.0	1.0	1.0	1.0
UP00099_1_Ascl2_primary	0.0	0.0	1.66820415882e-05	0.0	0.0	0.0	0.0	0.0	3.24534541485e-06	3.57528341266e-06	4.9640291877e-12	0.0	0.0
MA0600.1.RFX2	0.0	0.0	0.591539101521	0.211177951074	6.80781619966e-09	1.94988225566e-09	1.8712800276e-07	0.0	0.0460704711246	1.0	2.0710587405e-05	4.15735803561e-07	0.0
UP00078_1_Arid3a_primary	1.0	1.0	1.0	1.0	1.0	1.0	1.0	1.0	1.0	1.0	1.0	1.0	1.0
UP00080_1_Gata5_primary	1.0	1.0	1.0	1.0	1.0	1.0	1.0	1.0	1.0	1.0	1.0	1.0	1.0
UP00249_1_Nkx2-5_3436.1	1.0	1.0	1.0	1.0	1.0	1.0	1.0	1.0	1.0	1.0	1.0	1.0	1.0
UP00008_3_Six6_2267.4	1.0	1.0	1.0	1.0	1.0	1.0	1.0	1.0	1.0	1.0	1.0	1.0	1.0
UP00024_1_Glis2_primary	0.0	0.0	4.52470605428e-09	0.000626370764503	8.94839757848e-14	1.06700825953e-09	0.0	1.44271261604e-11	0.996463300641	0.215770681513	0.00418099708224	0.471177108747	5.10167521672e-06
UP00025_1_Foxk1_primary	1.0	1.0	1.0	1.0	1.0	1.0	1.0	1.0	1.0	1.0	1.0	1.0	1.0
MA0500.1.Myog	0.0	0.0	1.66475956465e-07	1.93178806285e-13	0.0	0.0	0.0	0.0	7.9520989793e-10	1.5430202327e-07	0.0	0.0	0.0
MA0461.1.Atoh1	0.0	0.0	0.00183445546803	0.000188303150403	0.0	1.78699499642e-09	0.0	0.0	2.96877018302e-07	0.0301906472306	0.0	7.83879627875e-10	0.0
MA0161.1.NFIC	1.0	1.0	1.0	1.0	1.0	1.0	1.0	1.0	1.0	1.0	1.0	1.0	1.0
MA0035.3.Gata1	1.0	1.0	1.0	1.0	1.0	1.0	1.0	1.0	1.0	1.0	1.0	1.0	1.0
UP00248_1_Pax7_3783.1	1.0	1.0	1.0	1.0	1.0	1.0	1.0	1.0	1.0	1.0	1.0	1.0	1.0
UP00089_3_Tcf1_2666.2	1.0	1.0	1.0	1.0	1.0	1.0	1.0	1.0	1.0	1.0	1.0	1.0	1.0
MA0029.1.Mecom	1.0	1.0	1.0	1.0	1.0	1.0	1.0	1.0	1.0	1.0	1.0	1.0	1.0
UP00406_1_Spdef_primary	0.0	0.0	0.99543452509	0.332388202186	2.10212247609e-07	0.000102598262114	3.74963965211e-07	0.0	0.0112341296966	0.999999952454	0.0	0.0	0.0
UP00047_1_Zbtb7b_primary	0.0	0.0	0.000625259270731	0.000508914986149	0.00438816607259	4.67026417539e-11	2.36695990985e-06	4.52095448147e-05	0.384902980344	1.0	0.999562492534	0.992968270578	0.999999994413
MA0521.1.Tcf12	0.0	0.0	7.06252716787e-06	4.69910221845e-10	0.0	9.1926466439e-13	0.0	0.0	8.96737051281e-09	8.50917980522e-08	0.0	0.0	0.0
UP00267_1_Otx2_3441.1	1.0	1.0	1.0	1.0	1.0	1.0	1.0	1.0	1.0	1.0	1.0	1.0	1.0
UP00030_1_Sox11_primary	1.0	1.0	1.0	1.0	1.0	1.0	1.0	1.0	1.0	1.0	1.0	1.0	1.0
UP00018_1_Irf4_primary	1.0	1.0	1.0	1.0	1.0	1.0	1.0	1.0	1.0	1.0	1.0	1.0	1.0
UP00084_1_Gmeb1_primary	3.06976666309e-12	8.8908383078e-07	0.999999998906	0.999999999967	0.0904745421812	1.56450187163e-05	1.0	4.13949952094e-08	1.0	1.0	0.0303240475472	0.00329014222918	0.611812217042
MA0150.2.Nfe2l2	0.0	0.0	1.0	0.999999999999	0.0859750368264	1.0	2.6512125828e-13	0.0	0.211517129331	0.848411844532	5.81113107634e-08	0.000126949910711	0.0
MA0018.2.CREB1	1.0	1.0	1.0	1.0	1.0	1.0	1.0	0.0420446811463	1.0	1.0	1.0	0.999999459608	0.999999999997
UP00081_1_Mybl1_primary	0.52838801054	0.999919818493	1.0	1.0	1.0	0.99485488332	1.0	0.866220608925	1.0	1.0	1.0	0.999999999693	0.995975921012
MA0067.1.Pax2	0.0	0.0	3.89299942272e-06	5.97124182256e-06	0.0	0.0	3.2798763705e-09	0.0	0.0465953200759	0.00934078220443	1.79245950305e-08	3.36503991338e-09	0.0
UP00155_1_Hmx2_3424.3	1.0	1.0	1.0	1.0	1.0	1.0	1.0	1.0	1.0	1.0	1.0	1.0	1.0
MA0068.1.Pax4	1.0	1.0	1.0	1.0	1.0	1.0	1.0	1.0	1.0	1.0	1.0	1.0	1.0
UP00041_1_Foxj1_primary	1.0	1.0	1.0	1.0	1.0	1.0	1.0	1.0	1.0	1.0	1.0	1.0	1.0
UP00142_1_Uncx4.1_2281.2	1.0	1.0	1.0	1.0	1.0	1.0	1.0	1.0	1.0	1.0	1.0	1.0	1.0
MA0122.1.Nkx3-2	1.0	1.0	1.0	1.0	1.0	1.0	1.0	1.0	1.0	1.0	1.0	1.0	1.0
UP00003_1_E2F3_primary	0.0	0.0	4.18860723883e-10	0.0	0.0	0.0	7.16041120841e-08	0.0	1.7469780067e-09	0.00101758525365	6.02338179334e-10	0.0	1.84848802931e-11
MA0095.2.YY1	1.0	1.0	1.0	1.0	1.0	1.0	1.0	1.0	1.0	1.0	1.0	1.0	1.0
UP00243_1_Isx_3445.1	1.0	1.0	1.0	1.0	1.0	1.0	1.0	1.0	1.0	1.0	1.0	1.0	1.0
UP00035_1_Hic1_primary	1.09171310592e-06	0.224233611045	1.0	0.990142330355	0.672040301041	1.0	0.585444952789	0.169805886735	1.0	1.0	0.918537734209	1.0	0.984522976222
UP00160_1_Obox3_3439.1	1.0	1.0	1.0	1.0	1.0	1.0	1.0	1.0	1.0	1.0	1.0	1.0	1.0
UP00147_1_Nkx2-6_3437.1	1.0	1.0	1.0	1.0	1.0	1.0	1.0	1.0	1.0	1.0	1.0	1.0	1.0
UP00097_1_Mtf1_primary	0.0	2.15328754827e-09	0.183598086945	0.815785820271	0.910205927603	0.0011391291609	0.00303916633405	8.03058619159e-07	0.897499817524	0.999999999448	0.627177880642	0.00330982208613	0.0428864392735
UP00031_1_Zbtb3_primary	1.0	1.0	1.0	1.0	1.0	1.0	1.0	1.0	1.0	1.0	1.0	1.0	1.0
UP00177_1_Hoxd12_3481.1	1.0	1.0	1.0	1.0	1.0	1.0	1.0	1.0	1.0	1.0	1.0	1.0	1.0
MA0492.1.JUND.var.2	0.0321788065802	1.0	1.0	1.0	1.0	1.0	1.0	2.44717357489e-10	0.999999982292	1.0	0.031021728547	0.999999978093	1.40423915773e-06
MA0148.3.FOXA1	1.0	1.0	1.0	1.0	1.0	1.0	1.0	1.0	1.0	1.0	1.0	1.0	1.0
UP00064_1_Sox18_primary	1.0	1.0	1.0	1.0	1.0	1.0	1.0	1.0	1.0	1.0	1.0	1.0	1.0
UP00237_1_Otp_3496.1	1.0	1.0	1.0	1.0	1.0	1.0	1.0	1.0	1.0	1.0	1.0	1.0	1.0
UP00029_1_Tbp_primary	1.0	1.0	1.0	1.0	1.0	1.0	1.0	1.0	1.0	1.0	1.0	1.0	1.0
UP00166_1_Barhl1_2590.2	1.0	1.0	1.0	1.0	1.0	1.0	1.0	1.0	1.0	1.0	1.0	1.0	1.0
UP00012_1_Bbx_primary	1.0	1.0	1.0	1.0	1.0	1.0	1.0	1.0	1.0	1.0	1.0	1.0	1.0
MA0041.1.Foxd3	1.0	1.0	1.0	1.0	1.0	1.0	1.0	1.0	1.0	1.0	1.0	1.0	1.0
UP00240_1_Cdx1_2245.1	1.0	1.0	1.0	1.0	1.0	1.0	1.0	1.0	1.0	1.0	1.0	1.0	1.0
MA0073.1.RREB1	0.0	0.0	0.000138258009566	0.0	0.0	0.0	0.0	0.0	8.32582148369e-06	0.00628426089285	1.11705875439e-07	1.69176672671e-10	0.0
UP00211_1_Pou3f3_3235.2	1.0	1.0	1.0	1.0	1.0	1.0	1.0	1.0	1.0	1.0	1.0	1.0	1.0
UP00040_1_Irf5_primary	1.0	1.0	1.0	1.0	1.0	1.0	1.0	1.0	1.0	1.0	1.0	1.0	1.0
MA0070.1.PBX1	1.0	1.0	1.0	1.0	1.0	1.0	1.0	1.0	1.0	1.0	1.0	1.0	1.0
UP00212_1_Lhx5_2279.1	1.0	1.0	1.0	1.0	1.0	1.0	1.0	1.0	1.0	1.0	1.0	1.0	1.0
MA0077.1.SOX9	1.0	1.0	1.0	1.0	1.0	1.0	1.0	1.0	1.0	1.0	1.0	1.0	0.987368366027
UP00070_1_Gcm1_primary	0.0	0.0	0.00144190590317	0.0200842413152	1.60801835254e-05	2.94329915551e-07	2.93744509483e-06	3.29250776643e-08	1.0	1.0	0.999999999989	3.86635716942e-05	0.000137518166815
UP00179_1_Pou2f3_3986.2	1.0	1.0	1.0	1.0	1.0	1.0	1.0	1.0	1.0	1.0	1.0	1.0	1.0
UP00027_1_Osr1_primary	1.0	1.0	1.0	1.0	1.0	1.0	1.0	1.0	1.0	1.0	1.0	1.0	1.0
MA0468.1.DUX4	1.0	1.0	1.0	1.0	1.0	1.0	1.0	1.0	1.0	1.0	1.0	1.0	1.0
MA0007.2.AR	0.0634977107764	0.999895834738	1.0	1.0	1.0	1.0	0.961175640519	0.000913003017564	0.99999999843	0.999987469	1.0	1.0	0.11374780613
UP00073_1_Foxa2_primary	1.0	1.0	1.0	1.0	1.0	1.0	1.0	1.0	1.0	1.0	1.0	1.0	1.0
UP00007_1_Egr1_primary	0.0	0.0	0.0	0.0	0.0	0.0	0.0	0.0	0.0	0.0	0.0	0.0	0.0
MA0114.2.HNF4A	0.0	0.0	0.00181773032269	0.149082887491	0.000111176351715	0.643027281303	8.90398865749e-14	0.0	0.0974310699039	1.0	0.00102826133129	0.109812022556	1.28563826252e-13
MA0140.2.TAL1::GATA1	1.0	1.0	1.0	1.0	1.0	1.0	1.0	1.0	1.0	1.0	1.0	1.0	1.0
UP00105_1_Pou3f4_3773.1	1.0	1.0	1.0	1.0	1.0	1.0	1.0	1.0	1.0	1.0	1.0	1.0	1.0
MA0132.1.Pdx1	1.0	1.0	1.0	1.0	1.0	1.0	1.0	1.0	1.0	1.0	1.0	1.0	1.0
MA0036.2.GATA2	1.0	1.0	1.0	1.0	1.0	1.0	1.0	1.0	1.0	1.0	1.0	1.0	1.0
UP00252_1_Hoxc5_2630.2	1.0	1.0	1.0	1.0	1.0	1.0	1.0	1.0	1.0	1.0	1.0	1.0	1.0
UP00020_1_Atf1_primary	0.0	0.0	0.528095283462	0.00287701031708	0.0127329611276	8.8545837329e-11	0.0653081585271	0.0	2.32343918805e-06	0.00196961984837	1.74033799594e-08	1.46626710773e-10	0.0
UP00171_1_Msx3_3206.1	1.0	1.0	1.0	1.0	1.0	1.0	1.0	1.0	1.0	1.0	1.0	1.0	1.0
UP00010_1_Tcfap2b_primary	0.0	0.0	0.0	0.0	0.0	0.0	0.0	0.0	0.0	2.05653641894e-08	0.0	0.0	0.0
UP00069_1_Sox1_primary	1.0	1.0	1.0	1.0	1.0	1.0	1.0	1.0	1.0	1.0	1.0	1.0	1.0
UP00054_1_Tcf7_primary	1.0	1.0	1.0	1.0	1.0	1.0	1.0	1.0	1.0	1.0	1.0	1.0	1.0
MA0059.1.MYC::MAX	0.0	0.0	0.41356250575	0.945643715928	4.81043387102e-06	0.065217662689	0.0029851568222	2.85993451143e-13	0.342023141962	1.0	0.195949180968	0.00703579870919	6.06536913461e-06
UP00227_1_Duxl_1286.2	1.0	1.0	1.0	1.0	1.0	1.0	1.0	1.0	1.0	1.0	1.0	1.0	1.0
MA0597.1.THAP1	0.0	0.0	1.82042637146e-05	1.34667013213e-05	1.27937660466e-11	0.0	0.0	0.0	1.6123596569e-07	2.37886550236e-07	4.99296382017e-10	7.11286030075e-10	0.0
MA0099.2.JUN::FOS	0.0	0.0	0.000264024344533	3.08555128915e-05	0.0	5.73843684903e-07	0.0	0.0	2.11214259282e-06	0.0080779813053	0.0	0.0	0.0
MA0149.1.EWSR1-FLI1	0.0	0.0	1.15315978988e-10	0.000678444741571	0.0	0.0	0.0	0.0	2.73856733957e-08	3.24826114276e-05	2.33146835171e-13	0.0	0.0
UP00261_1_Lhx4_1719.2	1.0	1.0	1.0	1.0	1.0	1.0	1.0	1.0	1.0	1.0	1.0	1.0	1.0
MA0516.1.SP2	0.0	0.0	0.0	0.0	0.0	0.0	0.0	0.0	0.0	0.0	0.0	0.0	0.0
UP00192_1_Six1_0935.2	1.0	1.0	1.0	1.0	1.0	1.0	1.0	1.0	1.0	1.0	1.0	1.0	1.0
UP00203_1_Pknox1_2364.2	1.0	1.0	1.0	1.0	1.0	1.0	1.0	0.993206925613	1.0	1.0	1.0	0.988455188282	1.0
UP00103_1_Jundm2_primary	0.0	0.0	0.812385946747	0.00276091120724	0.440060064626	1.79610908368e-07	0.0011354841835	0.0	9.06966486103e-06	0.0282478824443	2.24401102034e-07	1.61501015516e-06	0.0
MA0490.1.JUNB	0.0	0.0	0.00630853572916	1.9227009556e-05	0.0	1.30073721127e-07	0.0	0.0	5.67570435095e-11	3.69259864651e-05	0.0	0.0	0.0
UP00185_1_Pbx1_3203.1	1.0	1.0	1.0	1.0	1.0	1.0	1.0	1.0	1.0	1.0	1.0	1.0	1.0
MA0527.1.ZBTB33	0.0	0.0	0.0	6.73017197528e-13	0.0	0.0	1.36258345718e-08	0.0	2.51471066193e-11	0.141706409621	8.15832865042e-07	0.0	0.0
MA0105.3.NFKB1	0.0	0.0	0.0	0.0	0.0	0.0	0.0	0.0	1.31150803184e-06	2.53848876489e-05	0.0	9.1926466439e-14	0.0
UP00223_1_Irx3_0920.1	1.0	1.0	1.0	1.0	1.0	1.0	1.0	1.0	1.0	1.0	1.0	1.0	1.0
UP00164_1_Hoxa7_2668.2	1.0	1.0	1.0	1.0	1.0	1.0	1.0	1.0	1.0	1.0	1.0	1.0	1.0
UP00246_1_Hoxa11_2218.1	1.0	1.0	1.0	1.0	1.0	1.0	1.0	1.0	1.0	1.0	1.0	1.0	1.0
UP00264_1_Hoxa1_3425.1	1.0	1.0	1.0	1.0	1.0	1.0	1.0	1.0	1.0	1.0	1.0	1.0	1.0
UP00184_1_Lhx8_2247.2	1.0	1.0	1.0	1.0	1.0	1.0	1.0	1.0	1.0	1.0	1.0	1.0	1.0
UP00123_1_Hlxb9_3422.1	1.0	1.0	1.0	1.0	1.0	1.0	1.0	1.0	1.0	1.0	1.0	1.0	1.0
UP00191_1_Pou2f2_3748.1	1.0	1.0	1.0	1.0	1.0	1.0	1.0	1.0	1.0	1.0	1.0	1.0	1.0
MA0040.1.Foxq1	1.0	1.0	1.0	1.0	1.0	1.0	1.0	1.0	1.0	1.0	1.0	1.0	1.0
MA0091.1.TAL1::TCF3	0.999942551037	1.0	1.0	1.0	0.972780760398	1.0	0.999993001303	0.498139441319	1.0	1.0	1.0	1.0	0.0181059162011
MA0027.1.En1	1.0	1.0	1.0	1.0	1.0	1.0	1.0	1.0	1.0	1.0	1.0	1.0	1.0
UP00195_1_Six3_1732.2	1.0	1.0	1.0	1.0	1.0	1.0	1.0	1.0	1.0	1.0	1.0	1.0	1.0
MA0136.1.ELF5	0.0	9.26269061452e-11	1.0	1.0	0.00216788835225	0.999999999914	2.93224640471e-05	0.0	0.0159799119248	0.999213302982	6.37268016135e-11	0.0066137422487	0.0
MA0004.1.Arnt	1.0	1.0	1.0	1.0	1.0	1.0	1.0	1.0	1.0	1.0	1.0	1.0	1.0
MA0467.1.Crx	1.0	1.0	1.0	1.0	1.0	1.0	1.0	1.0	1.0	1.0	1.0	1.0	1.0
MA0476.1.FOS	0.0	0.0	0.195321296873	0.00628526477521	0.0	0.000383254463812	0.0	0.0	3.06684469153e-07	0.00258995909074	0.0	0.0	0.0
UP00098_1_Rfx3_primary	1.0	1.0	1.0	1.0	1.0	1.0	1.0	0.264242237782	1.0	1.0	0.999999999998	1.0	0.999999999884
UP00154_1_Dlx3_1030.1	1.0	1.0	1.0	1.0	1.0	1.0	1.0	1.0	1.0	1.0	1.0	1.0	1.0
UP00130_1_Lhx3_3431.1	1.0	1.0	1.0	1.0	1.0	1.0	1.0	1.0	1.0	1.0	1.0	1.0	1.0
UP00120_1_Lbx2_3869.2	1.0	1.0	1.0	1.0	1.0	1.0	1.0	1.0	1.0	1.0	1.0	1.0	1.0
UP00000_1_Smad3_primary	0.0	1.37950806334e-09	0.0758422266493	1.0	0.00281820899403	0.99999829823	0.00724608895757	4.48197035041e-13	0.0492308012538	0.336756172445	0.000817426205529	0.999998761312	4.80415263127e-09
MA0501.1.NFE2::MAF	0.0	3.51045055569e-05	1.0	1.0	0.630196921792	1.0	5.03211740699e-06	0.0	0.999984681057	1.0	1.1816547703e-05	0.0849315615906	0.0
UP00169_1_Lmx1b_3433.2	1.0	1.0	1.0	1.0	1.0	1.0	1.0	1.0	1.0	1.0	1.0	1.0	1.0
MA0003.2.TFAP2A	0.0	0.0	0.0	0.0	0.0	0.0	0.0	0.0	0.0	5.45701794863e-09	0.0	0.0	0.0
MA0090.1.TEAD1	0.0	1.07492681423e-10	0.834485933099	0.999998097614	6.14160367007e-09	0.695755833056	0.392591662807	0.0	0.0299927225915	0.450894490872	1.18901872341e-05	0.42295564801	2.78426359746e-09
UP00115_1_Lhx2_0953.2	1.0	1.0	1.0	1.0	1.0	1.0	1.0	1.0	1.0	1.0	1.0	1.0	1.0
MA0117.1.Mafb	0.0	0.0	7.64143134171e-05	0.000181558670227	0.0	0.0	0.0	0.0	5.30763233364e-09	0.2116197167	0.0	0.0	0.0
UP00205_1_Pknox2_3077.2	4.00344202234e-09	5.47816499319e-05	1.0	1.0	0.999839185063	1.0	0.546073036265	6.79014184368e-05	1.0	1.0	0.523032147699	0.0909546439644	0.384414095868
UP00251_1_Esx1_3124.2	1.0	1.0	1.0	1.0	1.0	1.0	1.0	1.0	1.0	1.0	1.0	1.0	1.0
MA0511.1.RUNX2	0.104584818268	1.0	1.0	1.0	0.848080884544	1.0	0.994237683229	0.961824304	1.0	1.0	1.0	0.999998761312	0.823569676281
UP00125_1_Pitx2_2274.3	1.0	1.0	1.0	1.0	1.0	1.0	1.0	1.0	1.0	1.0	1.0	1.0	1.0
UP00036_1_Myf6_primary	0.0	0.0	0.999999995803	0.0257548182617	6.43159969727e-10	1.0	4.48598550284e-06	4.61963800547e-12	0.999674839044	1.0	0.0208769574815	0.157780579103	0.00405360863112
UP00093_1_Klf7_primary	0.0	0.0	0.0	0.0	0.0	0.0	0.0	0.0	0.0	0.0	0.0	0.0	0.0
MA0495.1.MAFF	1.0	1.0	1.0	1.0	1.0	1.0	1.0	1.0	1.0	1.0	1.0	1.0	1.0
MA0522.1.Tcf3	0.0	0.0	1.9196688298e-05	1.26325616634e-11	0.0	0.0	0.0	0.0	1.04097530595e-09	1.83547254377e-05	0.0	0.0	0.0
UP00037_1_Zfp105_primary	1.0	1.0	1.0	1.0	1.0	1.0	1.0	1.0	1.0	1.0	1.0	1.0	1.0
UP00096_1_Sox13_primary	1.0	1.0	1.0	1.0	1.0	1.0	1.0	1.0	1.0	1.0	1.0	1.0	1.0
UP00233_1_Meox1_2310.2	1.0	1.0	1.0	1.0	1.0	1.0	1.0	1.0	1.0	1.0	1.0	1.0	1.0
MA0483.1.Gfi1b	1.0	1.0	1.0	1.0	1.0	1.0	1.0	1.0	1.0	1.0	1.0	1.0	1.0
UP00067_1_Lef1_primary	1.0	1.0	1.0	1.0	1.0	1.0	1.0	1.0	1.0	1.0	1.0	1.0	1.0
UP00071_1_Sox21_primary	1.0	1.0	1.0	1.0	1.0	1.0	1.0	1.0	1.0	1.0	1.0	1.0	1.0
UP00188_1_Lmx1a_2238.2	1.0	1.0	1.0	1.0	1.0	1.0	1.0	1.0	1.0	1.0	1.0	1.0	1.0
IRF8_ISRE_KANNO	1.0	1.0	1.0	1.0	1.0	1.0	1.0	1.0	1.0	1.0	1.0	1.0	1.0
MA0038.1.Gfi1	1.0	1.0	1.0	1.0	1.0	1.0	1.0	1.0	1.0	1.0	1.0	1.0	1.0
UP00234_1_Msx1_3031.2	1.0	1.0	1.0	1.0	1.0	1.0	1.0	1.0	1.0	1.0	1.0	1.0	1.0
MA0595.1.SREBF1	1.0	1.0	1.0	1.0	1.0	1.0	1.0	1.0	1.0	0.999978019273	1.0	1.0	1.0
MA0133.1.BRCA1	1.0	1.0	1.0	1.0	1.0	1.0	1.0	1.0	1.0	1.0	1.0	1.0	1.0
MA0056.1.MZF1_1-4	0.0	0.0	0.0	0.0	0.0	0.0	0.0	0.0	2.20683185059e-08	6.33158662278e-07	0.0	4.77693440359e-11	0.0
MA0478.1.FOSL2	0.0	0.0	1.0	1.0	1.34768309401e-07	1.0	2.58082444304e-12	0.0	0.388228383829	0.846055083441	0.0	6.13267479799e-07	0.0
MA0592.1.ESRRA	0.0	0.0	0.518580169875	0.887743692954	0.000133016611226	0.650018919127	1.6643720846e-09	0.0	0.801668754606	0.99856078792	0.000116445212928	0.0144916496578	0.0
MA0164.1.Nr2e3	1.0	1.0	1.0	1.0	1.0	1.0	1.0	0.996215145629	1.0	0.999999952454	1.0	0.990979516395	0.921025380273
UP00034_1_Sox7_primary	1.0	1.0	1.0	1.0	1.0	1.0	1.0	1.0	1.0	1.0	1.0	1.0	1.0
MA0162.2.EGR1	0.0	0.0	0.0	0.0	0.0	0.0	0.0	0.0	0.0	0.0	0.0	0.0	0.0
UP00162_1_Evx1_3952.2	1.0	1.0	1.0	1.0	1.0	1.0	1.0	1.0	1.0	1.0	1.0	1.0	1.0
UP00062_1_Sox4_primary	1.0	1.0	1.0	1.0	1.0	1.0	1.0	1.0	1.0	1.0	1.0	1.0	1.0
UP00174_1_Hoxa2_3079.1	1.0	1.0	1.0	1.0	1.0	1.0	1.0	1.0	1.0	1.0	1.0	1.0	1.0
UP00127_1_Gsh2_3990.2	1.0	1.0	1.0	1.0	1.0	1.0	1.0	1.0	1.0	1.0	1.0	1.0	1.0
MA0065.2.PPARG::RXRA	0.0	0.0	9.9872877668e-07	9.48153555669e-10	1.3389289677e-13	0.0	0.0	0.0	9.13717990159e-11	0.000196418322017	8.16693113137e-09	3.00881541904e-11	0.0
UP00241_1_Hoxd3_1742.2	1.0	1.0	1.0	1.0	1.0	1.0	1.0	1.0	1.0	1.0	1.0	1.0	1.0
MA0151.1.ARID3A	1.0	1.0	1.0	1.0	1.0	1.0	1.0	1.0	1.0	1.0	1.0	1.0	1.0
MA0103.2.ZEB1	1.0	0.191429728297	1.0	1.0	1.0	0.96330765177	0.734493701738	1.0	1.0	1.0	1.0	1.0	1.0
klf4_homer	0.0	0.0	2.12641571018e-10	0.0	0.0	0.0	0.0	0.0	1.60062363364e-09	1.98090340318e-05	8.81739126157e-13	0.0	0.0
MA0002.2.RUNX1	3.25472981899e-12	0.00278978764231	1.0	1.0	0.0561379073595	1.0	0.0003969514184	9.70122571873e-05	1.0	1.0	0.00563223640427	0.53473310521	0.000609863981637
MA0479.1.FOXH1	1.0	1.0	1.0	1.0	1.0	1.0	1.0	1.0	1.0	1.0	1.0	1.0	1.0
UP00089_1_Tcf1_primary	1.0	1.0	1.0	1.0	1.0	1.0	1.0	1.0	1.0	1.0	1.0	1.0	1.0
UP00170_1_Isl2_3430.1	1.0	1.0	1.0	1.0	1.0	1.0	1.0	1.0	1.0	1.0	1.0	1.0	1.0
UP00208_1_Obox5_2284.1	1.0	1.0	1.0	1.0	1.0	1.0	1.0	1.0	1.0	1.0	1.0	1.0	1.0
MA0101.1.REL	0.0	0.0	0.0	0.0	0.0	0.0	0.0	0.0	1.33161259797e-09	0.000430739470431	0.0	0.0	0.0
UP00197_1_Hoxc9_2367.2	1.0	1.0	1.0	1.0	1.0	1.0	1.0	1.0	1.0	1.0	1.0	1.0	1.0
UP00222_1_Tcf2_0913.2	1.0	1.0	1.0	1.0	1.0	1.0	1.0	1.0	1.0	1.0	1.0	1.0	1.0
UP00048_1_Rara_primary	0.0266093510582	0.999999999998	1.0	1.0	0.999998445185	1.0	1.0	1.92570602908e-07	1.0	1.0	0.789364412517	0.999999369681	0.00608923690818
UP00111_1_Dmbx1_2277.1	1.0	1.0	1.0	1.0	1.0	1.0	1.0	1.0	1.0	1.0	1.0	1.0	1.0
UP00146_1_Pou6f1_1731.2	1.0	1.0	1.0	1.0	1.0	1.0	1.0	1.0	1.0	1.0	1.0	1.0	1.0
MA0518.1.Stat4	0.0	0.0319452158557	1.0	1.0	1.50794534841e-05	1.0	0.000548550218791	3.57058049794e-09	1.0	1.0	0.334973859698	0.999987261584	5.28568855351e-09
UP00194_1_Irx4_2242.3	1.0	1.0	1.0	1.0	1.0	1.0	1.0	1.0	1.0	1.0	1.0	1.0	1.0
UP00068_1_Eomes_primary	1.0	1.0	1.0	1.0	1.0	1.0	1.0	1.0	1.0	1.0	1.0	1.0	1.0
UP00150_1_Irx6_2623.2	1.0	1.0	1.0	1.0	1.0	1.0	1.0	1.0	1.0	1.0	1.0	1.0	1.0
MA0526.1.USF2	0.997830920023	0.998528694371	1.0	1.0	1.0	1.0	0.997739825202	0.999916811673	1.0	1.0	1.0	0.999999961537	0.99999999822
MA0159.1.RXR::RAR_DR5	0.0	0.0	0.99996308596	0.000120160784735	2.28990988486e-05	0.0107245657904	0.0	0.0	0.511197975964	0.999984079366	0.715937994918	0.000791316914726	2.48657393342e-07
MA0087.1.Sox5	1.0	1.0	1.0	1.0	1.0	1.0	1.0	1.0	1.0	1.0	1.0	1.0	1.0
UP00088_1_Plagl1_primary	0.0	0.0	0.0	0.0	0.0	0.0	0.0	0.0	5.00710584106e-13	9.05084557579e-06	1.7641733685e-07	0.0	0.0
MA0160.1.NR4A2	2.13483524081e-07	0.567861611141	1.0	1.0	0.253647233612	1.0	0.989989422239	4.94549978636e-06	0.963493856922	1.0	0.00442842819583	0.993818004106	0.00881789891273
UP00028_1_Tcfap2e_primary	0.0	0.0	0.0	0.0	0.0	0.0	0.0	0.0	3.36703664949e-10	3.47495437607e-05	0.0	0.0	0.0
MA0051.1.IRF2	1.0	1.0	1.0	1.0	1.0	1.0	1.0	1.0	1.0	1.0	1.0	1.0	1.0
UP00259_1_Hoxb6_3428.2	1.0	1.0	1.0	1.0	1.0	1.0	1.0	1.0	1.0	1.0	1.0	1.0	1.0
UP00407_1_Elf3_primary	0.0	0.000182025519643	1.0	1.0	0.0225627070335	1.0	0.987160298776	0.0	0.830534491103	0.997943194869	2.90967250294e-12	0.000280687435817	0.0
MA0142.1.Pou5f1::Sox2	1.0	1.0	1.0	1.0	1.0	1.0	1.0	1.0	1.0	1.0	1.0	1.0	1.0
UP00214_1_Hoxb5_3122.2	1.0	1.0	1.0	1.0	1.0	1.0	1.0	1.0	1.0	1.0	1.0	1.0	1.0
MA0084.1.SRY	1.0	1.0	1.0	1.0	1.0	1.0	1.0	1.0	1.0	1.0	1.0	1.0	1.0
UP00173_1_Hoxc13_3127.1	1.0	1.0	1.0	1.0	1.0	1.0	1.0	1.0	1.0	1.0	1.0	1.0	1.0
UP00085_1_Sfpi1_primary	0.0	0.0	0.996260615786	0.999778815983	8.90398865749e-13	3.94371755112e-05	2.21489493413e-13	0.0	0.0145677642905	0.999625394993	1.9174262178e-10	7.16481984853e-10	0.0
MA0146.2.Zfx	0.0	0.0	2.97761815204e-13	0.0	0.0	0.0	0.0	0.0	4.75193218108e-11	0.260523765159	6.00036687004e-11	0.0	0.0
MA0259.1.HIF1A::ARNT	0.0	0.0	0.6513565367	3.38244947202e-05	0.0053035390779	0.00401410869555	0.999748287121	2.05391259556e-13	0.982661151072	1.0	0.994888332363	3.00440511947e-06	0.00263434625523
UP00121_1_Hoxd10_2368.2	1.0	1.0	1.0	1.0	1.0	1.0	1.0	1.0	1.0	1.0	1.0	1.0	1.0
MA0113.2.NR3C1	0.999999998625	1.0	1.0	1.0	1.0	1.0	0.999997121289	0.998673030351	1.0	1.0	1.0	1.0	0.650934722119
UP00112_1_Gsc_2327.3	1.0	1.0	1.0	1.0	1.0	1.0	1.0	1.0	1.0	1.0	1.0	1.0	1.0
MA0048.1.NHLH1	0.0	0.0	8.95635565712e-10	0.0	0.0	0.0	0.0	0.0	1.44868831564e-06	4.7666411721e-06	0.0	0.0	0.0
MA0083.2.SRF	1.0	1.0	1.0	1.0	1.0	1.0	1.0	1.0	1.0	1.0	1.0	1.0	1.0
UP00187_1_Alx4_1744.1	1.0	1.0	1.0	1.0	1.0	1.0	1.0	1.0	1.0	1.0	1.0	1.0	1.0
UP00145_1_Barhl2_3868.1	1.0	1.0	1.0	1.0	1.0	1.0	1.0	1.0	1.0	1.0	1.0	1.0	1.0
UP00152_1_Arx_1738.2	1.0	1.0	1.0	1.0	1.0	1.0	1.0	1.0	1.0	1.0	1.0	1.0	1.0
UP00072_1_IRC900814_primary	1.0	1.0	1.0	1.0	1.0	1.0	1.0	1.0	1.0	1.0	1.0	1.0	1.0
MA0075.1.Prrx2	1.0	1.0	1.0	1.0	1.0	1.0	1.0	1.0	1.0	1.0	1.0	1.0	1.0
MA0482.1.Gata4	1.0	1.0	1.0	1.0	1.0	1.0	1.0	1.0	1.0	1.0	1.0	1.0	1.0
MA0523.1.TCF7L2	1.0	1.0	1.0	1.0	1.0	1.0	1.0	1.0	1.0	1.0	1.0	1.0	1.0
UP00050_1_Bhlhb2_primary	3.0595837297e-06	0.0081569048186	1.0	1.0	0.445030523275	1.0	0.999999999985	0.00122362461821	1.0	1.0	0.97976641238	0.481013884377	0.602675210434
MA0525.1.TP63	0.0	3.44513328976e-09	0.999999337432	1.0	0.445030523275	0.0840129876841	0.0691202070894	2.37044034401e-08	0.999537694729	0.950733169645	1.0	0.00135513696787	2.08931239865e-07
MA0076.2.ELK4	0.0	0.0	0.0	0.0	0.0	0.0	0.0	0.0	0.0	3.2737704414e-07	0.0	0.0	0.0
UP00161_1_Hmbox1_2674.1	1.0	1.0	1.0	1.0	1.0	1.0	1.0	1.0	1.0	1.0	1.0	1.0	1.0
UP00258_1_Tgif2_3451.1	1.0	1.0	1.0	1.0	1.0	1.0	1.0	1.0	1.0	1.0	1.0	1.0	1.0
MA0147.2.Myc	2.13655759751e-11	4.10373413029e-09	1.0	0.997116118354	0.080890322058	1.0	0.000314767061719	3.39631536869e-05	1.0	1.0	1.0	0.0148974340132	0.00904339117044
UP00114_1_Homez_1063.2	1.0	1.0	1.0	1.0	1.0	1.0	1.0	1.0	1.0	1.0	1.0	1.0	1.0
UP00200_1_Nkx6-1_2825.1	1.0	1.0	1.0	1.0	1.0	1.0	1.0	1.0	1.0	1.0	1.0	1.0	1.0
UP00132_1_Evx2_2645.3	1.0	1.0	1.0	1.0	1.0	1.0	1.0	1.0	1.0	1.0	1.0	1.0	1.0
UP00101_1_Sox12_primary	1.0	1.0	1.0	1.0	1.0	1.0	1.0	1.0	1.0	1.0	1.0	1.0	1.0
UP00186_1_Meis1_2335.1	1.0	1.0	1.0	1.0	1.0	1.0	1.0	1.0	1.0	1.0	1.0	1.0	1.0
UP00210_1_Mrg2_2302.1	1.0	1.0	1.0	1.0	1.0	1.0	1.0	1.0	1.0	1.0	1.0	1.0	1.0
UP00008_4	1.0	1.0	1.0	1.0	1.0	1.0	1.0	1.0	1.0	1.0	1.0	1.0	1.0
MA0138.2.REST	0.0	0.0	0.000210730064147	0.000221487778549	0.0	0.0	0.0	0.0	3.73720899227e-07	0.00181906078695	0.000264214333598	1.30538375664e-08	0.0
MA0039.2.Klf4	0.0	0.0	0.0	0.0	0.0	0.0	0.0	0.0	0.0	0.0	0.0	0.0	0.0
UP00263_1_Hoxb8_3780.2	1.0	1.0	1.0	1.0	1.0	1.0	1.0	1.0	1.0	1.0	1.0	1.0	1.0
UP00176_1_Crx_3485.1	1.0	1.0	1.0	1.0	1.0	1.0	1.0	1.0	1.0	1.0	1.0	1.0	1.0
UP00139_1_Nkx1-2_3214.1	1.0	1.0	1.0	1.0	1.0	1.0	1.0	1.0	1.0	1.0	1.0	1.0	1.0
UP00218_1_Dbx2_3487.1	1.0	1.0	1.0	1.0	1.0	1.0	1.0	1.0	1.0	1.0	1.0	1.0	1.0
MA0080.3.Spi1	0.0	0.0	0.103911396084	0.123960723031	0.0	1.05361053215e-10	0.0	0.0	3.60649510256e-08	0.0134500862909	0.0	0.0	0.0
MA0153.1.HNF1B	1.0	1.0	1.0	1.0	1.0	1.0	1.0	1.0	1.0	1.0	1.0	1.0	1.0
MA0509.1.Rfx1	0.0	0.0	0.849523613419	0.122440170924	3.14456713429e-05	6.29740388169e-07	0.000322347935404	0.0	0.905068631928	1.0	0.000817426205529	4.71721415818e-07	0.0
UP00190_1_Nkx2-3_3435.1	1.0	1.0	1.0	1.0	1.0	1.0	1.0	1.0	1.0	1.0	1.0	1.0	1.0
UP00046_1_Tcfe2a_primary	1.0	1.0	1.0	1.0	1.0	1.0	0.716142506986	1.0	1.0	1.0	1.0	1.0	1.0
UP00122_1_Tgif1_2342.2	0.999996251202	1.0	1.0	1.0	1.0	1.0	1.0	0.158912083714	1.0	1.0	0.994029555097	0.534993529961	0.999984167845
MA0006.1.Arnt::Ahr	1.0	1.0	1.0	1.0	1.0	1.0	1.0	1.0	1.0	1.0	1.0	1.0	1.0
UP00157_1_Hmx3_3490.2	1.0	1.0	1.0	1.0	1.0	1.0	1.0	1.0	1.0	1.0	1.0	1.0	1.0
MA0024.2.E2F1	0.0	0.0	0.0	0.0	0.0	0.0	0.0	0.0	0.0	3.10465464448e-08	0.0	0.0	0.0
MA0074.1.RXRA::VDR	0.000123679508739	0.0254846447661	0.993194031147	0.999999312934	0.648101706599	1.0	0.0759740126021	0.031352185926	0.999998865475	0.999992157567	0.999999991272	1.0	0.99989651352
UP00215_1_Vax1_3499.1	1.0	1.0	1.0	1.0	1.0	1.0	1.0	1.0	1.0	1.0	1.0	1.0	1.0
MA0154.2.EBF1	0.0	0.0	2.36480834914e-11	0.0	0.0	0.0	0.0	0.0	2.84876381521e-05	0.0110430753732	0.0	9.1926466439e-14	0.0
UP00213_1_Hoxa9_2622.2	1.0	1.0	1.0	1.0	1.0	1.0	1.0	1.0	1.0	1.0	1.0	1.0	1.0
UP00066_1_Hnf4a_primary	1.0	1.0	1.0	1.0	1.0	1.0	1.0	1.0	1.0	1.0	0.999990398605	1.0	1.0
MA0491.1.JUND	0.0	0.0	0.120505011857	3.59340548514e-05	0.0	4.68818302513e-07	0.0	0.0	2.19355644759e-11	0.000286850117839	0.0	0.0	0.0
MA0009.1.T	1.0	1.0	1.0	1.0	1.0	1.0	1.0	1.0	1.0	1.0	1.0	1.0	1.0
MA0066.1.PPARG	1.0551559626e-12	4.72589298806e-08	0.923482623042	0.999999999809	0.858188683001	1.0	1.70584485233e-05	8.46116404385e-07	0.216497190965	1.0	1.0	1.0	0.00650413521479
UP00135_1_Hoxc12_3480.1	1.0	1.0	1.0	1.0	1.0	1.0	1.0	1.0	1.0	1.0	1.0	1.0	1.0
MA0050.2.IRF1	1.0	1.0	1.0	1.0	1.0	1.0	1.0	1.0	1.0	1.0	1.0	1.0	1.0
MA0469.1.E2F3	0.0	0.0	0.0	0.0	0.0	0.0	0.0	0.0	0.0	0.0	0.0	0.0	0.0
MA0144.2.STAT3	0.0	1.15951692692e-12	0.704373995225	1.0	7.45428522184e-05	0.999999999737	7.95123966668e-11	0.0	0.915973428606	0.945601925478	0.00169749264909	0.0125334441666	2.1371793224e-13
UP00204_1_Gbx1_2883.2	1.0	1.0	1.0	1.0	1.0	1.0	1.0	1.0	1.0	1.0	1.0	1.0	1.0
MA0496.1.MAFK	1.0	1.0	1.0	1.0	1.0	1.0	1.0	1.0	1.0	1.0	1.0	1.0	1.0
UP00144_1_Hoxb4_2627.1	1.0	1.0	1.0	1.0	1.0	1.0	1.0	1.0	1.0	1.0	1.0	1.0	1.0
MA0028.1.ELK1	0.0	0.0	1.20402354753e-10	0.0	0.0	0.0	0.0	0.0	4.06920164231e-10	8.82952737562e-05	0.0	0.0	0.0
UP00129_1_Pou3f1_3819.1	1.0	1.0	1.0	1.0	1.0	1.0	1.0	1.0	1.0	1.0	1.0	1.0	1.0
MA0025.1.NFIL3	1.0	1.0	1.0	1.0	1.0	1.0	1.0	1.0	1.0	1.0	1.0	1.0	1.0
MA0494.1.Nr1h3::Rxra	1.0	1.0	1.0	1.0	1.0	1.0	0.999552950837	1.0	1.0	1.0	1.0	1.0	1.0
UP00140_1_Hoxd1_3448.1	1.0	1.0	1.0	1.0	1.0	1.0	1.0	1.0	1.0	1.0	1.0	1.0	1.0
UP00055_1_Hbp1_primary	1.0	1.0	1.0	1.0	1.0	1.0	1.0	1.0	1.0	1.0	1.0	1.0	1.0
UP00095_1_Zfp691_primary	1.17905685215e-13	5.37860599503e-07	0.999427271877	0.999999999998	0.546351016133	0.999997895701	0.000927712948179	0.000142152839989	1.0	1.0	0.997632291371	1.0	0.150143432033
MA0503.1.Nkx2-5.var.2	1.84527060298e-09	0.000226426174295	1.0	0.916356363474	0.999999822591	1.0	0.0151564205816	0.000138309689302	1.0	1.0	0.83255060081	0.999999999804	0.000767221498655
UP00119_1_Nkx2-9_3082.1	1.0	1.0	1.0	1.0	1.0	1.0	1.0	1.0	1.0	1.0	1.0	1.0	1.0
UP00255_1_Dbx1_3486.1	1.0	1.0	1.0	1.0	1.0	1.0	1.0	1.0	1.0	1.0	1.0	1.0	1.0
MA0484.1.HNF4G	0.0	0.0	0.0109050626475	0.979504241323	0.0133807606662	0.999998399869	5.24890131359e-11	0.0	0.589241645914	1.0	0.0135438315106	0.999283474734	2.55795384874e-13
UP00133_1_Cdx2_4272.1	1.0	1.0	1.0	1.0	1.0	1.0	1.0	1.0	1.0	1.0	1.0	1.0	1.0
UP00141_1_Vsx1_1728.1	1.0	1.0	1.0	1.0	1.0	1.0	1.0	1.0	1.0	1.0	1.0	1.0	1.0
UP00094_1_Zfp128_primary	0.999997772491	1.0	1.0	1.0	1.0	0.999999999914	1.0	1.0	0.789732287708	1.0	1.0	1.0	0.999999999704
UP00180_1_Hoxd13_2356.1	1.0	1.0	1.0	1.0	1.0	1.0	1.0	1.0	1.0	1.0	1.0	1.0	1.0
Ash2l_hand	0.0	0.0	0.0	2.89102075612e-13	0.0	0.0	0.0	0.0	1.7447154832e-12	3.77740858204e-06	8.24611490202e-11	0.0	0.0
MA0157.1.FOXO3	1.0	1.0	1.0	1.0	1.0	1.0	1.0	0.999921049522	1.0	1.0	1.0	1.0	0.829343238228
MA0116.1.Zfp423	0.0	0.0	1.97204919061e-10	0.0	0.0	0.0	0.0	0.0	0.00253211030693	7.21550420069e-06	0.00956685753054	1.12415239117e-07	0.0
MA0057.1.MZF1_5-13	0.0	0.0	0.0	2.57194265885e-11	0.0	0.0	0.0	0.0	1.30722321856e-09	0.00163051412243	5.78832922349e-06	5.26023669067e-12	0.0
UP00199_1_Six4_2860.1	1.0	1.0	1.0	1.0	1.0	1.0	1.0	1.0	1.0	1.0	1.0	1.0	0.976232952744
MA0505.1.Nr5a2	0.0	0.0	0.269279129528	0.999999995065	0.00229392922567	0.120997532228	5.23443266509e-09	0.0	0.999999073095	0.999999999999	0.012245799314	0.00109890766302	6.48059939046e-09
IRF8_AICS	1.0	1.0	1.0	1.0	1.0	1.0	1.0	1.0	1.0	1.0	1.0	1.0	1.0
MA0131.1.HINFP	0.0	0.0	0.122217226071	0.0264403768549	6.47915054941e-12	6.75326461419e-12	0.134005428828	2.12230233387e-09	0.00518252060115	0.99995947961	0.446806386389	0.00141638053556	0.0155878870943
MA0158.1.HOXA5	1.0	1.0	1.0	1.0	1.0	1.0	1.0	1.0	1.0	1.0	1.0	1.0	1.0
MA0143.3.Sox2	8.78749295552e-11	1.0	1.0	0.781203107836	0.997979062864	1.0	0.999972402347	1.74852876622e-09	0.167891612999	1.0	1.0	1.0	6.23944354849e-07
UP00044_1_Mafk_primary	1.0	1.0	1.0	1.0	1.0	1.0	1.0	1.0	1.0	1.0	1.0	1.0	1.0
MA0524.1.TFAP2C	0.0	0.0	0.0	0.0	0.0	0.0	0.0	0.0	0.0	1.15594200878e-11	0.0	0.0	0.0
UP00202_1_Dlx1_1741.2	1.0	1.0	1.0	1.0	1.0	1.0	1.0	1.0	1.0	1.0	1.0	1.0	1.0
UP00065_1_Zfp161_primary	0.0	0.0	4.57722748592e-11	0.0	0.0	0.0	0.0	0.0	8.49320613838e-13	0.000119621006576	3.01210389964e-10	0.0	0.0
UP00219_1_Cutl1_3494.1	1.0	1.0	1.0	1.0	1.0	1.0	1.0	1.0	1.0	1.0	1.0	1.0	1.0
UP00059_1_Arid5a_primary	1.0	1.0	1.0	1.0	1.0	1.0	1.0	1.0	1.0	1.0	1.0	1.0	1.0
MA0486.1.HSF1	0.0	0.0	0.964997713191	0.929070514911	6.41215869068e-07	0.99237321496	1.07987810249e-07	0.0	0.999324293311	1.0	0.0456554531068	0.985032151179	0.0
MA0462.1.BATF::JUN	0.0	4.27213819876e-12	1.0	1.0	1.44076916608e-06	1.0	1.01119113083e-12	0.0	0.997710644208	0.999941511514	0.0	2.54523171979e-05	0.0
UP00005_1_Tcfap2a_primary	0.0	0.0	4.45643522085e-13	7.24220683423e-12	0.0	0.0	0.0	0.0	1.19910914531e-09	7.11317935553e-07	1.37098110642e-11	0.0	0.0
UP00239_1_Obox2_3438.2	1.0	1.0	1.0	1.0	1.0	1.0	1.0	1.0	1.0	1.0	1.0	1.0	1.0
MA0594.1.Hoxa9	1.0	1.0	1.0	1.0	1.0	1.0	1.0	1.0	1.0	1.0	1.0	1.0	1.0
MA0017.1.NR2F1	7.88258347484e-14	8.88258010715e-05	0.249680088969	1.0	0.999999998022	1.0	0.000601296897708	7.84915624541e-05	0.999999982292	1.0	0.415425662789	1.0	0.16761561974
UP00247_1_Pax4_3989.2	1.0	1.0	1.0	1.0	1.0	1.0	1.0	1.0	1.0	1.0	1.0	1.0	1.0
MA0145.2.Tcfcp2l1	0.0	0.0	1.90622295726e-10	0.0	0.0	0.0	0.0	0.0	6.22264491847e-05	1.18901156598e-06	0.0	0.0	0.0
MA0517.1.STAT2::STAT1	1.0	1.0	1.0	1.0	1.0	1.0	1.0	1.0	1.0	1.0	1.0	1.0	1.0
UP00231_1_Nkx2-2_2823.1	1.0	1.0	1.0	1.0	1.0	1.0	1.0	1.0	1.0	1.0	1.0	1.0	1.0
UP00266_1_Prrx1_3442.1	1.0	1.0	1.0	1.0	1.0	1.0	1.0	1.0	1.0	1.0	1.0	1.0	1.0
UP00151_1_Barx2_3447.2	1.0	1.0	1.0	1.0	1.0	1.0	1.0	1.0	1.0	1.0	1.0	1.0	1.0
MA0504.1.NR2C2	0.0	0.0	0.0	0.0	0.0	0.0	0.0	0.0	2.58637555817e-12	3.14019540704e-06	0.0	0.0	0.0
UP00236_1_Irx2_0900.3	1.0	1.0	1.0	1.0	1.0	1.0	1.0	1.0	1.0	1.0	1.0	1.0	1.0
UP00026_1_Zscan4_primary	1.0	1.0	1.0	1.0	1.0	1.0	1.0	1.0	1.0	1.0	1.0	1.0	1.0
MA0591.1.Bach1::Mafk	0.0	0.0	0.02273468356	2.36426250688e-07	0.0	1.10886633209e-10	0.0	0.0	6.85730515704e-08	0.00722459918485	0.0	0.0	0.0
MA0109.1.Hltf	1.0	1.0	1.0	1.0	1.0	1.0	1.0	1.0	1.0	1.0	1.0	1.0	1.0
UP00172_1_Prop1_3949.1	1.0	1.0	1.0	1.0	1.0	1.0	1.0	1.0	1.0	1.0	1.0	1.0	1.0
UP00011_1_Irf6_primary	1.0	1.0	1.0	1.0	1.0	1.0	1.0	1.0	1.0	1.0	1.0	1.0	1.0
UP00126_1_Dlx2_2273.2	1.0	1.0	1.0	1.0	1.0	1.0	1.0	1.0	1.0	1.0	1.0	1.0	1.0
MA0515.1.Sox6	1.0	1.0	1.0	1.0	1.0	1.0	1.0	0.00128179162842	1.0	1.0	0.999999989466	1.0	0.0044100844975
MA0052.2.MEF2A	1.0	1.0	1.0	1.0	1.0	1.0	1.0	1.0	1.0	1.0	1.0	1.0	1.0
UP00156_1_Msx2_3449.1	1.0	1.0	1.0	1.0	1.0	1.0	1.0	1.0	1.0	1.0	1.0	1.0	1.0
UP00043_1_Bcl6b_primary	1.0	1.0	1.0	1.0	1.0	1.0	1.0	1.0	1.0	1.0	1.0	1.0	1.0
MA0493.1.Klf1	0.0	0.0	3.33688632281e-12	0.0	0.0	0.0	0.0	0.0	3.01092484278e-13	1.38094773394e-08	4.68514116392e-14	0.0	0.0
MA0488.1.JUN	3.17674056727e-07	1.0	1.0	1.0	1.0	1.0	1.0	2.05391259556e-13	0.999998038311	1.0	0.0161566518231	0.58179211959	4.65086235157e-06
UP00224_1_Pax6_3838.3	1.0	1.0	1.0	1.0	1.0	1.0	1.0	1.0	1.0	1.0	1.0	1.0	1.0
MA0102.3.CEBPA	1.0	1.0	1.0	1.0	1.0	1.0	1.0	1.0	1.0	1.0	1.0	1.0	1.0
MA0069.1.Pax6	1.0	1.0	1.0	1.0	1.0	1.0	1.0	1.0	1.0	1.0	1.0	1.0	1.0
MA0497.1.MEF2C	1.0	1.0	1.0	1.0	1.0	1.0	1.0	1.0	1.0	1.0	1.0	1.0	1.0
UP00045_1_Mafb_primary	1.0	1.0	1.0	1.0	1.0	1.0	1.0	1.0	1.0	1.0	1.0	1.0	1.0
MA0471.1.E2F6	0.0	0.0	0.0	0.0	0.0	0.0	0.0	0.0	0.0	1.63207268811e-08	0.0	0.0	0.0
UP00262_1_Lhx1_2240.2	1.0	1.0	1.0	1.0	1.0	1.0	1.0	1.0	1.0	1.0	1.0	1.0	1.0
UP00217_1_Hoxa10_2318.1	1.0	1.0	1.0	1.0	1.0	1.0	1.0	1.0	1.0	1.0	1.0	1.0	1.0
MA0155.1.INSM1	0.0	0.0	0.0	0.0	0.0	0.0	0.0	0.0	0.0	0.000707603077735	0.0	0.0	0.0
UP00108_1_Alx3_3418.2	1.0	1.0	1.0	1.0	1.0	1.0	1.0	1.0	1.0	1.0	1.0	1.0	1.0
UP00002_1_Sp4_primary	0.0	0.0	0.0	0.0	0.0	0.0	0.0	0.0	0.0	0.0	0.0	0.0	0.0
MA0071.1.RORA_1	1.0	1.0	1.0	1.0	1.0	1.0	1.0	0.416791690557	1.0	1.0	0.710105497286	1.0	0.20447707239
UP00102_1_Zic1_primary	0.0	0.0	0.0	0.0	0.0	0.0	0.0	0.0	0.0	2.09610107049e-13	0.0	0.0	0.0
UP00165_1_Titf1_1722.2	1.0	1.0	1.0	1.0	1.0	1.0	1.0	1.0	1.0	1.0	1.0	1.0	1.0
MA0060.2.NFYA	0.0	1.8516987943e-10	0.719167873762	0.990328265151	0.999999987662	2.60489556037e-07	0.0600697856565	0.0	0.972833508903	0.999999996716	0.000356571167224	6.96579624413e-05	2.43461465964e-05
MA0477.1.FOSL1	0.0	0.0	0.0760733043108	6.2495721076e-06	0.0	7.12230052713e-09	0.0	0.0	8.65665139571e-09	9.04213129522e-05	0.0	0.0	0.0
MA0079.3.SP1	0.0	0.0	0.0	0.0	0.0	0.0	0.0	0.0	0.0	0.0	0.0	0.0	0.0
UP00009_1_Nr2f2_primary	1.64120744772e-08	0.541311706468	1.0	1.0	0.99789125469	1.0	0.999999920407	2.62490273961e-09	1.0	1.0	0.158022872093	0.31909988103	0.000580082738126
MA0463.1.Bcl6	0.0	0.00482410636087	1.0	1.0	0.0625881241943	1.0	0.0115438985916	5.94366209583e-08	1.0	0.999999324161	0.618358850142	0.0167784742008	0.00435717246733
MA0046.1.HNF1A	1.0	1.0	1.0	1.0	1.0	1.0	1.0	1.0	1.0	1.0	1.0	1.0	1.0
UP00178_1_Og2x_3719.1	1.0	1.0	1.0	1.0	1.0	1.0	1.0	1.0	1.0	1.0	1.0	1.0	1.0
MA0141.2.Esrrb	0.0	1.56941126761e-12	0.985376828498	1.0	0.00222551624888	0.999999997688	3.51928413633e-07	0.0	0.56357472858	0.999999999959	0.00346450370095	0.0357244358804	5.18762810486e-12
MA0058.2.MAX	1.0	1.0	1.0	1.0	1.0	1.0	1.0	1.0	1.0	1.0	1.0	1.0	0.999999999969
UP00058_1_Tcf3_primary	1.0	1.0	1.0	1.0	1.0	1.0	1.0	1.0	1.0	1.0	1.0	1.0	1.0
UP00076_1_Rfxdc2_primary	0.0	4.1522341121e-14	1.0	0.620366866245	7.44232814931e-07	0.000350639757103	0.277361391087	0.0	0.822574282784	1.0	0.0564954842346	2.81594121354e-08	0.21986717592
UP00021_1_Zfp281_primary	0.0	0.0	0.0	0.0	0.0	0.0	0.0	0.0	0.0	0.0	0.0	0.0	0.0
MA0081.1.SPIB	0.0	0.0	0.999325859441	0.788895019865	0.0	7.33236604222e-06	8.90398865749e-14	0.0	0.0193041845107	0.998910460759	1.62037050444e-12	0.000854500846375	0.0
UP00216_1_Obox1_3970.2	1.0	1.0	1.0	1.0	1.0	1.0	1.0	1.0	1.0	1.0	1.0	1.0	1.0
MA0047.2.Foxa2	1.0	1.0	1.0	1.0	1.0	1.0	1.0	1.0	1.0	1.0	1.0	1.0	1.0
UP00138_1_Bsx_3483.2	1.0	1.0	1.0	1.0	1.0	1.0	1.0	1.0	1.0	1.0	1.0	1.0	1.0
UP00391_3_Hoxa3_2783.2	1.0	1.0	1.0	1.0	1.0	1.0	1.0	1.0	1.0	1.0	1.0	1.0	1.0
UP00408_1_Gabpa_primary	0.0	0.0	0.108450241599	0.00615618013415	0.0	0.0	0.0	0.0	0.00436993082302	0.00431640155825	0.0	0.0	0.0
UP00113_1_Hoxc4_3491.1	1.0	1.0	1.0	1.0	1.0	1.0	1.0	1.0	1.0	1.0	1.0	1.0	1.0
UP00086_1_Irf3_primary	1.0	1.0	1.0	1.0	1.0	1.0	1.0	0.97093801231	1.0	0.999999999855	0.999999999795	1.0	1.0
UP00053_1_Rxra_primary	1.0	1.0	1.0	1.0	1.0	1.0	1.0	1.0	1.0	1.0	1.0	1.0	1.0
UP00220_1_Nkx1-1_3856.3	1.0	1.0	1.0	1.0	1.0	1.0	1.0	1.0	1.0	1.0	1.0	1.0	1.0
UP00136_1_Prrx2_3072.1	1.0	1.0	1.0	1.0	1.0	1.0	1.0	1.0	1.0	1.0	1.0	1.0	1.0
UP00265_1_Pitx3_3497.2	0.000364515376865	5.15785082478e-06	0.901626381079	0.365562483827	0.998993889575	1.0	0.446496362231	0.997728693174	1.0	0.999999885183	0.991100024357	1.0	1.0
MA0124.1.NKX3-1	1.0	1.0	1.0	1.0	1.0	1.0	1.0	1.0	1.0	1.0	1.0	1.0	1.0
UP00109_1_Obox6_3440.2	1.0	1.0	1.0	1.0	1.0	1.0	1.0	1.0	1.0	1.0	1.0	1.0	1.0
UP00001_1_E2F2_primary	0.0	0.0	7.41073868937e-13	0.0	0.0	0.0	2.6512125828e-13	0.0	5.05151476204e-14	6.40405220664e-06	4.68514116392e-14	0.0	1.45043976829e-11
MA0481.1.FOXP1	1.0	1.0	1.0	1.0	1.0	1.0	1.0	1.0	1.0	1.0	1.0	1.0	1.0
UP00008_1_Six6_primary	1.0	1.0	1.0	1.0	1.0	1.0	1.0	1.0	1.0	1.0	1.0	1.0	1.0
UP00225_1_Hlx1_2350.1	1.0	1.0	1.0	1.0	1.0	1.0	1.0	1.0	1.0	1.0	1.0	1.0	1.0
UP00087_1_Tcfap2c_primary	0.0	0.0	0.0	9.68114477473e-14	0.0	0.0	0.0	0.0	3.65055097262e-09	6.11156648955e-07	4.60742555219e-12	0.0	0.0
UP00193_1_Rhox11_1765.2	1.0	1.0	1.0	1.0	1.0	1.0	1.0	1.0	1.0	1.0	1.0	1.0	1.0
MA0474.1.Erg	0.0	0.0	1.52689826338e-08	1.27949798534e-08	0.0	0.0	0.0	0.0	0.0	1.0279554985e-11	0.0	0.0	0.0
UP00148_1_Hdx_3845.3	1.0	1.0	1.0	1.0	1.0	1.0	1.0	1.0	1.0	1.0	1.0	1.0	1.0
UP00163_1_En2_0952.1	1.0	1.0	1.0	1.0	1.0	1.0	1.0	1.0	1.0	1.0	1.0	1.0	1.0
MA0473.1.ELF1	0.0	0.0	4.03074214428e-06	7.95625351935e-07	0.0	0.0	0.0	0.0	0.0	0.000365591711703	0.0	0.0	0.0
UP00134_1_Hoxb13_3479.1	1.0	1.0	1.0	1.0	1.0	1.0	1.0	1.0	1.0	1.0	1.0	1.0	1.0
MA0031.1.FOXD1	1.0	1.0	1.0	1.0	1.0	1.0	1.0	1.0	1.0	1.0	1.0	1.0	1.0
MA0119.1.TLX1::NFIC	0.0	0.0	1.0	0.887743692954	8.29276791681e-09	0.144426272946	1.25798442885e-07	0.0	1.0	0.99999999774	2.15664562571e-05	5.48412839918e-07	0.0
UP00254_1_Pou2f1_3081.2	1.0	1.0	1.0	1.0	1.0	1.0	1.0	1.0	1.0	1.0	1.0	1.0	1.0
UP00124_1_Ipf1_3815.1	1.0	1.0	1.0	1.0	1.0	1.0	1.0	1.0	1.0	1.0	1.0	1.0	1.0
UP00207_1_Hoxb9_3413.1	1.0	1.0	1.0	1.0	1.0	1.0	1.0	1.0	1.0	1.0	1.0	1.0	1.0
MA0519.1.Stat5a::Stat5b	0.0	1.43341560843e-10	1.0	0.999999996862	9.53986445396e-10	0.999977136961	0.00203852594607	2.91138446018e-07	0.414647290657	0.998271605107	0.98550744324	0.999917389706	0.0697418390393
MA0092.1.Hand1::Tcfe2a	0.0	2.5938676082e-05	0.998744125336	0.999999991116	0.00832455643924	1.0	0.0331665298752	4.13002965161e-14	0.999999984671	1.0	0.000346448592016	0.292413914462	1.60848962039e-07
MA0508.1.PRDM1	1.0	1.0	1.0	1.0	1.0	1.0	1.0	1.0	1.0	1.0	1.0	1.0	1.0
MA0442.1.SOX10	1.0	1.0	1.0	1.0	1.0	1.0	1.0	1.0	1.0	1.0	1.0	1.0	1.0
UP00221_1_Phox2a_3947.1	1.0	1.0	1.0	1.0	1.0	1.0	1.0	1.0	1.0	1.0	1.0	1.0	1.0
MA0125.1.Nobox	1.0	1.0	1.0	1.0	1.0	1.0	1.0	1.0	1.0	1.0	1.0	1.0	1.0
UP00181_1_Barx1_2877.1	1.0	1.0	1.0	1.0	1.0	1.0	1.0	1.0	1.0	1.0	1.0	1.0	1.0
MA0115.1.NR1H2::RXRA	0.233660276473	1.0	1.0	1.0	1.0	1.0	0.999999745176	0.0273019547729	1.0	1.0	0.82613662747	0.99864005149	6.77904918176e-05
UP00137_1_Hoxb3_1720.2	1.0	1.0	1.0	1.0	1.0	1.0	1.0	1.0	1.0	1.0	1.0	1.0	1.0
MA0030.1.FOXF2	1.0	1.0	1.0	1.0	1.0	1.0	1.0	1.0	1.0	1.0	1.0	1.0	1.0
MA0089.1.NFE2L1::MafG	0.000348499494295	1.0	1.0	1.0	1.0	1.0	0.976916019318	3.5615299433e-06	1.0	1.0	1.0	1.0	8.11224415709e-06
UP00110_1_Dlx4_3488.2	1.0	1.0	1.0	1.0	1.0	1.0	1.0	1.0	1.0	1.0	1.0	1.0	1.0
UP00256_1_Lhx6_2272.1	1.0	1.0	1.0	1.0	1.0	1.0	1.0	1.0	1.0	1.0	1.0	1.0	1.0
MA0107.1.RELA	0.0	0.0	0.0	0.0	0.0	0.0	0.0	0.0	5.94760253266e-05	0.00327912310996	0.0	2.49219977988e-10	0.0
MA0093.2.USF1	0.632397918659	0.819202379298	1.0	1.0	1.0	1.0	0.999637048804	0.0517384179621	1.0	1.0	0.999999999998	0.999999576798	0.320604504915
UP00049_1_Sp100_primary	1.0	1.0	1.0	1.0	0.999999865841	1.0	1.0	1.0	1.0	1.0	1.0	1.0	1.0
MA0108.2.TBP	1.0	1.0	1.0	1.0	1.0	1.0	1.0	1.0	1.0	1.0	1.0	1.0	1.0
UP00052_1_Osr2_primary	1.0	1.0	1.0	1.0	1.0	1.0	1.0	1.0	1.0	1.0	1.0	1.0	1.0
UP00167_1_En1_3123.2	1.0	1.0	1.0	1.0	1.0	1.0	1.0	1.0	1.0	1.0	1.0	1.0	1.0
MA0514.1.Sox3	1.0	1.0	1.0	1.0	1.0	1.0	1.0	1.0	1.0	1.0	1.0	1.0	0.994205808385
UP00022_1_Zfp740_primary	0.0	0.0	0.0	0.0	0.0	0.0	0.0	0.0	0.0	8.66067217942e-10	0.0	0.0	0.0
MA0088.1.znf143	0.0	0.0	0.989896128515	0.000783817646883	2.0377033394e-12	2.52900023257e-06	0.0	0.0	0.980881833915	0.340402312006	1.88615793206e-07	0.0448103829387	1.07634123836e-10
UP00042_1_Gm397_primary	1.0	1.0	1.0	1.0	1.0	1.0	1.0	1.0	1.0	1.0	1.0	1.0	1.0
UP00131_1_Gbx2_3110.1	1.0	1.0	1.0	1.0	1.0	1.0	1.0	1.0	1.0	1.0	1.0	1.0	1.0
MA0042.1.FOXI1	1.0	1.0	1.0	1.0	1.0	1.0	1.0	1.0	1.0	1.0	1.0	1.0	1.0
UP00082_1_Zfp187_primary	1.0	1.0	1.0	1.0	1.0	1.0	1.0	1.0	1.0	1.0	1.0	1.0	1.0
MA0465.1.CDX2	1.0	1.0	1.0	1.0	1.0	1.0	1.0	1.0	1.0	1.0	1.0	1.0	1.0
UP00077_1_Srf_primary	1.0	1.0	1.0	1.0	1.0	1.0	1.0	1.0	1.0	1.0	1.0	1.0	1.0
MA0135.1.Lhx3	1.0	1.0	1.0	1.0	1.0	1.0	1.0	1.0	1.0	1.0	1.0	1.0	1.0
UP00196_1_Hoxa4_3426.1	1.0	1.0	1.0	1.0	1.0	1.0	1.0	1.0	1.0	1.0	1.0	1.0	1.0
UP00189_1_Hoxa5_3415.1	1.0	1.0	1.0	1.0	1.0	1.0	1.0	1.0	1.0	1.0	1.0	1.0	1.0
UP00057_1_Zic2_primary	0.0	0.0	0.0	0.0	0.0	0.0	0.0	0.0	7.89068810292e-12	3.33573169087e-11	0.0	0.0	0.0
UP00017_1_Nkx3-1_primary	1.0	1.0	1.0	1.0	1.0	1.0	1.0	1.0	1.0	1.0	1.0	1.0	1.0
UP00033_1_Zfp410_primary	0.980190154511	0.999999869573	1.0	1.0	1.0	1.0	1.0	0.999999998396	1.0	1.0	0.811711059791	1.0	1.0
MA0106.2.TP53	0.163758921197	0.676604481849	1.0	1.0	1.0	0.999998456499	0.546073036265	0.0517384179621	1.0	0.879016663354	1.0	0.936074741253	0.0016903194312
MA0466.1.CEBPB	1.0	1.0	1.0	1.0	1.0	1.0	1.0	1.0	1.0	1.0	1.0	1.0	1.0
UP00056_1_Rfx4_primary	6.33096464142e-10	2.93078059688e-06	1.0	0.99999999967	0.00141100239719	0.870626785174	0.52416607677	7.88050058542e-09	1.0	1.0	0.999895506394	0.000151926192182	0.076356320117
UP00153_1_Pitx1_2312.1	1.0	1.0	1.0	1.0	1.0	1.0	1.0	1.0	1.0	1.0	1.0	1.0	1.0
UP00016_1_Sry_primary	1.0	1.0	1.0	1.0	1.0	1.0	1.0	1.0	1.0	1.0	1.0	1.0	1.0
UP00198_1_Cphx_3484.1	1.0	1.0	1.0	1.0	1.0	1.0	1.0	1.0	1.0	1.0	1.0	1.0	1.0
MA0596.1.SREBF2	1.0	1.0	1.0	1.0	1.0	1.0	1.0	1.0	1.0	0.999999930709	1.0	1.0	1.0
UP00014_1_Sox17_primary	1.0	1.0	1.0	1.0	1.0	1.0	1.0	1.0	1.0	1.0	1.0	1.0	1.0
MA0037.2.GATA3	1.0	1.0	1.0	1.0	1.0	1.0	1.0	1.0	1.0	1.0	1.0	1.0	1.0
MA0510.1.RFX5	0.0	0.0	9.08524296839e-06	6.65245636355e-11	9.7699626167e-13	2.79021250549e-12	0.0	0.0	0.177284296454	0.999987633956	2.33449453879e-07	1.65982561029e-09	0.0
MA0014.2.PAX5	1.0	1.0	1.0	1.0	1.0	1.0	1.0	1.0	1.0	1.0	1.0	1.0	1.0
MA0520.1.Stat6	1.0	1.0	1.0	1.0	1.0	1.0	1.0	1.0	1.0	1.0	1.0	1.0	0.998209787123
UP00242_1_Hoxc8_3429.2	1.0	1.0	1.0	1.0	1.0	1.0	1.0	1.0	1.0	1.0	1.0	1.0	1.0
UP00074_1_Isgf3g_primary	1.0	1.0	1.0	1.0	1.0	1.0	1.0	1.0	1.0	1.0	1.0	1.0	1.0
MA0098.2.Ets1	0.0	0.0	1.22957199977e-12	2.46336284704e-11	0.0	0.0	0.0	0.0	0.0	0.0	0.0	0.0	0.0
UP00019_1_Zbtb12_primary	1.0	1.0	1.0	1.0	1.0	1.0	1.0	1.0	1.0	1.0	1.0	1.0	1.0
UP00118_1_Pou4f3_2791.1	1.0	1.0	1.0	1.0	1.0	1.0	1.0	1.0	1.0	1.0	1.0	1.0	1.0
UP00175_1_Lhx9_3492.1	1.0	1.0	1.0	1.0	1.0	1.0	1.0	1.0	1.0	1.0	1.0	1.0	1.0
MA0130.1.ZNF354C	1.0	1.0	1.0	1.0	1.0	1.0	1.0	1.0	1.0	1.0	1.0	1.0	1.0
UP00060_1_Max_primary	0.0	0.0	0.746190287022	0.000401360129598	7.28080595813e-09	2.4703666036e-05	7.74599594466e-08	1.23567822641e-13	0.108757210831	0.996350265407	0.0043825359816	0.0170237789077	3.96720122642e-07
UP00260_1_Hoxc6_3954.2	1.0	1.0	1.0	1.0	1.0	1.0	1.0	1.0	1.0	1.0	1.0	1.0	1.0
UP00232_1_Dobox4_3956.2	1.0	1.0	1.0	1.0	1.0	1.0	1.0	1.0	1.0	1.0	1.0	1.0	1.0
UP00149_1_Phox2b_3948.1	1.0	1.0	1.0	1.0	1.0	1.0	1.0	1.0	1.0	1.0	1.0	1.0	1.0
UP00229_1_Otx1_2325.1	1.0	1.0	1.0	1.0	1.0	1.0	1.0	1.0	1.0	1.0	1.0	1.0	1.0
UP00235_1_Hoxc11_3718.2	1.0	1.0	1.0	1.0	1.0	1.0	1.0	1.0	1.0	1.0	1.0	1.0	1.0
UP00032_1_Gata3_primary	1.0	1.0	1.0	1.0	1.0	1.0	1.0	1.0	1.0	1.0	1.0	1.0	1.0
MA0593.1.FOXP2	1.0	1.0	1.0	1.0	1.0	1.0	1.0	1.0	1.0	1.0	1.0	1.0	1.0
MA0464.1.Bhlhe40	2.02637906455e-12	7.75410291531e-10	1.0	0.211177951074	0.999991617495	0.915665057815	0.0032335936237	6.94618112884e-06	1.0	1.0	0.886847053617	0.983950915614	0.000462356626292
IRF8_IECS_HAND_KANO	0.86710974678	1.0	1.0	1.0	1.0	1.0	1.0	0.734915204034	1.0	1.0	0.890830225525	1.0	0.195276832206
UP00158_1_Pou1f1_3818.1	1.0	1.0	1.0	1.0	1.0	1.0	1.0	1.0	1.0	1.0	1.0	1.0	1.0
MA0112.2.ESR1	0.0	0.0	0.000229035207526	4.45370580637e-07	4.48530101949e-14	0.0	0.0	0.0	0.000303270279413	0.00575259423993	7.80487230401e-10	0.0	0.0
MA0104.3.Mycn	0.0	0.0	0.219321866492	9.03109456152e-06	1.38639932867e-09	8.14875863466e-05	0.0	0.0	0.96822858409	1.0	0.00202790019956	8.19997403312e-09	3.60659502263e-10
UP00061_1_Foxl1_primary	1.0	1.0	1.0	1.0	1.0	1.0	1.0	1.0	1.0	1.0	1.0	1.0	1.0
MA0033.1.FOXL1	1.0	1.0	1.0	1.0	1.0	1.0	1.0	1.0	1.0	1.0	1.0	1.0	1.0
MA0100.2.Myb	0.000747808240373	1.0	1.0	1.0	1.0	1.0	0.999875110779	4.47534674874e-08	1.0	1.0	0.778740691947	0.237383765395	0.00110261870185
MA0512.1.Rxra	0.0	1.72994951697e-12	1.0	1.0	0.294209713139	1.0	9.14615679859e-08	0.0	1.0	0.998715682671	0.429153281041	0.0456284067412	3.61555230199e-11
MA0062.2.GABPA	0.0	0.0	7.41073868937e-13	0.0	0.0	0.0	0.0	0.0	0.0	2.04440623541e-07	0.0	0.0	0.0
UP00083_1_Tcf7l2_primary	1.0	1.0	1.0	1.0	1.0	1.0	1.0	1.0	1.0	1.0	1.0	1.0	1.0
UP00245_1_Hoxc10_2779.2	1.0	1.0	1.0	1.0	1.0	1.0	1.0	1.0	1.0	1.0	1.0	1.0	1.0
MA0506.1.NRF1	0.0	0.0	0.0	0.0	0.0	0.0	0.0	0.0	0.0	1.09812159366e-12	0.0	0.0	0.0
MA0032.1.FOXC1	1.0	1.0	1.0	1.0	1.0	1.0	1.0	1.0	1.0	1.0	1.0	1.0	1.0
MA0475.1.FLI1	0.0	0.0	3.71014643008e-07	0.0	0.0	0.0	0.0	0.0	0.0	0.0	0.0	0.0	0.0
UP00006_1_Zic3_primary	0.0	0.0	0.0	0.0	0.0	0.0	0.0	0.0	1.00808250636e-13	7.33122451635e-11	0.0	0.0	0.0
MA0480.1.Foxo1	1.0	1.0	1.0	1.0	1.0	1.0	1.0	1.0	1.0	1.0	1.0	1.0	0.401352557133
MA0043.1.HLF	1.0	1.0	1.0	1.0	1.0	1.0	1.0	1.0	1.0	1.0	1.0	1.0	1.0
UP00128_1_Pou3f2_2824.1	1.0	1.0	1.0	1.0	1.0	1.0	1.0	1.0	1.0	1.0	1.0	1.0	1.0
MA0139.1.CTCF	0.0	0.0	0.0	0.0	0.0	0.0	0.0	0.0	1.12756293191e-09	1.59238483066e-07	0.0	0.0	0.0
UP00143_1_Dobox5_3493.1	1.0	1.0	1.0	1.0	1.0	1.0	1.0	1.0	1.0	1.0	1.0	1.0	1.0
UP00092_1_Myb_primary	0.0410685921046	0.999999930661	1.0	1.0	1.0	0.999464050446	1.0	0.102585157393	1.0	1.0	1.0	0.985032151179	0.999999959881
MA0598.1.EHF	0.0	0.0	6.90467572007e-10	2.16187734381e-10	0.0	0.0	0.0	0.0	0.0	3.36231736009e-07	0.0	0.0	0.0
MA0489.1.JUN.var.2	0.0	0.0	0.643086520346	0.094247502223	0.0	2.15098802281e-05	0.0	0.0	1.61812095945e-08	0.010383115511	0.0	0.0	0.0
UP00039_1_Foxj3_primary	1.0	1.0	1.0	1.0	1.0	1.0	1.0	1.0	1.0	1.0	1.0	1.0	1.0
UP00015_1_Ehf_primary	0.0	0.0	0.369881642353	1.77271749486e-05	0.0	3.22519788654e-13	2.54352094942e-12	0.0	0.0255076383223	0.768883230358	1.59636748265e-11	0.0	0.0
UP00017_3_Nkx3-1_2923.2	1.0	1.0	1.0	1.0	1.0	1.0	1.0	1.0	1.0	1.0	1.0	1.0	1.0
MA0502.1.NFYB	2.79941592907e-07	0.996610005552	1.0	0.999999998102	1.0	0.167947757571	0.995909139824	0.000134029818141	0.999011077659	1.0	0.996037901853	0.00193312847527	0.97140333541
UP00209_1_Cart1_0997.1	1.0	1.0	1.0	1.0	1.0	1.0	1.0	1.0	1.0	1.0	1.0	1.0	1.0
UP00091_1_Sox5_primary	1.0	1.0	1.0	1.0	1.0	1.0	1.0	1.0	1.0	1.0	1.0	1.0	1.0
MA0513.1.SMAD2::SMAD3::SMAD4	0.0	1.66022394721e-08	0.101973738859	0.999999999601	0.0349702219014	1.0	1.07861924599e-05	4.48197035041e-13	0.226614572166	1.0	0.562488287418	0.999180201671	3.76177360825e-05
UP00117_1_Hoxd11_3873.1	1.0	1.0	1.0	1.0	1.0	1.0	1.0	1.0	1.0	1.0	1.0	1.0	1.0
