	all	with	with_clust1	with_clust2	with_clust3	with_clust4	with_clust5	wo	wo_clust1	wo_clust2	wo_clust3	wo_clust4	wo_clust5
UP00079_1_Esrra_primary	5.73808831785e-05	0.0678849999187	0.398248957638	0.941508001251	0.196486684171	0.892574518858	0.045907113888	1.07121330012e-06	0.308206239785	0.182948751122	0.0943896072836	0.068961854112	6.50662084114e-05
MA0258.2.ESR2	5.31514816113e-99	1.88842427002e-59	6.71403354082e-05	1.45731151137e-09	5.79695334239e-15	5.82705974423e-13	2.2107969515e-20	3.35566645226e-46	3.5454084923e-05	2.28377141999e-05	2.58491282848e-12	2.14337191464e-09	6.27093697395e-25
UP00116_1_Rhox6_4251.1	0.999999999956	0.999999999989	0.999999999993	0.999999997337	0.999999999997	1.0	1.0	1.0	0.999998255444	0.999917771258	0.999999933185	0.999999999207	1.0
UP00104_1_Hmx1_3423.1	0.999999999957	0.999999999993	0.999999999238	0.999575524784	0.999999999995	0.999999999996	1.0	1.0	0.999654380278	0.999132397319	0.999999961426	1.0	1.0
MA0152.1.NFATC2	0.999999989716	1.0	0.993353280035	0.997788045676	0.993440872339	0.99999999122	0.999436134334	0.988333354467	0.335313894847	0.976951168916	0.764366083799	0.90624980539	0.315428590386
UP00228_1_Bapx1_2343.1	0.999999999962	0.999999999983	0.999999769551	0.999999999927	0.999999996364	1.0	1.0	1.0	0.999979152456	0.999861473159	0.99997477811	0.99999999525	0.999999999878
MA0498.1.Meis1	5.29091836555e-16	2.41652235589e-09	0.004639569886	0.0736337010942	0.0105723352936	0.0297909161823	3.04378833576e-05	5.90840583029e-14	0.0706067644606	0.267842705141	4.24411074872e-05	0.000666399135391	2.37641715587e-09
MA0163.1.PLAG1	9.71414074834e-257	4.85865174456e-186	1.0518903157e-25	8.32656280084e-30	7.19093887118e-44	4.92781632574e-55	1.01975926705e-45	8.22268057597e-81	5.07269957051e-21	2.50528763576e-11	1.16942687172e-21	1.70185563629e-24	1.12670261039e-26
MA0078.1.Sox17	0.999999851586	1.0	0.996604872424	0.986452306624	0.999955461097	0.999999972383	0.999511858981	0.973397407878	0.902978677867	0.974617513022	0.982259444389	0.983794061754	0.203701000761
MA0137.3.STAT1	3.81045927311e-23	4.77627077332e-09	0.13601032098	0.175076256085	2.94040441958e-10	0.824070421041	5.05412388943e-08	6.24964732291e-10	0.00426236659415	0.0540933360511	0.000193493307822	0.0001230658339	8.05702220088e-08
UP00107_1_Nkx2-4_3074.1	0.999999999985	0.999999999997	0.999995854406	0.999760324878	0.999999995636	0.999999999853	0.999999995282	1.0	0.99881534098	0.993644182485	0.99998047472	0.999999966053	0.999999999797
MA0156.1.FEV	8.30598065302e-186	2.08788615456e-55	0.000518667315645	0.00337845549274	2.26044113932e-19	1.0542244335e-12	8.65754285624e-25	1.07174460159e-129	8.72747641499e-11	2.69348589682e-06	7.88523292993e-27	6.27346971736e-19	1.86088524834e-82
MA0111.1.Spz1	0.999999999328	0.999999987716	0.913231913065	0.684627711841	0.99937830516	0.989124603094	0.983366004702	0.99998908876	0.39813039849	0.773204768232	0.954414133542	0.998353459373	0.760033428257
UP00106_1_Vax2_3500.1	0.999999999937	1.0	1.0	0.999999055339	0.999999137921	1.0	0.999999999999	1.0	0.999999990364	0.999877760693	0.999999613913	0.99999893543	0.999999998405
MA0528.1.ZNF263	3.01446337844e-206	6.28761232209e-111	2.42567079502e-10	4.11386891731e-12	4.8610055268e-32	1.35726156193e-32	3.74601448752e-40	1.84407515824e-106	3.49476484696e-16	0.00191779454871	1.63310271931e-21	5.93706514321e-26	1.45483499588e-47
UP00051_1_Sox8_primary	0.999999999963	0.999999999985	1.0	1.0	0.999999999996	1.0	1.0	1.0	0.999999999998	1.0	1.0	1.0	1.0
UP00257_1_Shox2_2641.2	0.999999999942	0.999999999975	1.0	0.999999999986	0.999999999995	1.0	1.0	1.0	0.9999999976	0.99999999637	0.999999992855	1.0	1.0
MA0063.1.Nkx2-5	0.999999999954	0.999999999998	1.0	0.999999903691	1.0	1.0	1.0	1.0	0.999999999992	0.999999998699	0.999999971987	1.0	1.0
UP00250_1_Irx5_2385.1	0.999999999955	0.999999999979	1.0	1.0	0.999999999998	1.0	0.999999999999	1.0	0.999999999998	0.999999999917	1.0	1.0	1.0
UP00004_1_Sox14_primary	0.99999999996	1.0	1.0	1.0	1.0	1.0	1.0	1.0	0.999999999998	1.0	1.0	1.0	1.0
UP00206_1_Hoxb7_3953.1	0.999999999986	0.999999999985	1.0	1.0	0.999999999997	1.0	1.0	1.0	0.999999999979	0.999999983883	1.0	0.999999999873	1.0
UP00075_1_Sox15_primary	0.999999999945	0.999999999987	1.0	0.999999999996	0.999999999999	1.0	0.999999999999	1.0	0.999999302314	0.999999999189	0.99999999868	1.0	1.0
UP00226_1_Mrg1_2246.2	0.999980810606	0.999999999026	0.999469623657	0.990523569821	0.99678101772	0.999999717003	0.986637123533	0.95013346197	0.279130906244	0.735717048178	0.381264663425	0.620270875241	0.977225261758
MA0470.1.E2F4	0.0	2.05194739053e-292	2.04758458992e-31	1.63582001548e-43	2.85832202936e-65	6.09285982603e-121	3.11625175092e-53	2.84680453281e-178	4.62326573965e-37	1.74171974775e-12	7.24024305097e-23	2.68201129415e-60	1.62806013717e-68
MA0499.1.Myod1	2.68594433672e-168	1.1302255834e-88	3.98449751965e-06	2.71505735848e-10	6.58089414609e-26	4.63015939946e-15	7.63024751296e-33	7.34614206404e-87	4.74484909967e-11	4.12377080641e-07	1.68588913674e-15	2.47030383997e-14	1.24970607495e-39
MA0472.1.EGR2	0.0	4.92235086172e-290	2.2550378287e-23	2.51988849147e-37	5.81022601228e-75	7.04641424313e-85	9.9820276194e-84	3.07742414856e-164	1.68435868095e-29	1.2861581964e-11	3.20407384569e-29	4.70267801888e-65	7.08539523386e-67
UP00023_1_Sox30_primary	0.99999999995	0.99999999998	0.999999999852	0.999999833627	0.999999999949	1.0	0.999999999896	1.0	0.999241860923	0.999964576511	0.999915023087	0.999999977501	0.967793117362
MA0019.1.Ddit3::Cebpa	0.999999999958	0.999999999992	0.999993010492	0.999497840891	0.999999999856	1.0	0.999999991743	1.0	0.997279183707	0.905069438629	0.99953183855	0.999035846774	0.999998523425
UP00244_1_Tlx2_3498.2	0.999999999957	0.999999999997	1.0	1.0	0.999999999998	1.0	1.0	1.0	0.999999999998	0.999999999999	1.0	1.0	1.0
UP00159_1_Six2_2307.2	0.999999999929	0.999999999992	0.999999640595	0.999999999444	0.999999999998	1.0	1.0	1.0	0.999999911433	0.999999930772	0.99999236927	1.0	1.0
UP00100_1_Gata6_primary	0.999999999943	0.999999999984	0.9999746543	0.999997718881	0.99932370892	1.0	0.999999785841	0.992931581597	0.932574167557	0.96256427846	0.571798328671	0.9999504423	0.788190964313
MA0072.1.RORA_2	0.99999999998	0.99999999999	0.999955490093	0.999978747214	0.999963786095	0.999994450438	0.999999940255	0.999999982115	0.999807359542	0.995408362144	0.998682781216	0.999965698831	0.996026867691
MA0485.1.Hoxc9	0.999999999967	1.0	1.0	1.0	1.0	1.0	1.0	1.0	0.999999999955	0.99999999943	0.99999849467	0.999999999967	0.999999968816
UP00183_1_Hoxa13_3126.1	0.999999999943	0.999999999979	1.0	0.999956353549	0.999999999997	1.0	0.999999999999	1.0	0.999999879666	0.991299819493	0.9965917991	1.0	0.999999995246
UP00253_1_Rax_3443.1	0.999999999985	0.999999999995	0.999999924583	0.998615323738	0.999749748752	0.999999999996	0.999999610496	0.999999999484	0.999780476548	0.992932732469	0.982701594795	0.999956466834	0.995807017487
UP00238_1_Nkx6-3_3446.1	0.99999999995	0.999999999987	1.0	1.0	0.999999999996	1.0	1.0	1.0	0.999999999999	0.999999999995	1.0	1.0	1.0
UP00201_1_Emx2_3420.1	0.999999999945	0.999999999998	0.999999966219	0.995735834812	0.9999235114	1.0	0.999999998614	1.0	0.998321318879	0.942231181285	0.98099846465	0.999999740567	0.998600976415
UP00230_1_Dlx5_3419.2	0.999999999953	1.0	0.997041370364	0.999930881599	0.998229315511	0.999999543189	0.999999420287	0.999999994217	0.963427402506	0.99464512242	0.835739109217	0.999952481421	0.994025599534
UP00168_1_Hoxd8_2644.1	0.999999999963	1.0	1.0	1.0	1.0	1.0	1.0	1.0	0.999999999997	1.0	1.0	1.0	1.0
UP00391_1_Hoxa3_primary	0.999999999968	0.999999999992	0.999999999997	0.99999999485	0.999999999879	1.0	0.999999999998	1.0	0.999999926741	0.999999256489	0.999584295403	0.999999999963	0.999999984379
MA0507.1.POU2F2	0.99999999994	0.999999999988	1.0	1.0	0.999999999997	1.0	1.0	1.0	0.999999999998	1.0	1.0	1.0	1.0
MA0599.1.KLF5	0.0	0.0	3.49578810354e-29	6.20697528643e-36	1.70106916426e-80	1.04781921686e-97	3.49274987104e-103	4.29900303282e-223	1.76160358922e-33	7.89214634806e-22	5.70544856701e-36	5.45890194219e-62	1.35195266916e-75
E2A-Homer	5.79900671101e-228	1.38354885552e-111	2.40638626154e-10	2.94986114976e-13	4.00957742e-40	2.23720885732e-21	3.96396507088e-41	6.07416580236e-114	8.86773245413e-13	5.3116111e-10	2.73191288029e-23	5.1342090235e-25	1.25680309775e-60
UP00182_1_Hoxa6_1040.1	0.999999999978	1.0	1.0	0.999999999923	1.0	1.0	1.0	1.0	0.99999971794	0.999999983974	0.999999939947	1.0	1.0
UP00099_1_Ascl2_primary	9.69113680957e-192	1.29874399382e-104	3.97194771443e-08	4.94135608541e-20	1.56170989765e-23	4.40384012778e-18	2.30069573476e-46	3.62475289037e-99	7.89623037445e-09	8.05245452952e-09	1.19886286877e-14	5.78844286628e-19	1.24067680675e-47
MA0600.1.RFX2	5.86990485239e-55	1.78269085177e-32	0.00231689497809	0.000612769605278	1.74113114228e-11	4.85045142275e-12	4.89863947998e-10	4.08561300164e-43	0.000119702173614	0.274481202625	5.32411344503e-08	1.0498381371e-09	1.29932415211e-18
UP00078_1_Arid3a_primary	0.999999999967	0.999999999997	1.0	1.0	0.999999999999	1.0	1.0	1.0	0.999999999998	1.0	1.0	1.0	1.0
UP00080_1_Gata5_primary	0.999999999976	0.999999999998	0.999998627164	0.99991402574	0.999952264707	0.999999999748	0.999995757979	0.999945375027	0.978700593635	0.953169299428	0.704980302148	0.999988109961	0.775096760793
UP00249_1_Nkx2-5_3436.1	0.999999999967	0.999999999998	0.999999344452	0.999979735293	0.999999999992	1.0	0.999998325969	1.0	0.999812226975	0.973183604688	0.999785701612	0.999999969114	0.999999993758
UP00008_3_Six6_2267.4	0.999999999972	0.999999999992	0.99999999999	1.0	0.999999999999	1.0	1.0	1.0	0.999999999906	0.999999903284	0.99999999995	1.0	1.0
UP00024_1_Glis2_primary	2.62485198662e-73	2.33125710128e-56	1.04981644379e-11	1.5625100427e-06	1.84931890899e-16	2.64111233659e-12	5.95878893398e-21	3.96569793115e-14	0.0153874217298	0.0006044287104	1.11133650087e-05	0.00179304325641	1.39772278892e-08
UP00025_1_Foxk1_primary	0.999999999945	1.0	1.0	1.0	0.999999999997	1.0	1.0	1.0	0.999999999998	0.999999996946	1.0	1.0	1.0
MA0500.1.Myog	4.69291308524e-230	2.37765497314e-110	3.89873521224e-10	4.807555673e-16	1.74543023287e-38	1.3300225435e-20	2.26047121531e-44	2.33128363777e-117	1.81552238051e-12	3.38381641336e-10	2.7238893398e-22	3.69386844491e-19	3.67608695632e-56
MA0461.1.Atoh1	2.29817327192e-140	1.5513164633e-65	4.50033335892e-06	4.64989723167e-07	6.31225599239e-18	4.43425772012e-12	4.51712111098e-32	3.27719228738e-73	7.10232174862e-10	7.56903954328e-05	1.03609470364e-19	1.94507850375e-12	1.6002079993e-36
MA0161.1.NFIC	1.0	1.0	1.0	1.0	1.0	1.0	1.0	1.0	1.0	1.0	1.0	1.0	1.0
MA0035.3.Gata1	0.999999999926	0.999999999992	0.999824995892	0.999997886014	0.992640574459	0.999999999994	0.999978183493	0.999996694519	0.996253321538	0.95815235349	0.833735184262	0.999999656002	0.594093792055
UP00248_1_Pax7_3783.1	0.999999999975	0.999999999981	1.0	1.0	0.999999999997	1.0	1.0	1.0	0.999999999842	1.0	1.0	1.0	1.0
UP00089_3_Tcf1_2666.2	0.999999999959	0.999999999986	0.99999758178	0.999948733456	0.999999997287	0.999996216422	0.999999957081	1.0	0.999999999265	0.999996510859	0.913111698	0.995510109803	0.999993573954
MA0029.1.Mecom	0.999999999971	1.0	0.999999999989	0.999999999952	0.999999999999	1.0	1.0	1.0	0.999999996175	0.999999316569	1.0	1.0	1.0
UP00406_1_Spdef_primary	4.71398251243e-82	2.43437636999e-28	0.0144599302293	0.0010489258958	5.44591366999e-10	2.6581220737e-07	9.86747514782e-10	3.38754698983e-51	2.81734414088e-05	0.044359230322	4.01474477079e-17	5.74320490685e-19	2.76081330789e-22
UP00047_1_Zbtb7b_primary	1.8199658844e-40	7.91199148252e-31	1.51809308754e-06	1.26627911698e-06	1.19181466816e-05	1.13867289561e-13	6.2452841262e-09	1.32194631069e-07	0.00126806026098	0.178192592291	0.0228233271521	0.0143074826111	0.0590886231221
MA0521.1.Tcf12	1.87169915238e-207	1.68199478017e-95	1.67359052845e-08	1.10565045235e-12	3.98132107706e-34	2.17241867052e-15	5.23935696851e-42	6.52949377567e-112	2.10008316615e-11	1.86196447633e-10	3.12548820662e-21	2.71229923026e-18	5.79875317166e-53
UP00267_1_Otx2_3441.1	0.999999999964	0.999999999988	0.999445750626	0.999611706202	0.999945250894	0.99999718192	0.999996760788	1.0	0.99836122019	0.995116194933	0.948536892905	0.99988559832	0.999999062901
UP00030_1_Sox11_primary	0.999999999979	0.999999999999	0.999999999839	0.999988426301	0.999999999858	1.0	0.999999999981	1.0	0.999285107753	0.99788008465	0.993494155851	0.999999999972	0.995743469211
UP00018_1_Irf4_primary	0.999939368748	0.999765816934	0.950867247286	0.936431005924	0.864099858999	0.486849109449	0.999890858368	0.878634463789	0.910914080968	0.94964913543	0.484374592177	0.577619298935	0.602715229017
UP00084_1_Gmeb1_primary	8.74603980236e-15	2.49742759138e-09	0.0554034158007	0.0650265585219	0.000264859584458	4.00131477774e-08	0.556319326692	1.16935052828e-10	0.200063182716	0.088972641026	8.39020193604e-05	8.74151788949e-06	0.00288959711467
MA0150.2.Nfe2l2	3.36768124077e-85	2.19839676119e-18	0.0911002243643	0.0749079174456	0.000250379223412	0.111348409638	6.99155709092e-16	1.4694211933e-60	0.000613880223865	0.00477684865601	1.45642378892e-10	3.28906602696e-07	1.52722566437e-46
MA0018.2.CREB1	0.567958570036	0.969458070946	0.305922956299	0.665275746813	0.84131350401	0.941898767559	0.998079562375	0.000130551179965	0.486207631102	0.509935986543	0.120861193701	0.0422863993658	0.0831059268847
UP00081_1_Mybl1_primary	0.00230993932133	0.0280075889353	0.362454952703	0.967989423972	0.261279077285	0.0142178151147	0.32950146781	0.00628600057291	0.930120005594	0.68200806684	0.418717246192	0.0642214990541	0.0172484377163
MA0067.1.Pax2	3.80423483311e-94	1.24445691204e-61	9.1816202057e-09	1.43539893873e-08	3.18970750461e-20	7.29080130014e-21	8.40992452678e-12	2.61381094583e-39	0.000121406949059	2.28335127658e-05	4.48114916821e-11	8.39166721468e-12	2.91975428772e-17
UP00155_1_Hmx2_3424.3	0.999999999977	0.99999999998	1.0	0.999999999388	0.999999999999	1.0	0.999999999999	1.0	0.999999999915	0.999999985733	0.999999999991	1.0	1.0
MA0068.1.Pax4	0.999999999948	0.999999999987	0.999999625403	0.999999262005	0.999999999995	1.0	1.0	1.0	0.999998820611	0.999987135101	0.99999611473	0.999999990594	1.0
UP00041_1_Foxj1_primary	0.999999999947	0.999999999998	1.0	1.0	0.999999999999	1.0	1.0	1.0	0.999999999998	0.999999999526	0.999999999999	1.0	1.0
UP00142_1_Uncx4.1_2281.2	0.999999999939	1.0	0.999999999999	0.99999999998	0.999999999997	1.0	1.0	1.0	0.999999999997	0.999999999216	1.0	0.999999999994	1.0
MA0122.1.Nkx3-2	0.997918524854	0.998713273841	0.994343364327	0.799729806081	0.994519877604	0.985348664892	0.830344464184	0.734419068138	0.923030305494	0.782535150361	0.436900076375	0.947013837079	0.243996134495
UP00003_1_E2F3_primary	5.14052066642e-147	3.03828443317e-96	9.65092434879e-13	7.36089666867e-21	3.73735047211e-27	2.39817853825e-44	1.85023514058e-10	1.3032337355e-56	4.05332991505e-12	2.40686080337e-06	1.48720114522e-12	1.87468458829e-20	4.84651499603e-14
MA0095.2.YY1	0.999999999953	0.999999999999	0.999999267971	0.999997895001	0.999999999995	0.999999999548	1.0	1.0	0.983127915318	0.999009939198	0.999943759649	0.996770138212	1.0
UP00243_1_Isx_3445.1	0.999999999933	0.99999999999	0.999999573765	0.995829150975	0.958708042125	0.999999822089	0.999999949893	0.999995462564	0.996174068241	0.999369171429	0.982420077895	0.99998786291	0.743541787184
UP00035_1_Hic1_primary	3.22039435284e-09	0.000746497259482	0.416173097164	0.0123412399824	0.00318935744945	0.24624236216	0.00255646361269	0.000574204631177	0.464653353822	0.409118743877	0.00728417283468	0.12874120253	0.0129417715627
UP00160_1_Obox3_3439.1	0.999999999952	0.999999999984	0.993621533368	0.999888156304	0.999983953068	0.999999973692	0.999998398498	1.0	0.984198954528	0.994514380558	0.965355794466	0.999972081457	0.999999945384
UP00147_1_Nkx2-6_3437.1	0.999999999976	0.999999999998	0.999998017603	0.999998611322	0.999999990493	1.0	0.999971533705	1.0	0.999503746385	0.979264081372	0.999413341016	0.99999992302	0.999997929641
UP00097_1_Mtf1_primary	4.08559672757e-23	5.93196251645e-12	0.000512112524502	0.00445352627489	0.00694179456523	2.97591844835e-06	8.40823530957e-06	2.30764059466e-09	0.00610465252348	0.0564306561187	0.00279115091651	8.81727938182e-06	0.000128912958607
UP00031_1_Zbtb3_primary	0.999999999962	0.999999999993	0.99787355635	0.996063217209	0.998562090069	0.999999999293	0.998913255326	1.0	0.999068187774	0.982283115694	0.891560621799	0.999987478183	0.999999987695
UP00177_1_Hoxd12_3481.1	0.999999999987	1.0	0.999999994858	0.993758524928	0.999999999994	0.99999999995	0.999999997839	1.0	0.999962172181	0.997615075313	0.999999853263	0.999999723281	0.999611513948
MA0492.1.JUND.var.2	9.88106052503e-05	0.890645572442	0.242290862842	0.657025622134	0.845367630685	0.981626800565	0.786376332667	6.75963292033e-13	0.0491715399228	0.509042047196	8.60976349812e-05	0.0518877650356	3.82626738359e-09
MA0148.3.FOXA1	0.999999999973	0.999999999999	1.0	0.999999999994	1.0	1.0	1.0	1.0	0.999999221412	0.999743922178	0.999997065884	1.0	1.0
UP00064_1_Sox18_primary	0.999999999974	0.999999999999	1.0	1.0	0.999999999997	1.0	1.0	1.0	0.999999999997	1.0	0.999999999992	1.0	1.0
UP00237_1_Otp_3496.1	0.999999999964	1.0	1.0	0.999999999994	1.0	1.0	1.0	1.0	0.999999999996	0.99999977008	0.999999999989	0.999999999979	1.0
UP00029_1_Tbp_primary	0.999999999963	0.999999999993	1.0	1.0	0.999999999998	1.0	1.0	1.0	0.999999999998	1.0	1.0	1.0	1.0
UP00166_1_Barhl1_2590.2	0.999999999981	0.999999999998	1.0	1.0	0.999999999998	1.0	1.0	1.0	0.999999999596	0.999999999908	0.999999990688	1.0	1.0
UP00012_1_Bbx_primary	0.99999999995	0.999999999997	1.0	1.0	1.0	1.0	1.0	1.0	0.999999999998	0.999997165593	1.0	1.0	1.0
MA0041.1.Foxd3	0.99999999998	0.999999999991	1.0	1.0	1.0	1.0	1.0	1.0	0.999999999998	1.0	1.0	1.0	1.0
UP00240_1_Cdx1_2245.1	0.999999999962	1.0	1.0	1.0	0.999999999994	1.0	1.0	1.0	0.999999999997	1.0	1.0	1.0	1.0
MA0073.1.RREB1	1.02114714315e-139	1.19064754042e-96	3.32373906496e-07	9.06718593563e-18	1.83476774807e-31	7.40342155025e-23	5.86641255857e-39	8.52292539492e-46	2.03069659926e-08	1.52271545442e-05	2.80668036029e-10	4.15653594411e-13	2.25645228019e-20
UP00211_1_Pou3f3_3235.2	0.999999999954	1.0	1.0	1.0	0.999999999999	1.0	0.999999999999	1.0	0.999999999999	1.0	1.0	1.0	1.0
UP00040_1_Irf5_primary	0.960345814245	0.993133706863	0.999784976191	0.758628713611	0.801226187813	0.32446590548	0.999228517432	0.431133828756	0.541108377013	0.715285824895	0.60911935845	0.69285548465	0.565985760501
MA0070.1.PBX1	0.999999999969	0.999999999992	1.0	0.999999999981	0.999999999997	1.0	1.0	1.0	0.999990827766	0.999875841903	0.999609917693	0.999999994759	0.999999997397
UP00212_1_Lhx5_2279.1	0.999999999972	0.999999999995	1.0	1.0	0.999999999999	1.0	1.0	1.0	0.999999999999	0.999999999978	1.0	1.0	1.0
MA0077.1.SOX9	0.999982509728	0.99999999999	0.974939268335	0.996821995179	0.999710931675	0.99999998674	0.984840614566	0.403283873425	0.994708488566	0.986131306557	0.569999116875	0.99609424326	0.0136104502916
UP00070_1_Gcm1_primary	2.59552130787e-45	6.63893917992e-35	3.51081244986e-06	5.14927644001e-05	4.23166117627e-08	7.41385245543e-10	7.77103017429e-09	9.27466453675e-11	0.0801515964479	0.353495843978	0.0739443666902	9.96503020971e-08	3.84155298595e-07
UP00179_1_Pou2f3_3986.2	0.999999999937	0.999999999992	1.0	1.0	1.0	1.0	1.0	1.0	0.999999999998	1.0	1.0	1.0	1.0
UP00027_1_Osr1_primary	0.998529172968	0.999847967157	0.993217760782	0.790706448947	0.995679969086	0.999999891409	0.811599048598	0.147203582118	0.508469431271	0.287988972502	0.673002589745	0.580945707158	0.290654360352
MA0468.1.DUX4	0.999999999963	0.999999999989	0.999975744993	1.0	0.999999999997	1.0	0.999999999998	1.0	0.999556136391	0.810053305566	0.999580379064	0.999999999948	1.0
MA0007.2.AR	0.000199382286834	0.0271604684336	0.245536114445	0.570380115929	0.27186995306	0.7471433549	0.00948176309479	2.73478685533e-06	0.0561188799768	0.0294191722018	0.580695402939	0.0939152186141	0.000358255471968
UP00073_1_Foxa2_primary	0.999999999996	0.999999999997	1.0	1.0	0.999999999996	1.0	1.0	1.0	0.999999999998	0.999999985486	1.0	1.0	1.0
UP00007_1_Egr1_primary	0.0	0.0	9.09578768114e-36	4.10424704626e-51	3.2527003759e-82	9.01645321715e-136	5.14818032708e-78	1.89791858403e-211	1.52841542701e-35	8.21213150087e-21	2.28089298058e-29	8.70827474868e-78	2.55320943694e-73
MA0114.2.HNF4A	4.30253283892e-45	2.23093149191e-30	4.44836272013e-06	0.000415997354405	2.95698180409e-07	0.00274315310959	1.9897159122e-16	1.13049672902e-20	0.000262140097821	0.269685042039	2.70023350572e-06	0.00032128160438	2.96709896986e-16
MA0140.2.TAL1::GATA1	0.999999999974	0.999999999987	0.999596183158	0.953600899435	0.999588717991	0.999999925191	0.999287461866	0.998226119773	0.900194566521	0.998165622746	0.423867302313	0.981759656645	0.93951970718
UP00105_1_Pou3f4_3773.1	0.999999999973	0.999999999989	1.0	1.0	0.999999999998	1.0	0.999999999999	1.0	0.999999999998	1.0	1.0	1.0	1.0
MA0132.1.Pdx1	1.0	1.0	1.0	1.0	1.0	1.0	1.0	1.0	1.0	1.0	1.0	1.0	1.0
MA0036.2.GATA2	0.999999999943	0.999999999993	0.999999703386	0.999999245395	0.996272392409	1.0	0.999946880467	0.999999408059	0.998942443715	0.999923422908	0.885372386377	0.999999498426	0.789090369572
UP00252_1_Hoxc5_2630.2	0.999999999952	0.999999999989	1.0	1.0	0.999999999998	1.0	1.0	1.0	0.999999999998	0.999999999995	1.0	1.0	1.0
UP00020_1_Atf1_primary	3.32960574066e-73	4.30232656319e-28	0.00193863053093	7.25729574703e-06	3.50122833416e-05	2.16512001795e-13	0.000190768200669	2.01049770928e-48	5.63942200491e-09	4.70538773702e-06	4.33999930206e-11	3.59394419576e-13	1.72654456077e-22
UP00171_1_Msx3_3206.1	0.999999999975	0.999999999995	1.0	1.0	1.0	1.0	1.0	1.0	0.999999999998	0.999999999996	1.0	1.0	1.0
UP00010_1_Tcfap2b_primary	4.94065645841e-324	1.38652138343e-226	1.90597331844e-28	1.25475071662e-28	9.32541179001e-54	9.58803306007e-77	8.15876776632e-67	3.95141053313e-104	4.9583837334e-19	4.48046975453e-11	3.08415344131e-19	1.51029022293e-30	1.40511156776e-47
UP00069_1_Sox1_primary	0.99999999998	0.999999999997	1.0	1.0	1.0	1.0	1.0	1.0	0.999999999998	1.0	1.0	1.0	0.999999999999
UP00054_1_Tcf7_primary	0.999999999952	0.999999999993	0.999999999307	1.0	0.999999999999	1.0	1.0	1.0	0.999999759198	0.999998800662	0.999999828352	1.0	0.999999999242
MA0059.1.MYC::MAX	6.43054050429e-35	5.62546935468e-20	0.00137101095172	0.00775638060464	1.25927890084e-08	0.000177462070465	8.23583740705e-06	8.16185351725e-16	0.00108947254763	0.31115498403	0.000603952738353	1.88786096404e-05	1.66631524338e-08
UP00227_1_Duxl_1286.2	0.999999999983	0.999999999989	0.999991559629	0.99989547815	0.999999764887	0.999999911141	0.99999885743	0.99996354943	0.994256057173	0.990775931007	0.9781375472	0.882201831071	0.99967701546
MA0597.1.THAP1	6.03140135962e-126	4.04474528053e-74	4.34473246634e-08	3.26072440209e-08	3.22670454311e-14	1.39400187508e-19	6.58703307507e-28	1.39151644836e-52	3.84811443953e-10	5.25135917823e-10	1.22980574532e-12	1.75628046865e-12	2.43684022202e-22
MA0099.2.JUN::FOS	9.5902884888e-318	1.92246130711e-104	6.39368330904e-07	7.52585067163e-08	2.24576431984e-37	1.4527692177e-09	1.32547688914e-45	1.22857944112e-234	5.11415205837e-09	1.96861775208e-05	5.02891269463e-49	2.88457393937e-34	1.01176301178e-171
MA0149.1.EWSR1-FLI1	3.90148877135e-147	2.32952155178e-84	2.62674570824e-13	1.69668603401e-06	1.14523729282e-22	2.52738612123e-22	6.65206762345e-29	1.08395807475e-72	6.47415194436e-11	7.46738799292e-08	5.08458971459e-16	4.94551747633e-19	4.58718928016e-32
UP00261_1_Lhx4_1719.2	0.999999999966	0.999999999989	0.999995347199	0.999999995163	1.0	1.0	1.0	1.0	0.99999981931	0.999922469021	0.996423404304	0.999999999995	0.999999993996
MA0516.1.SP2	0.0	0.0	1.81037725874e-30	2.04811779114e-35	1.35131673136e-86	9.24974383291e-119	6.69755812985e-95	1.67299218062e-230	2.11268319553e-40	2.53262522722e-22	1.90125216513e-41	9.44967158233e-72	4.95835548486e-74
UP00192_1_Six1_0935.2	0.999999999976	1.0	0.99999396642	0.999999939464	0.999999999797	1.0	1.0	1.0	0.999999927713	0.999889205382	0.999974061047	0.999999998865	0.999999891381
UP00203_1_Pknox1_2364.2	0.0882715616095	0.53215061366	0.509542691811	0.532359090822	0.491504785182	0.983612324528	0.311280693316	0.0156728807556	0.27190680017	0.562412260466	0.200662288958	0.0128117852924	0.207276831872
UP00103_1_Jundm2_primary	1.44235724168e-56	3.38098105445e-20	0.00439391924643	6.94653253678e-06	0.00163226010018	4.50152736853e-10	3.11267826265e-06	6.21354997413e-36	2.21753200229e-08	7.05751698902e-05	5.68104106416e-10	4.13046404369e-09	2.74610226312e-17
MA0490.1.JUNB	0.0	4.71255854974e-102	1.55490649275e-05	4.67814938081e-08	3.96533618333e-47	3.25184274674e-10	9.17817034047e-46	1.49333151419e-251	1.28147554292e-13	8.52809853731e-08	6.28760155537e-49	2.15215164852e-32	2.73333570638e-193
UP00185_1_Pbx1_3203.1	0.99999999999	0.999999999999	0.999999998936	1.0	1.0	1.0	1.0	1.0	0.999999999776	0.994508676331	0.999996832469	1.0	1.0
MA0527.1.ZBTB33	1.30414232605e-158	1.06448547743e-105	8.57156126855e-19	1.55852049753e-15	3.70183604362e-27	2.32605653843e-45	3.51180913525e-11	7.39052167001e-55	5.6505668922e-14	0.000378168718987	2.07591138738e-09	3.10119564372e-20	2.72725691252e-17
MA0105.3.NFKB1	0.0	0.0	1.49708552886e-41	2.39597440942e-48	2.93831832027e-272	1.92107062569e-120	0.0	9.40166102893e-210	3.16026240277e-09	5.82229566677e-08	1.01486711552e-28	2.5425333214e-16	6.43661548137e-147
UP00223_1_Irx3_0920.1	0.999999999972	0.99999999999	0.999999999999	1.0	0.999999999999	1.0	1.0	1.0	0.999999995044	0.999999980901	0.999999997374	1.0	1.0
UP00164_1_Hoxa7_2668.2	0.999999999916	0.999999999983	1.0	1.0	0.999999999995	1.0	0.999999999996	1.0	0.999999999997	0.999999989818	1.0	1.0	1.0
UP00246_1_Hoxa11_2218.1	0.999999999948	0.999999999992	0.999998633526	0.999999889281	1.0	1.0	1.0	1.0	0.999997231576	0.999347077731	0.999999876234	0.999999952733	0.999975543481
UP00264_1_Hoxa1_3425.1	0.999999999941	0.999999999995	0.99999999986	0.999999999602	1.0	1.0	0.999999999998	1.0	0.999999997145	0.999999769652	0.999999822621	0.999999999996	1.0
UP00184_1_Lhx8_2247.2	0.99870634088	0.999900464174	0.832031826214	0.986923559958	0.917812524912	0.972061661587	0.991423017089	0.806640333237	0.481720176429	0.735607668843	0.433853283725	0.998278871076	0.103481579295
UP00123_1_Hlxb9_3422.1	0.999999999975	0.999999999993	0.999999996803	0.999953725018	0.999999086322	1.0	1.0	1.0	0.999845649168	0.998021214126	0.950160363869	0.999985880834	0.999999895648
UP00191_1_Pou2f2_3748.1	0.999999999957	0.999999999994	1.0	1.0	0.999999999997	1.0	1.0	1.0	0.999999999997	0.999999999998	1.0	1.0	1.0
MA0040.1.Foxq1	0.999999999959	0.999999999985	1.0	1.0	0.999999999999	1.0	1.0	1.0	0.999999995166	0.999999834391	1.0	1.0	1.0
MA0091.1.TAL1::TCF3	0.0300535522692	0.161290754641	0.920614149502	0.934809560148	0.0103915187778	0.709732828499	0.0354353107034	0.0021454614603	0.773815907073	0.654167626025	0.356374716685	0.167300608016	5.34249882828e-05
MA0027.1.En1	0.999999999962	0.999999999982	0.996614417845	0.999826056781	0.940847623936	0.999999999952	0.99643118031	0.999999999004	0.995830660592	0.937434802023	0.938374615448	0.999999987141	0.99999830036
UP00195_1_Six3_1732.2	0.999999999951	1.0	0.999999999994	0.999999999997	0.999999999997	1.0	1.0	1.0	0.999999999994	0.999998798372	0.99999997337	1.0	1.0
MA0136.1.ELF5	1.5042440062e-62	2.51074172375e-13	0.161411166371	0.303931588901	5.81832522872e-06	0.0626944411507	7.88249806157e-08	3.37245220439e-47	4.04739734387e-05	0.0184415517383	1.55386174515e-13	1.76950699863e-05	4.56536139822e-42
MA0004.1.Arnt	1.0	1.0	1.0	1.0	1.0	1.0	1.0	1.0	1.0	1.0	1.0	1.0	1.0
MA0467.1.Crx	0.999999999947	0.999999999989	0.914311769255	0.997313571102	0.999997053299	0.999999170114	0.999645850316	0.999999878333	0.997280271685	0.865665051921	0.713301974542	0.999819724346	0.982681147671
MA0476.1.FOS	0.0	1.31894847248e-88	0.000551401749017	1.59621516149e-05	6.44289125914e-41	9.98249305303e-07	8.29316865871e-44	1.06279571724e-236	7.35454518586e-10	6.20409280503e-06	2.14163220359e-46	7.4823501236e-31	7.15844917046e-189
UP00098_1_Rfx3_primary	0.233567717914	0.820306516092	0.979226020093	0.200340443606	0.553061001957	0.687980299366	0.594715782168	0.000949562322353	0.582280537862	0.975756212574	0.078826252558	0.324663695639	0.0713553776529
UP00154_1_Dlx3_1030.1	0.999999999934	0.999999999988	0.999999998442	0.999999999891	1.0	1.0	1.0	1.0	0.999999999688	0.999963208885	0.999999994761	0.999999999981	1.0
UP00130_1_Lhx3_3431.1	0.999999999953	1.0	1.0	1.0	0.999999999996	1.0	1.0	1.0	0.999999999998	0.999999999995	1.0	1.0	1.0
UP00120_1_Lbx2_3869.2	0.999999999993	0.999999999999	1.0	0.999994718268	0.999999999806	1.0	1.0	1.0	0.999999905037	0.999782440591	0.999999405251	0.99999999928	0.999999999597
UP00000_1_Smad3_primary	6.48031175549e-22	3.78985391261e-12	0.000195694178272	0.15289920168	7.62750502348e-06	0.0359331163778	2.02010997716e-05	1.235132681e-15	0.000128777266458	0.00102600477772	2.13514257829e-06	0.0396048461278	1.27770179287e-11
MA0501.1.NFE2::MAF	1.4009051653e-43	1.00014586789e-07	0.717531115509	0.633287089648	0.00283013186696	0.978418711162	1.3383324506e-08	2.71338809215e-35	0.0304930684032	0.243860823221	3.02215277744e-08	0.000243806594197	1.37532230983e-34
UP00169_1_Lmx1b_3433.2	0.999999999971	0.999999999997	1.0	1.0	0.999999999997	1.0	1.0	1.0	0.999999999999	1.0	1.0	1.0	1.0
MA0003.2.TFAP2A	0.0	4.12640271378e-240	3.49495779782e-21	7.74268107726e-25	1.24702921811e-62	9.00646070054e-52	1.72260020958e-82	6.77686927404e-140	7.29069519862e-20	1.17608277979e-11	7.81460155269e-26	4.17467022264e-32	2.49955195084e-62
MA0090.1.TEAD1	4.32470662879e-37	2.92113202839e-13	0.004747159655	0.035161519771	1.56673577741e-11	0.00318506358906	0.00142750164007	2.26182829811e-25	7.7089952543e-05	0.00150505890369	3.04878403934e-08	0.00154329146338	7.38530162256e-12
UP00115_1_Lhx2_0953.2	0.999999999942	0.99999999998	0.999999999992	0.999999897129	0.999999999997	1.0	1.0	1.0	0.999999982615	0.999949645893	0.999999724344	1.0	0.999999990433
MA0117.1.Mafb	7.76970850188e-140	2.23990184439e-60	1.8325473891e-07	4.47229343345e-07	2.1191239607e-17	2.03796548971e-19	1.66546679677e-20	1.33698317071e-86	1.23721334335e-11	0.000589837670912	2.90219726813e-22	1.34305229056e-18	4.62293768477e-42
UP00205_1_Pknox2_3077.2	1.16378882733e-11	1.5652327492e-07	0.0911281089485	0.148070674621	0.0253647010632	0.723109942415	0.00228308560598	1.99131135082e-07	0.270786525828	0.484490489449	0.00207735107172	0.000262666019059	0.00146916449253
UP00251_1_Esx1_3124.2	0.999999999956	0.999999999992	1.0	1.0	0.999999999997	1.0	1.0	1.0	0.999999998692	0.999999994981	1.0	1.0	1.0
MA0511.1.RUNX2	0.000336735298243	0.177835639625	0.355256651136	0.693079336285	0.00540032826027	0.986095942178	0.0151844721304	0.010216498025	0.199244042218	0.700359710907	0.141133037017	0.0395567761675	0.00532371467919
UP00125_1_Pitx2_2274.3	0.999999999965	0.999999999988	0.999999733504	0.999997492005	0.99999997686	0.999999999995	0.999999735462	1.0	0.99985314011	0.990296213134	0.976213443731	0.999907139703	0.999998404662
UP00036_1_Myf6_primary	1.8050898231e-31	2.05960973147e-22	0.0517504609722	6.63903670206e-05	1.62820396557e-12	0.125482663628	1.18991923977e-08	1.26678269496e-14	0.0221226281657	0.194045976994	5.73297764547e-05	0.000475550889258	1.16052091531e-05
UP00093_1_Klf7_primary	0.0	4.2362755925e-275	5.71541182578e-28	2.66801034698e-37	1.15668803226e-68	5.74104393044e-91	6.68245920866e-69	2.73173946237e-177	9.95038378377e-28	1.14343924539e-21	4.69111571756e-34	5.32252400369e-50	4.93713939866e-51
MA0495.1.MAFF	0.999999999993	0.99999999999	0.999999039273	0.999981635582	0.999999998656	1.0	0.999897343349	0.999792184388	0.999995111597	0.99461903716	0.562173306749	0.999999596224	0.626479970654
MA0522.1.Tcf3	5.01871337685e-219	1.3916686632e-112	4.59255313344e-08	2.93511679013e-14	6.74564836381e-33	6.97988555797e-21	6.07851444656e-46	1.65813739382e-114	2.38213030493e-12	4.19061495123e-08	2.11426932525e-21	1.54403273967e-21	1.60814524387e-59
UP00037_1_Zfp105_primary	0.999999999959	1.0	1.0	1.0	0.999999999998	1.0	1.0	1.0	0.999999999998	0.999999999999	1.0	1.0	1.0
UP00096_1_Sox13_primary	0.999999999974	0.999999999984	1.0	1.0	0.999999999998	1.0	1.0	1.0	0.999999999999	0.999999999999	1.0	1.0	1.0
UP00233_1_Meox1_2310.2	0.999999999955	0.999999999992	0.99999999899	0.999999925083	0.999999999996	1.0	1.0	1.0	0.999989619319	0.999998627278	0.999973507397	0.999999999933	1.0
MA0483.1.Gfi1b	0.999999999944	0.999999999978	0.999064249798	0.990541615222	0.999999299773	1.0	0.999817885316	0.999972573572	0.981572452154	0.995930837065	0.612372227651	0.999924649256	0.9996055995
UP00067_1_Lef1_primary	0.999999999939	0.999999999976	0.99975278362	0.999970222713	0.999992592919	0.999999977811	0.9999994909	0.999999885602	0.965064455245	0.98001182631	0.961813428159	1.0	0.978345253882
UP00071_1_Sox21_primary	0.999999999966	0.99999999999	1.0	1.0	0.999999999999	1.0	1.0	1.0	0.999999999997	1.0	1.0	1.0	1.0
UP00188_1_Lmx1a_2238.2	0.99999999994	0.999999999992	1.0	1.0	0.999999999999	1.0	1.0	1.0	0.999999999997	1.0	1.0	1.0	1.0
IRF8_ISRE_KANNO	0.999999999943	1.0	0.999993929979	0.99999689004	0.999917163207	0.999998004471	0.999764936064	0.999997306799	0.986496140278	0.943013904527	0.466826658317	0.997492078372	0.978453337122
MA0038.1.Gfi1	0.999999999964	0.999999990617	0.999967860851	0.995017213306	0.940532804974	0.999996511922	0.996711467647	0.977460748632	0.766589352995	0.86151374043	0.682162119206	0.995033415005	0.803254868664
UP00234_1_Msx1_3031.2	0.999999999951	0.999999999988	1.0	0.999999999899	0.999999999997	1.0	0.999999999999	1.0	0.999999999979	0.9999999716	0.999999999937	1.0	1.0
MA0595.1.SREBF1	0.789375564737	0.908525848472	0.993309466462	0.853779286163	0.680325286301	0.924718040909	0.388570865846	0.892616629024	0.30004085809	0.0278299982732	0.776803051594	0.847965344846	0.899744017472
MA0133.1.BRCA1	0.98231016331	0.999667920534	0.572844173497	0.857378408834	0.706537250057	0.972120798776	0.93395366732	0.983575263955	0.863078355148	0.667228175286	0.185591039196	0.949856909842	0.685705680663
MA0056.1.MZF1_1-4	9.18171173757e-282	7.71918501275e-203	7.95301379936e-18	6.96604276955e-19	5.52516213722e-44	1.75535623335e-38	3.30993662385e-96	4.6240031945e-101	5.20479446681e-11	1.4133010786e-09	1.23772766251e-19	1.16822204794e-13	2.05631273405e-53
MA0478.1.FOSL2	3.57428986084e-103	2.16012319608e-18	0.448508117713	0.210904032144	3.48238566425e-10	0.480088912936	6.54554898654e-15	5.80193448928e-103	0.00128555056866	0.00472591256739	5.42059454591e-19	1.56047754863e-09	1.38507744377e-92
MA0592.1.ESRRA	7.76097619511e-47	4.39944356928e-25	0.00188228699816	0.00577719842173	3.54734493709e-07	0.00280321918615	4.25673172565e-12	1.93012959584e-27	0.00430488514193	0.0167665314022	3.00909497844e-07	3.92403032554e-05	6.07310472647e-19
MA0164.1.Nr2e3	0.126276876042	0.858260641114	0.612196324712	0.973793795948	0.506704839669	0.426634621879	0.125776839643	0.0175481671075	0.908042710391	0.0443148579926	0.27989926342	0.0135544228957	0.00782872636431
UP00034_1_Sox7_primary	0.999999999965	0.999999999986	1.0	1.0	0.999999999998	1.0	1.0	1.0	0.999999999998	1.0	1.0	1.0	1.0
MA0162.2.EGR1	0.0	0.0	4.75061253287e-35	1.74611877547e-39	2.97680530179e-95	1.24690884016e-128	3.90121730489e-113	8.95304350556e-279	3.65309458148e-42	1.98509599766e-22	3.77085483919e-45	2.71830053404e-85	2.95962045628e-110
UP00162_1_Evx1_3952.2	0.999999999953	0.999999999995	0.999999757059	0.998915361621	0.999986092578	1.0	0.999999999702	1.0	0.999445237536	0.999821079479	0.762028999246	0.999999526832	0.999543005567
UP00062_1_Sox4_primary	0.999999999978	0.999999999993	0.99999999994	0.999996204472	0.999999999424	1.0	0.999999999927	1.0	0.999899157235	0.989710322018	0.982231134708	0.999999999995	0.993469603792
UP00174_1_Hoxa2_3079.1	0.999999999969	0.999999999997	1.0	0.999999999849	0.999999999999	1.0	1.0	1.0	0.999999955365	0.999868517817	0.99953183855	0.999999999931	0.999999981578
UP00127_1_Gsh2_3990.2	0.99999999995	0.999999999986	1.0	0.999999984408	0.999999999998	1.0	1.0	1.0	0.999999997598	0.999996940178	0.999671220601	0.999999991484	0.999999999475
MA0065.2.PPARG::RXRA	2.69554758204e-153	8.5878920131e-87	2.34995127038e-09	2.23615971849e-12	3.0459754883e-16	4.86427102351e-20	6.0275580716e-37	1.33858349114e-68	2.06714379163e-13	4.58966283987e-07	2.03158042623e-11	7.33558316133e-14	1.3378031544e-34
UP00241_1_Hoxd3_1742.2	0.999999999944	0.999999999999	1.0	0.999999999947	0.999999999999	1.0	1.0	1.0	0.99999999999	0.999990877362	0.999999999994	1.0	1.0
MA0151.1.ARID3A	0.999999999923	1.0	1.0	1.0	0.999999999999	1.0	1.0	1.0	0.999999999998	1.0	1.0	1.0	1.0
MA0103.2.ZEB1	0.287474801189	0.00062293694284	0.427671694218	0.189185089856	0.394518752619	0.00889315779709	0.00387002632949	0.998530385221	0.922217967756	0.993417144132	0.550731701703	0.376830621717	0.891324982402
klf4_homer	8.45622394256e-198	5.83850144298e-137	4.88821045175e-13	3.48057798226e-19	2.62709513733e-31	2.6229267306e-41	4.92181236997e-39	5.10783619083e-81	3.70510804626e-12	4.53300452223e-08	2.12438988316e-15	7.34659637939e-22	3.28604146788e-29
MA0002.2.RUNX1	9.32881772496e-15	8.07420541672e-06	0.449019653154	0.0892794995331	0.000159587297225	0.557149422902	1.07596208909e-06	2.86185691142e-07	0.454130560365	0.702187354427	1.51019107133e-05	0.00216519950916	1.71844929622e-06
MA0479.1.FOXH1	0.999999999973	1.0	0.99999629459	0.9999997285	0.99999999984	1.0	1.0	0.999997997225	0.982070250566	0.487690594461	0.985804554641	0.998925318186	0.972907504024
UP00089_1_Tcf1_primary	0.999999999968	0.999999999979	0.99999976572	0.999995141666	0.999999994916	1.0	1.0	1.0	0.999999999857	0.999994724981	0.987202188675	0.999998532262	0.999999987876
UP00170_1_Isl2_3430.1	0.999999999963	0.999999999996	1.0	1.0	0.999999999997	1.0	0.999999999998	1.0	0.999999999998	0.999999994609	1.0	1.0	0.999999999999
UP00208_1_Obox5_2284.1	0.999999999954	1.0	0.999994461895	0.999978855915	0.99999999973	1.0	1.0	1.0	0.975436811358	0.997464946693	0.99994363385	0.999999958409	1.0
MA0101.1.REL	0.0	0.0	7.49555400494e-48	2.00037223093e-42	2.37593572163e-261	1.7564873679e-123	0.0	2.33240709198e-148	3.07531184388e-12	1.01372246339e-06	6.81761633285e-21	1.66847890914e-19	4.1429850092e-102
UP00197_1_Hoxc9_2367.2	0.999999999963	1.0	0.999999999983	0.999999999591	0.999999999999	1.0	1.0	1.0	0.99999999996	0.999999984774	0.999999999994	1.0	1.0
UP00222_1_Tcf2_0913.2	0.999999999946	0.999999999984	0.999943038675	0.999982551396	0.999967960167	0.99999992498	0.999990248446	1.0	0.981142412094	0.99840757188	0.990121687656	0.968894817247	0.999999949555
UP00048_1_Rara_primary	8.12310024586e-05	0.0787028672018	0.635608165092	0.933018318864	0.0387958928072	0.930893603162	0.105855477569	5.48634254223e-10	0.300863233207	0.994909938869	0.00445316604406	0.0417226469893	1.76017238117e-05
UP00111_1_Dmbx1_2277.1	0.999999999961	0.999999999979	0.999561048731	0.999271034009	0.99995264056	0.999999964724	0.999998988938	1.0	0.999428198805	0.997714949958	0.954960571055	0.979400689319	0.999999997743
UP00146_1_Pou6f1_1731.2	0.999999999958	0.999999999992	0.999999999863	0.999999419569	0.999999999997	1.0	1.0	1.0	0.999999994976	0.999965169869	0.997020194805	0.999999999783	0.999999999029
MA0518.1.Stat4	1.1618108956e-17	9.49270675813e-05	0.247807753335	0.469738070768	3.95789157086e-08	0.666487709807	1.49103347399e-06	9.97369683467e-12	0.190001403737	0.266889464287	0.00113249416162	0.032795979841	1.40951430456e-11
UP00194_1_Irx4_2242.3	0.999999999953	1.0	1.0	1.0	0.999999999998	1.0	1.0	1.0	0.999999999998	0.999999999975	1.0	1.0	1.0
UP00068_1_Eomes_primary	0.999999999934	0.999999890948	0.992010732354	0.991797420556	0.913567481955	0.999999952207	0.921881121522	0.999999960521	0.985968186827	0.862351183391	0.998668985778	0.99973579408	0.999906833811
UP00150_1_Irx6_2623.2	0.999999999976	0.999999999997	1.0	1.0	0.999999999998	1.0	0.999999999998	1.0	0.999999999999	0.999999999823	1.0	1.0	1.0
MA0526.1.USF2	0.01892593978	0.0193363707013	0.424288960932	0.237037273276	0.157034106804	0.927809793509	0.0180216417643	0.0296614693579	0.679263659313	0.924265631032	0.320771632599	0.0501264791177	0.0627270299315
MA0159.1.RXR::RAR_DR5	2.43191621009e-51	8.47638770272e-33	0.0275767827051	2.95253039057e-07	6.04204758292e-08	2.83000941604e-05	7.57627999151e-18	3.840388696e-18	0.00188190522923	0.0287293513022	0.00357922806082	2.06691737109e-06	6.70235595938e-10
MA0087.1.Sox5	0.999999999959	0.999999999985	0.999999999978	0.999999999991	0.999999999997	1.0	1.0	1.0	0.999990780131	0.999999957836	0.999999993358	0.999999999997	0.999997532955
UP00088_1_Plagl1_primary	1.28840682975e-306	2.55842839388e-249	2.04758458992e-31	2.88939530981e-40	2.01437231196e-60	3.50870392704e-77	2.24897830777e-62	2.16091645553e-78	1.13811614979e-15	2.06170533985e-08	4.44376202881e-10	1.61174024696e-26	3.46962548817e-24
MA0160.1.NR4A2	6.24220896352e-10	0.00247919802355	0.379318059428	0.531083662554	0.000819151464357	0.680579235277	0.0135292813353	1.43348173455e-08	0.00893081545191	0.819075491539	1.18352972398e-05	0.0147189228356	2.56721535133e-05
UP00028_1_Tcfap2e_primary	8.29996254537e-281	1.04243575011e-206	1.51278472889e-20	5.67684507477e-18	2.2926113141e-46	2.31513598653e-65	6.14399920165e-61	4.27010336992e-107	7.63468261274e-13	8.0069461223e-08	2.93197118659e-18	1.26904907566e-28	4.16622217517e-47
MA0051.1.IRF2	0.999999999957	1.0	0.999999234155	0.999843407449	0.999345315764	0.999996308621	0.999836746926	0.999987840133	0.984573382854	0.988348680936	0.993007647631	0.953786500518	0.998235200525
UP00259_1_Hoxb6_3428.2	0.999999999946	0.999999999996	0.999999999993	0.999999999997	0.999999999969	1.0	1.0	1.0	0.999958469991	0.999856206375	0.99999985017	0.999999999467	0.999999999967
UP00407_1_Elf3_primary	1.14816603989e-40	5.23109312263e-07	0.701439445358	0.251444285874	6.2693473139e-05	0.127267656841	0.0127650632574	2.59569742485e-44	0.00474769086059	0.0157780610608	6.95915868569e-15	7.31059201341e-07	5.52038171183e-29
MA0142.1.Pou5f1::Sox2	0.999999999979	1.0	1.0	1.0	0.999999999998	1.0	1.0	1.0	0.999999999998	0.999999999994	0.999999998988	1.0	1.0
UP00214_1_Hoxb5_3122.2	1.0	0.999999999999	1.0	0.999999998603	0.999999999998	1.0	1.0	1.0	0.999999999681	0.999868517817	0.999989160579	1.0	1.0
MA0084.1.SRY	0.999999999937	0.999999999979	1.0	0.999999998789	0.999999999999	1.0	1.0	1.0	0.999986746543	0.999999999473	0.999999970814	1.0	0.999999996459
UP00173_1_Hoxc13_3127.1	0.999999999952	0.999999999993	1.0	0.999999913057	0.999999999996	1.0	1.0	1.0	0.999999999995	0.999986081992	0.999999639158	1.0	1.0
UP00085_1_Sfpi1_primary	3.22717005999e-103	1.69645144014e-35	0.0150317703498	0.0225508268191	2.16763796469e-15	1.01644204049e-07	5.3871175225e-16	8.37663256578e-68	3.67785619561e-05	0.0203888561726	4.6994677749e-13	1.7734945162e-12	6.65740803357e-43
MA0146.2.Zfx	1.45586750223e-204	3.8727249983e-152	6.17689370247e-16	4.15438683034e-22	1.29343141571e-33	1.55551899962e-52	3.10398934939e-44	1.06999813836e-69	1.07064865044e-13	0.000752368036463	1.45994542669e-13	3.99613857844e-25	7.6230971229e-32
MA0259.1.HIF1A::ARNT	2.66369116763e-27	3.37130981789e-22	0.00274026327766	8.27018714046e-08	1.44500389805e-05	1.05292295276e-05	0.0246525480719	5.44614997819e-16	0.0110475789847	0.658887067878	0.0154889398522	7.70361440389e-09	7.51513487043e-06
UP00121_1_Hoxd10_2368.2	0.999999999932	0.999999999997	1.0	1.0	1.0	1.0	1.0	1.0	0.999999999998	1.0	1.0	1.0	1.0
MA0113.2.NR3C1	0.0623410645649	0.609145640123	0.550454284103	0.983241536915	0.762455085782	0.666034582375	0.0381500848152	0.0209432575998	0.582734439537	0.377630460157	0.199683736486	0.878692466242	0.00322331029989
UP00112_1_Gsc_2327.3	0.999999999952	0.999999999984	0.988548888105	0.997615074988	0.999365264828	0.999996582311	0.999590538839	0.99999999595	0.993411042148	0.987492662327	0.567949152959	0.99962496431	0.995867445197
MA0048.1.NHLH1	4.81435151902e-249	1.43077122038e-146	2.07325846221e-12	6.67422637315e-24	4.38855541356e-39	2.70634975892e-36	3.61031866456e-45	3.89121269206e-119	3.49924972052e-09	1.07842817372e-08	1.21733917061e-20	6.20115898847e-22	8.80650800182e-56
MA0083.2.SRF	0.999999999931	0.999999999989	0.999566637227	0.996840296332	0.998017028781	0.999997730961	0.999693853946	0.999608084079	0.834253084247	0.988744169661	0.854957447347	0.993623017634	0.927005348749
UP00187_1_Alx4_1744.1	0.999999999968	0.99999999999	0.999999999971	1.0	0.999999999999	1.0	1.0	1.0	0.999999998991	0.999999936592	0.999999999904	1.0	1.0
UP00145_1_Barhl2_3868.1	0.999999999942	0.999999999993	1.0	1.0	0.999999999999	1.0	1.0	1.0	0.999999999999	0.999999999961	1.0	1.0	1.0
UP00152_1_Arx_1738.2	0.999999999958	1.0	0.999999999999	0.999999999807	0.999999985731	1.0	1.0	1.0	0.999999934349	0.999999993945	0.999999999929	1.0	1.0
UP00072_1_IRC900814_primary	0.999997524139	0.999999980286	0.997933409076	0.949141235018	0.983671534469	0.932073947582	0.999999943316	0.980989764252	0.827053984775	0.635049893112	0.0844702131863	0.9534469091	0.999967386049
MA0075.1.Prrx2	1.0	1.0	1.0	1.0	1.0	1.0	1.0	1.0	1.0	1.0	1.0	1.0	1.0
MA0482.1.Gata4	0.999999999984	1.0	0.999989410428	0.999857145408	0.955835647939	1.0	0.999857007258	0.999906990976	0.987771386569	0.998531715433	0.701052918739	0.999984523098	0.652968329689
MA0523.1.TCF7L2	0.999999999955	0.99999999999	0.999802489364	0.999999564691	0.999995654862	1.0	0.999999998704	1.0	0.995823134309	0.999340185358	0.999403184407	0.999999999998	0.999692751331
UP00050_1_Bhlhb2_primary	9.05203672733e-09	2.38088862952e-05	0.268790480705	0.239012243086	0.00166201326621	0.186310001335	0.0741118961029	3.67679161313e-06	0.252686128904	0.277569550146	0.0113399242151	0.00185104782483	0.00281007245318
MA0525.1.TP63	5.66408152781e-18	9.51699602603e-12	0.0383315707581	0.212032891386	0.00166454805574	0.000231511701259	0.000202883456429	6.65853664005e-11	0.0211054435065	0.00766993410931	0.117956971982	3.56856204409e-06	5.61643172377e-10
MA0076.2.ELK4	0.0	3.89694118587e-260	1.09925838404e-18	1.00120512251e-20	3.25186297062e-88	4.45087782613e-83	1.50989823165e-74	2.10314580902e-269	4.78345940734e-30	7.2589159981e-10	1.00830946199e-53	5.04088579837e-80	9.44230833629e-130
UP00161_1_Hmbox1_2674.1	0.999999999944	0.999999999993	0.999999926799	0.999999928996	0.999999999996	1.0	1.0	1.0	0.999572332206	0.999983353852	0.999995237366	0.999999999243	1.0
UP00258_1_Tgif2_3451.1	0.994244137269	0.999999972105	0.999957488808	0.968919196325	0.994754666149	0.99999844574	0.916266042307	0.612500645903	0.426821111465	0.788655421785	0.455947543139	0.441424592984	0.866151979061
MA0147.2.Myc	6.14315912895e-14	1.13676830245e-11	0.127584174394	0.0156827997925	0.000234277605133	0.257190020217	8.485619345e-07	9.9019617441e-08	0.50822477672	0.742040459303	0.11870329526	4.04560962542e-05	2.6408171206e-05
UP00114_1_Homez_1063.2	0.999999999963	1.0	0.999563106944	0.99999800402	0.999999999912	0.999999685138	0.999999999062	1.0	0.988003300254	0.996822593691	0.999787827891	0.999990795613	0.999999932978
UP00200_1_Nkx6-1_2825.1	0.999999999946	0.999999999988	1.0	1.0	0.999999999996	1.0	0.999999999999	1.0	0.999999999999	1.0	1.0	1.0	1.0
UP00132_1_Evx2_2645.3	0.99999999995	0.999999999996	0.999834911847	0.999760231001	0.971782061674	0.999997099086	0.999999999999	0.99999997447	0.999266294938	0.974714894716	0.508727311042	0.99968618198	0.967679438377
UP00101_1_Sox12_primary	0.999999999942	1.0	1.0	1.0	0.999999999998	1.0	1.0	1.0	0.999999999735	0.999999999902	0.999999998835	1.0	1.0
UP00186_1_Meis1_2335.1	0.999999997541	0.999999999985	0.999913270557	0.995673986517	0.993228160551	0.999999997918	0.983104383821	0.931753065486	0.117560644066	0.953425607847	0.782179022377	0.812556785074	0.944155381816
UP00210_1_Mrg2_2302.1	0.999571431674	0.999999889485	0.883231746721	0.949572165623	0.998153774907	0.9999910275	0.9549363435	0.814984198879	0.405754571529	0.751710049267	0.25878815722	0.126182374165	0.961560206488
UP00008_4	0.999999999963	0.999999999994	0.999999999948	0.999999999996	1.0	1.0	0.999999999999	1.0	0.999999999903	0.99992550799	0.99999999932	1.0	1.0
MA0138.2.REST	1.33269580778e-117	5.63312019658e-73	5.07836668249e-07	5.48297648152e-07	3.14331148779e-27	9.68589385898e-20	2.2973373211e-19	4.7031995599e-48	8.98367674784e-10	4.3350317637e-06	6.8458330029e-07	3.27163753807e-11	1.49612695762e-24
MA0039.2.Klf4	0.0	1.48111640252e-288	2.61713880026e-29	6.66537815302e-39	2.40436553677e-67	4.57826557427e-96	2.96408245179e-84	8.95853175642e-192	9.72264998954e-32	1.39030057724e-19	1.81468624881e-35	3.19726647766e-57	2.00136934838e-56
UP00263_1_Hoxb8_3780.2	0.99999999997	0.999999999998	1.0	1.0	0.999999999999	1.0	1.0	1.0	0.999999999997	1.0	1.0	1.0	1.0
UP00176_1_Crx_3485.1	0.9999919517	0.973123539482	0.4546012696	0.887548613269	0.688970374138	0.989504368553	0.679125020455	0.984317769559	0.980412965738	0.886152883248	0.313444287247	0.619167796791	0.989203399474
UP00139_1_Nkx1-2_3214.1	0.999999999949	0.999999999991	1.0	0.999999999807	0.999999999792	1.0	1.0	1.0	0.999999999876	0.999996936776	0.999999998283	0.999999816086	1.0
UP00218_1_Dbx2_3487.1	0.999999999948	0.99999999998	1.0	1.0	0.999999999999	1.0	1.0	1.0	0.999999999998	1.0	1.0	1.0	1.0
MA0080.3.Spi1	2.33104254649e-203	8.91728601774e-75	0.000274252342441	0.000340158976843	1.02140226642e-39	2.58257433171e-13	5.43611622558e-29	3.92803646596e-132	8.54619817033e-11	3.32705964821e-05	2.46077118483e-26	2.35599410175e-22	3.54326567415e-85
MA0153.1.HNF1B	0.999999999929	0.999999999992	1.0	1.0	0.999999999997	1.0	1.0	1.0	0.999999999998	0.999999978259	0.999999999463	1.0	1.0
MA0509.1.Rfx1	1.34293633714e-44	4.30028652692e-27	0.00501113981886	0.00033484173487	8.31909113075e-08	1.5983263918e-09	8.71350703253e-07	6.44686243416e-40	0.00632653632512	0.65305317054	2.13514257829e-06	1.19423167387e-09	2.86931390043e-20
UP00190_1_Nkx2-3_3435.1	0.999999999929	0.99999999999	0.999996229123	0.999997057785	0.99984999901	0.999964263597	0.999999999221	0.999999997858	0.999814677738	0.993587051373	0.985501639954	0.999999513316	0.999814750271
UP00046_1_Tcfe2a_primary	0.442569114631	0.197509580682	0.779231091441	0.202612599659	0.925786296773	0.6836886958	0.00366464759737	0.242373156665	0.719504176861	0.279241998944	0.640896913782	0.85338635689	0.139938160625
UP00122_1_Tgif1_2342.2	0.0384092935737	0.949892475118	0.682407178202	0.753356464142	0.877889731362	0.99935481541	0.212793458358	0.000532347750099	0.311004409633	0.748837180427	0.0149924762381	0.002172931099	0.0345897379683
MA0006.1.Arnt::Ahr	1.0	1.0	1.0	1.0	1.0	1.0	1.0	1.0	1.0	1.0	1.0	1.0	1.0
UP00157_1_Hmx3_3490.2	0.999999999942	0.999999999987	1.0	0.999999999228	1.0	1.0	1.0	1.0	0.999999999987	0.999999289191	0.999999999999	1.0	1.0
MA0024.2.E2F1	0.0	2.85226138286e-252	5.65081839709e-24	3.34768020883e-38	2.09345468116e-51	2.24619491056e-104	6.60279467117e-44	1.6863450563e-148	1.26614842542e-24	6.77872528467e-11	7.59396726022e-22	3.30549300896e-48	6.78539485328e-57
MA0074.1.RXRA::VDR	3.67024139375e-07	7.52595676243e-05	0.0133599669529	0.0379290946383	0.00297958956952	0.131613574031	0.000224449474624	9.65231780791e-05	0.037723145344	0.0307821326448	0.0545201323928	0.142276458316	0.0287101801823
UP00215_1_Vax1_3499.1	0.999999999951	1.0	1.0	0.999999999133	0.999999999957	1.0	1.0	1.0	0.999999999694	0.999997672901	0.999731965858	0.999999995293	1.0
MA0154.2.EBF1	1.34637536121e-264	8.42070668537e-194	5.35846360018e-14	5.17194235211e-21	5.23366842255e-40	3.9924788832e-44	1.97005379095e-76	2.1050329133e-96	6.98236346847e-08	2.72165482023e-05	4.55167477483e-17	2.34640944162e-16	5.50556730943e-59
UP00213_1_Hoxa9_2622.2	0.999999999963	0.999999999982	1.0	1.0	0.999999999997	1.0	0.999999999999	1.0	0.999999999998	0.999999999999	1.0	1.0	1.0
UP00066_1_Hnf4a_primary	0.993238713685	0.828174422061	0.365403733177	0.22997854015	0.99458073026	0.964798345724	0.184210850084	0.960329871992	0.958233523961	0.530347537841	0.0341005141239	0.461795602321	0.75838396612
MA0491.1.JUND	0.0	5.25622844924e-105	0.000322579651829	8.8075242386e-08	2.00229036563e-43	1.18388491223e-09	1.30748041525e-50	2.64335426007e-260	4.91894781309e-14	6.71876278283e-07	3.92042387228e-53	6.75812524911e-34	5.71307696598e-197
MA0009.1.T	0.999999999965	0.999999999985	0.959206339869	0.999985413939	0.999999719755	0.999978882815	0.996764263689	0.999999997733	0.891784693286	0.808480022086	0.996858444784	0.999355903544	0.999400702919
MA0066.1.PPARG	2.98632439486e-15	1.31640479831e-10	0.00683053158094	0.0602760028579	0.00561317213026	0.61176680999	4.56112129126e-08	2.4383768336e-09	0.000631874459245	0.10780540138	0.116927426748	0.18421427535	1.88592998157e-05
UP00135_1_Hoxc12_3480.1	0.999999999934	1.0	0.999999486747	0.999569901457	0.999896107362	0.999999999731	0.999999999672	1.0	0.996150563403	0.99989777672	0.999984848243	0.999992182402	0.999464109017
MA0050.2.IRF1	0.999999999948	0.999999999988	1.0	0.999999999982	1.0	1.0	1.0	1.0	0.999999857643	0.999999992485	0.999999999977	1.0	1.0
MA0469.1.E2F3	0.0	0.0	1.73395831948e-31	3.08889206669e-38	2.93373819413e-82	1.98948171422e-107	2.87622360179e-78	5.99284840726e-201	9.08911512912e-24	1.35465414429e-17	5.69215464259e-27	3.94934777343e-58	7.61858719854e-76
MA0144.2.STAT3	5.04176639489e-43	3.13492414316e-15	0.00317682339527	0.138515095274	1.97733748781e-07	0.0595994352779	2.02786665401e-13	1.19636743675e-21	0.00667122146069	0.00739959565637	4.47087164308e-06	3.38135041573e-05	6.00114373975e-16
UP00204_1_Gbx1_2883.2	0.999999999971	1.0	0.999999974059	0.999977917824	0.999999999992	1.0	1.0	1.0	0.999999995437	0.99999973206	0.999562520021	0.999999976059	0.999999998831
MA0496.1.MAFK	0.999999999935	0.999999999995	0.99975278362	0.999999090805	0.999999973155	1.0	0.999846071273	0.999976931211	0.999996470708	0.999504213072	0.618346833609	0.999996772669	0.818232516005
UP00144_1_Hoxb4_2627.1	0.999999999947	0.999999999999	1.0	1.0	0.999999999999	1.0	1.0	1.0	0.999999999998	0.99999999999	1.0	1.0	1.0
MA0028.1.ELK1	3.52167204124e-286	5.61273191786e-164	2.74844561288e-13	1.46165963621e-19	7.43530636354e-40	3.90017238465e-66	2.28790078858e-31	1.24325797287e-119	9.26904507671e-13	2.04396210615e-07	8.48702298218e-29	1.07719896739e-48	2.96221536332e-39
UP00129_1_Pou3f1_3819.1	0.999999999968	0.999999999978	1.0	1.0	0.999999999998	1.0	1.0	1.0	0.999999999999	1.0	1.0	1.0	1.0
MA0025.1.NFIL3	0.999999999972	0.99999999999	0.999999999785	0.999999985148	1.0	1.0	1.0	1.0	0.999988994317	0.999975142184	0.999999051687	0.999999997923	1.0
MA0494.1.Nr1h3::Rxra	0.999999682198	0.984166631307	0.849657635894	0.992905923282	0.995847283098	0.998493960078	0.0228277537237	0.97163114675	0.998480097722	0.339702153388	0.808005184177	0.997218150385	0.571138321297
UP00140_1_Hoxd1_3448.1	0.99999999996	0.999999999997	0.999999998965	0.999999055339	0.999999999998	1.0	1.0	1.0	0.999990734353	0.999980153675	0.999915625367	0.999999999986	0.999999682188
UP00055_1_Hbp1_primary	0.99999999997	0.999999999994	0.99999999776	0.999999999878	1.0	1.0	1.0	1.0	0.999998313074	0.760451339687	0.99999925376	0.999999999997	0.999999926235
UP00095_1_Zfp691_primary	2.91781160801e-16	1.5024043107e-09	0.0201898460461	0.0730425401786	0.00224302480887	0.0352736484782	2.53590809657e-06	4.23103912472e-07	0.0918282595481	0.151403575086	0.0178326321416	0.134345741661	0.000484072344708
MA0503.1.Nkx2-5.var.2	5.34863550146e-12	6.52598670516e-07	0.323674241968	0.0065771843913	0.0450793515695	0.0920509494271	4.2779065458e-05	4.1044280885e-07	0.180687054165	0.840116986729	0.00515163851277	0.0656910337768	2.16812184084e-06
UP00119_1_Nkx2-9_3082.1	0.999999999926	0.999999999994	0.999999692345	0.999999999999	0.999999982358	1.0	0.999999999932	1.0	0.999987632449	0.988693568805	0.999986138682	1.0	0.999999114429
UP00255_1_Dbx1_3486.1	0.999999999968	1.0	1.0	1.0	0.999999999998	1.0	1.0	1.0	0.999999999998	1.0	1.0	1.0	1.0
MA0484.1.HNF4G	7.80933887315e-42	1.00612492205e-22	2.70069227151e-05	0.0103682275195	3.69064140929e-05	0.0361945452631	1.33516262237e-13	2.58246226059e-23	0.00235106836396	0.23999310444	3.67550814972e-05	0.0210721572833	6.52911720859e-16
UP00133_1_Cdx2_4272.1	0.999999999969	0.999999999998	0.999999999999	1.0	0.999999999999	1.0	1.0	1.0	0.999999999998	0.999999999659	1.0	1.0	1.0
UP00141_1_Vsx1_1728.1	0.999999999948	0.999999999993	1.0	0.999999999996	0.999999999998	1.0	0.999999999999	1.0	0.999999999998	0.999999998133	0.999999999999	1.0	1.0
UP00094_1_Zfp128_primary	0.0401003186542	0.489754808775	0.339091498532	0.727990298033	0.384658053863	0.0627777663624	0.836478813911	0.197414527127	0.00412772728462	0.418239776467	0.604330181937	0.102370172859	0.0683311412876
UP00180_1_Hoxd13_2356.1	0.999999999989	1.0	1.0	1.0	1.0	1.0	1.0	1.0	0.999999999998	0.999999999982	1.0	1.0	1.0
Ash2l_hand	3.18660063884e-224	4.31751764871e-157	9.94536608472e-21	6.65936142751e-16	5.26086237975e-32	1.34748093817e-45	3.83929023128e-52	9.57025641481e-83	3.88584357549e-15	8.52689772969e-09	2.01609241092e-13	2.1079231457e-24	1.6897062244e-35
MA0157.1.FOXO3	0.999887298434	0.999999999992	0.999977686776	0.999159849258	0.939423918259	0.999999939644	0.972348519492	0.0299185172992	0.596083464167	0.916083403953	0.135286606166	0.927786708259	0.00544223886104
MA0116.1.Zfp423	8.74325481171e-132	2.07821527872e-91	4.52352172373e-13	1.39378709966e-18	1.42398996526e-21	4.5692914617e-28	5.6029342946e-27	8.71897587939e-39	6.27552862603e-06	1.63989321796e-08	2.57715550137e-05	2.83161774727e-10	5.87586599114e-19
MA0057.1.MZF1_5-13	8.59896295632e-191	3.13364017035e-125	2.87084675343e-19	5.99224058456e-14	1.44230169581e-26	3.08760361926e-31	7.26148952821e-40	2.38321115153e-73	3.01199107669e-12	3.87610853846e-06	1.47661886004e-08	1.27901673107e-14	6.91023342865e-39
UP00199_1_Six4_2860.1	0.479662264397	0.824015223948	0.78509727107	0.509919715095	0.961473344746	0.782270883896	0.112757497024	0.13159363367	0.533814665288	0.851577139853	0.706991344612	0.156922529409	0.0115818017697
MA0505.1.Nr5a2	1.79758787443e-34	6.13531613779e-21	0.000802040695313	0.0510532447927	6.19018114234e-06	0.000341125861074	1.34561156218e-11	1.24489624925e-22	0.0383750282042	0.0740832221497	3.31214861947e-05	2.88585385361e-06	1.7327773523e-11
IRF8_AICS	0.987210100158	0.999977925487	0.964953604612	0.973164928597	0.960156377992	0.999994033436	0.731605385609	0.940200688397	0.65947648093	0.96695364952	0.318675843947	0.965460411012	0.160886931038
MA0131.1.HINFP	4.40092611174e-47	9.89328352179e-32	0.000328299060437	6.83553419242e-05	1.63015727531e-14	1.64378905877e-14	0.000409820955696	5.89527319587e-12	1.29252807474e-05	0.0261959323181	0.00165702120651	3.73979393213e-06	4.58026119013e-05
MA0158.1.HOXA5	0.999999999957	0.999999999984	0.999999999911	0.999999970373	0.999999999998	1.0	1.0	1.0	0.999972992958	0.999995912495	0.999895301038	0.999999997699	0.999999999972
MA0143.3.Sox2	2.53210647966e-13	0.111771246702	0.614884560779	0.00398053797006	0.0179773620317	0.828900133587	0.0313107926611	4.84360610327e-12	0.000472362884304	0.190416197819	0.103452079083	0.346354819905	1.69090664296e-09
UP00044_1_Mafk_primary	0.99999999996	0.999999999992	0.999998694337	0.999999999998	0.999999999996	1.0	0.999999999643	1.0	0.999999994758	0.999999979494	0.998850324822	1.0	0.99999999327
MA0524.1.TFAP2C	0.0	3.68717491034e-287	2.93735554474e-25	5.36793630507e-31	7.38688147547e-68	7.31499652328e-54	6.79924396025e-102	4.65317983966e-182	2.6263981389e-18	2.46748216189e-14	1.39438865477e-35	5.21277841071e-35	2.32941786782e-88
UP00202_1_Dlx1_1741.2	0.999999999979	0.999999999991	1.0	0.999999999999	0.999999999998	1.0	1.0	1.0	0.999999999996	0.999997861139	0.999999993791	1.0	1.0
UP00065_1_Zfp161_primary	7.02890235253e-212	2.77193769127e-123	1.03987293476e-13	1.93353855071e-24	1.07040730818e-26	8.07064152981e-64	1.80568036243e-19	7.00049510395e-81	1.93617891791e-15	2.78204988602e-07	7.40053412084e-13	5.08612716229e-33	7.2149926087e-26
UP00219_1_Cutl1_3494.1	0.999999999957	0.999999999987	0.99998738096	0.999994718268	0.999999371936	0.999999863511	0.999997589557	1.0	0.999584374419	0.980017569619	0.99920900759	0.99995251299	0.999689232871
UP00059_1_Arid5a_primary	0.999999999965	0.999999999994	1.0	1.0	0.999999999996	1.0	1.0	1.0	0.999999999998	1.0	1.0	1.0	1.0
MA0486.1.HSF1	3.16963043289e-39	4.57391552722e-19	0.00892342873149	0.00703134775217	1.66549629337e-09	0.0131274070213	2.8121825284e-10	1.39682409956e-20	0.0200178464969	0.247171658468	0.000128020605954	0.0120016822124	9.0326101327e-18
MA0462.1.BATF::JUN	8.528774404e-89	1.14914296873e-14	0.158255957428	0.729688768151	3.76180204804e-09	0.822090325202	2.59041400329e-15	6.33422105059e-92	0.0166084257806	0.0251921173234	2.71564353955e-19	6.54309518389e-08	4.23221166655e-84
UP00005_1_Tcfap2a_primary	2.46403192536e-236	5.24607453888e-189	1.03340124196e-15	1.67553992852e-14	7.96113978607e-44	4.81100533102e-57	3.4713643865e-52	9.95994093874e-89	2.75660118189e-12	1.59131587969e-09	3.31496041541e-14	8.25002175277e-24	2.38716943939e-39
UP00239_1_Obox2_3438.2	0.999999999945	0.999999999996	0.915535580824	0.999997506611	0.999992731287	0.999999999974	0.99999999393	1.0	0.997911159956	0.982964898456	0.943844984427	0.999867963443	0.999999944907
MA0594.1.Hoxa9	0.999999999975	1.0	0.999999999986	0.999999997394	0.999999999592	1.0	0.999999999999	1.0	0.999999999835	0.999999949788	0.999971349923	0.999999977058	0.999999986065
MA0017.1.NR2F1	1.99071940789e-16	2.54526461382e-07	0.000732526508496	0.447453538547	0.0582391667008	0.193823164183	1.63890260574e-06	2.30866570591e-07	0.0491715399228	0.486483137846	0.00149434565363	0.185935961249	0.000547494694959
UP00247_1_Pax4_3989.2	0.999999999961	0.99999999999	0.999999997768	0.999999999866	0.999999980072	1.0	1.0	1.0	0.999997873746	0.999999043572	0.99999999982	0.999999999956	1.0
MA0145.2.Tcfcp2l1	3.53344507827e-244	3.51870984698e-151	4.36192363196e-13	5.89949165698e-18	3.64711786888e-44	2.39519357094e-41	3.29113242628e-53	3.9805814495e-100	1.53271873301e-07	2.66594681633e-09	3.75024237412e-17	1.07818466772e-31	2.08369609918e-49
MA0517.1.STAT2::STAT1	0.999999999979	1.0	0.999999996897	0.999999048804	0.999999980582	1.0	0.999999785299	1.0	0.99996690578	0.999848796973	0.977204689656	0.99999999996	0.999958834868
UP00231_1_Nkx2-2_2823.1	0.999999999968	0.99999999998	0.999999997914	0.999996303572	0.999999987468	0.99999999989	0.999999986604	0.999999999362	0.848387818333	0.939596913534	0.991156357251	0.999998137722	0.99997725001
UP00266_1_Prrx1_3442.1	0.99999999996	0.999999999981	1.0	0.999999998541	0.999999999997	1.0	1.0	1.0	0.999999977687	0.999999999918	0.999999837879	0.999999999996	1.0
UP00151_1_Barx2_3447.2	0.999999999944	1.0	1.0	0.999999997579	0.999999999995	1.0	1.0	1.0	0.999999833313	0.99999872587	0.999999948292	1.0	1.0
MA0504.1.NR2C2	2.13622734907e-222	2.50787782523e-142	1.40392042012e-18	7.38882030984e-22	2.12544354655e-27	2.09189604821e-50	8.61155620403e-43	5.59452756591e-101	5.7985481737e-15	7.0566299474e-09	8.62046445527e-19	2.16745942101e-29	8.39491507079e-42
UP00236_1_Irx2_0900.3	0.999999999935	1.0	1.0	0.999999999999	1.0	1.0	0.999999999999	1.0	0.999999999999	0.999999999973	1.0	1.0	0.999999999999
UP00026_1_Zscan4_primary	0.999999999976	0.999999999991	0.980897266703	0.967854897854	0.983390866085	0.999998372723	0.999089136953	0.999999999637	0.980728490842	0.966874307633	0.97963290744	0.988160645379	0.998911448465
MA0591.1.Bach1::Mafk	3.58707072984e-210	1.68510438897e-76	5.67813543745e-05	5.62919661881e-10	3.21350809084e-20	2.72442279607e-13	2.90773155022e-31	7.05150589438e-128	1.63269154907e-10	1.75563179978e-05	6.90219281388e-21	1.5234426866e-24	3.46302347992e-78
MA0109.1.Hltf	0.999999999953	0.999999999999	0.999999990238	0.999999999995	0.999999999975	1.0	0.999999999998	1.0	0.999999936313	0.999918451586	0.999882988015	0.999999999996	1.0
UP00172_1_Prop1_3949.1	0.999999999979	0.999999999993	1.0	1.0	0.999999999999	1.0	1.0	1.0	0.999999999998	0.999999999	1.0	1.0	1.0
UP00011_1_Irf6_primary	0.999999670836	0.999997721158	0.990933483624	0.936949391082	0.741351919888	0.888780017009	0.999999964662	0.999212099772	0.940263170121	0.625326537231	0.803534471604	0.666179582858	0.983790137982
UP00126_1_Dlx2_2273.2	0.999999999954	0.999999999977	0.999999999962	0.999999910315	0.999999999997	1.0	1.0	1.0	0.999999909832	0.999994184188	1.0	1.0	1.0
MA0515.1.Sox6	0.0982437061855	0.999350469893	0.998808520076	0.773294473233	0.697719632856	0.99098490752	0.47385338662	3.86328719408e-06	0.146017988702	0.972233739581	0.0538245443172	0.726107697551	1.27006021208e-05
MA0052.2.MEF2A	0.99999999994	0.999999999993	1.0	1.0	0.999999999998	1.0	1.0	1.0	0.999999999998	1.0	1.0	1.0	1.0
UP00156_1_Msx2_3449.1	0.99999999996	0.999999999988	0.999999999988	0.99999994362	1.0	1.0	0.999999999999	1.0	0.999998393354	0.999996936776	0.999584295403	0.999999999999	0.999999410335
UP00043_1_Bcl6b_primary	0.999999999945	0.999999999986	0.999943285339	0.984940649045	0.999952685144	0.999992258121	0.998217985991	0.999999878554	0.997757235021	0.709311944871	0.996041380566	0.942835245542	0.989346556888
MA0493.1.Klf1	2.50017396941e-247	3.61612592539e-167	7.57887485857e-15	9.0424926693e-27	5.50865960867e-35	6.25686866694e-43	5.30987463693e-49	1.20403316366e-97	6.73826439725e-16	2.9955526197e-11	8.14116777843e-17	2.69136859567e-27	1.02096886512e-30
MA0488.1.JUN	9.34335645496e-10	0.279228909905	0.304550304762	0.487949461983	0.305819297047	0.852508211475	0.201417100358	5.65562130124e-16	0.036142192661	0.384487569741	4.41415558429e-05	0.00248061233898	1.27073036375e-08
UP00224_1_Pax6_3838.3	0.99999999998	0.999999999984	1.0	1.0	0.999999999998	1.0	1.0	1.0	0.999999999997	1.0	1.0	1.0	1.0
MA0102.3.CEBPA	0.999999999962	0.999999999982	0.999999998395	0.999999991721	0.999999999998	1.0	1.0	1.0	0.993594417375	0.991206526188	0.999563869588	0.999999464534	0.999999935626
MA0069.1.Pax6	0.999999999982	0.999999999984	0.965565689358	0.990196553532	0.999793400958	0.999999999728	0.99834502054	0.999996870528	0.939186976353	0.993547710086	0.800970149063	0.998687963534	0.991017575744
MA0497.1.MEF2C	0.999999999968	0.999999999984	1.0	1.0	0.999999999997	1.0	1.0	1.0	0.999999999999	1.0	1.0	1.0	1.0
UP00045_1_Mafb_primary	0.999999999764	0.999999999985	0.99837986129	0.999600816518	0.994017946487	0.999999999931	0.937206065584	0.989320530171	0.997333020096	0.999358700928	0.189783508849	0.99974816158	0.7100289583
MA0471.1.E2F6	0.0	2.03573047899e-213	3.27547770302e-23	1.76738567115e-23	2.10487973916e-55	2.36691691542e-66	3.20371474168e-62	1.51077533806e-147	1.78885370321e-17	3.54798519911e-11	9.3023782807e-25	1.66895913029e-42	3.41214535433e-60
UP00262_1_Lhx1_2240.2	0.999999999935	1.0	1.0	1.0	0.999999999998	1.0	1.0	1.0	0.999999999998	0.999999999823	1.0	1.0	1.0
UP00217_1_Hoxa10_2318.1	0.999999999954	0.999999999984	1.0	1.0	0.999999999999	1.0	1.0	1.0	0.999999999999	1.0	1.0	1.0	1.0
MA0155.1.INSM1	9.31313742411e-321	1.40683590356e-204	8.45624240052e-21	2.65328464985e-30	3.1382362172e-45	1.34938176442e-48	4.8816314451e-66	8.45861716807e-136	2.96132806906e-19	1.66946451906e-06	4.41222029125e-19	1.84693907655e-25	1.12527285582e-62
UP00108_1_Alx3_3418.2	0.99999999994	1.0	0.999999999988	0.999999999964	1.0	1.0	1.0	1.0	0.999999999991	0.999999999403	0.999999999166	1.0	1.0
UP00002_1_Sp4_primary	0.0	0.0	3.01087933531e-38	1.47868835379e-54	8.76088044082e-94	4.49771071627e-138	2.17745123891e-102	1.43089735537e-235	1.13302500958e-36	3.28454981998e-31	1.29467150155e-35	1.10274810285e-79	6.50076799238e-76
MA0071.1.RORA_1	0.813922356126	0.992084785179	0.884677075963	0.486756771582	0.866167820578	0.983598456771	0.904654408092	0.00167316655185	0.723821482413	0.985812726834	0.00351154223985	0.826119959065	0.000686717885008
UP00102_1_Zic1_primary	0.0	1.10568104275e-268	4.21639192358e-30	1.13345980301e-33	1.52498215088e-52	1.15778872497e-100	5.27488456991e-79	5.73185482298e-117	2.44390854532e-18	4.00561862676e-16	6.78376840495e-19	2.85940204936e-27	1.8603293989e-46
UP00165_1_Titf1_1722.2	0.999999999964	1.0	0.999939990949	0.999796079612	0.999961942183	0.999999669878	0.997490109434	0.9999998764	0.878629526784	0.935459934085	0.975358970831	0.99963340587	0.999964537448
MA0060.2.NFYA	6.22029940401e-30	5.05958321677e-13	0.00331908225554	0.0124249880928	0.0529089033151	6.54496405652e-10	0.000174490821281	6.84400359766e-20	0.00977688160357	0.0514260712633	9.28735906818e-07	1.80000988063e-07	6.72553650643e-08
MA0477.1.FOSL1	0.0	2.33953087579e-101	0.000196802880919	1.5059256845e-08	1.69611484023e-42	1.77613578285e-11	6.10860035113e-47	1.05800226589e-253	2.02257767354e-11	2.09803693032e-07	8.70107826174e-52	4.82954629322e-37	2.09494416761e-188
MA0079.3.SP1	0.0	3.9357306729e-304	1.4224051879e-27	2.47139109195e-31	1.10127603796e-80	1.5938105497e-94	1.0355963906e-82	6.42150495377e-203	3.98439326166e-34	2.62754576759e-21	5.54926811128e-40	9.38556209397e-55	7.43345802569e-67
UP00009_1_Nr2f2_primary	4.78485922331e-11	0.00229642818766	0.335674398224	0.46493638809	0.0178036382681	0.636162521776	0.0490525092729	7.31167956647e-12	0.0891191807333	0.782535150361	0.000475031968378	0.00107600235149	1.62991735489e-06
MA0463.1.Bcl6	3.68025559348e-17	1.40166551573e-05	0.180383223025	0.321855409861	0.000179021438283	0.275869346676	3.24325652711e-05	1.68854073517e-10	0.541486366062	0.0371774583575	0.00271741555939	4.57309201424e-05	1.25119349265e-05
MA0046.1.HNF1A	0.999999999964	0.999999999982	1.0	1.0	0.999999999996	1.0	1.0	1.0	0.999999999994	0.999999997175	1.0	1.0	1.0
UP00178_1_Og2x_3719.1	0.999999999943	1.0	0.999999999996	0.999987157056	0.999998447815	1.0	1.0	1.0	0.999994948142	0.999999840429	0.999080286727	0.999999775793	0.999845967724
MA0141.2.Esrrb	1.47845670082e-36	4.17663561711e-15	0.0112635600338	0.141624175893	5.98921967368e-06	0.0537384962044	9.23696784832e-10	2.20752715942e-22	0.00218530824892	0.0634130673579	9.18122502489e-06	9.88488378394e-05	1.35229274266e-14
MA0058.2.MAX	0.465747941133	0.245705205418	0.918883912197	0.216167576696	0.541476494896	0.975107041896	0.254263490931	0.277986681319	0.928807585117	0.989891302241	0.821714453467	0.161911001397	0.0755570636254
UP00058_1_Tcf3_primary	0.999999999954	0.999999999995	0.999999999953	1.0	0.999999999999	1.0	1.0	1.0	0.999986002241	0.9999395118	0.999999954997	1.0	1.0
UP00076_1_Rfxdc2_primary	4.61290056032e-25	7.39815664343e-17	0.212086788821	0.00252565614238	1.93810695602e-09	9.10911911345e-07	0.000927700936734	6.42725070206e-19	0.00461286600917	0.547680902506	0.00015975132631	7.07522472535e-11	0.000747585137296
UP00021_1_Zfp281_primary	0.0	0.0	4.16801508734e-41	1.12465403653e-26	1.72058372305e-74	1.57820635844e-107	7.35799375726e-104	8.30282044727e-232	2.30820996538e-45	9.88719055335e-22	2.41468880474e-39	1.34563407606e-61	1.75961044232e-94
MA0081.1.SPIB	2.87839490221e-104	1.98567029148e-31	0.0197000215977	0.00408479164207	2.27646386517e-20	1.87050837768e-08	1.75173910446e-16	4.40899990253e-62	4.9099407819e-05	0.0175634146786	3.86180942041e-15	2.23786697333e-06	5.01183371902e-45
UP00216_1_Obox1_3970.2	0.999999999947	0.999999999995	0.98437615976	0.999959811713	0.999999075017	0.999999999965	0.999999999697	1.0	0.997095928209	0.989891302241	0.999677025982	0.999999739137	0.999999948933
MA0047.2.Foxa2	0.999999999958	1.0	1.0	0.999999999915	0.999999999997	1.0	1.0	1.0	0.999997753857	0.999971050365	0.999969839041	1.0	1.0
UP00138_1_Bsx_3483.2	0.999999999942	0.99999999999	0.999999999973	0.999999038369	0.999999999996	1.0	1.0	1.0	0.99989714197	0.999999961028	0.999997025954	0.999999999938	1.0
UP00391_3_Hoxa3_2783.2	0.999999999961	1.0	0.99999999593	0.999993501894	0.999999933642	1.0	1.0	1.0	0.999969937642	0.998823543773	0.994865690042	0.999999101365	0.999999835657
UP00408_1_Gabpa_primary	1.45651785706e-195	1.36438751549e-79	0.000287662950384	1.55938368543e-05	1.32498323637e-35	3.25298628747e-30	1.39402724971e-17	4.89831759568e-117	1.08672036778e-05	1.03983692858e-05	1.05456538942e-28	6.77536568891e-36	4.22792261452e-55
UP00113_1_Hoxc4_3491.1	0.999999999993	0.99999999999	1.0	1.0	1.0	1.0	0.999999999997	1.0	0.999999999998	0.999999959007	1.0	1.0	1.0
UP00086_1_Irf3_primary	0.130589920242	0.912472887638	0.806836483871	0.948643999734	0.156057615135	0.324139599908	0.93134308543	0.011099843123	0.696049886327	0.0600184816694	0.0653656945769	0.605881647366	0.201442493975
UP00053_1_Rxra_primary	0.999972752305	0.999629678152	0.446784996058	0.899183910942	0.988050503704	0.992728250697	0.865273356577	0.989272688157	0.838705436715	0.998343041856	0.0929794111654	0.505793815929	0.743644936348
UP00220_1_Nkx1-1_3856.3	0.992844969751	0.993616849476	0.745054254668	0.542163986891	0.92152012494	0.966695083878	0.998959561037	0.587163970074	0.510993212159	0.919897924651	0.428332803719	0.237801452474	0.682007563013
UP00136_1_Prrx2_3072.1	0.99999999996	0.999999999986	0.999999993751	0.999999918522	0.999999999992	1.0	1.0	1.0	0.999999623255	0.999996144553	0.999998459197	0.999999999953	0.999999496035
UP00265_1_Pitx3_3497.2	1.0883033742e-06	1.46115129596e-08	0.00614852691376	0.00118423697154	0.0200360387704	0.0895093665983	0.00169823152696	0.0191999118699	0.483092657086	0.0418271293968	0.0137913880397	0.22163036475	0.226561171586
MA0124.1.NKX3-1	0.999999999964	0.99999999999	0.999999999976	1.0	0.999999999997	1.0	0.999999999999	1.0	0.999999999999	0.999993599586	0.999999999996	1.0	1.0
UP00109_1_Obox6_3440.2	0.999999999957	0.999999999993	0.999999962705	0.999999999992	0.999999999988	1.0	1.0	1.0	0.99990665676	0.999960598359	0.999470945759	0.999999979917	1.0
UP00001_1_E2F2_primary	7.05925317303e-179	1.49047699174e-111	1.64298283413e-15	1.63254501962e-22	5.24323476167e-20	2.12019651392e-51	6.95849106754e-16	9.68144138918e-72	5.92945515542e-17	1.45217066948e-08	1.56638516545e-16	1.45262993702e-21	3.80113187856e-14
MA0481.1.FOXP1	0.999999999954	0.999999999992	1.0	1.0	1.0	1.0	1.0	1.0	0.999999999998	0.999999999999	1.0	1.0	1.0
UP00008_1_Six6_primary	0.999999999952	1.0	0.999999957057	0.999999998041	0.999999999997	0.999999999833	1.0	1.0	0.999999998382	0.999917771258	0.999994413386	0.999999999446	0.999993466031
UP00225_1_Hlx1_2350.1	0.999999999978	0.999999999997	1.0	1.0	1.0	1.0	1.0	1.0	0.999999999998	1.0	1.0	1.0	1.0
UP00087_1_Tcfap2c_primary	1.38179722812e-242	8.47574621635e-183	1.46879998843e-17	1.73434194913e-16	1.35766100072e-46	7.12100387747e-56	2.53907853632e-52	7.54124678386e-90	8.48966688578e-12	1.36115109699e-09	1.10496501453e-14	1.72008783084e-20	2.18898679265e-41
UP00193_1_Rhox11_1765.2	0.999999999798	0.999999993766	0.99887243308	0.999106242237	0.223833813458	0.99999992378	0.999889895011	0.996355443266	0.812072753851	0.97943245746	0.526851805312	0.90066960501	0.853166210249
MA0474.1.Erg	0.0	1.33548009253e-200	3.5509291975e-11	3.03198852636e-11	1.56011331197e-68	1.18519882204e-39	6.94549657088e-78	5.2865024105e-322	8.02273307187e-18	2.18888369851e-14	4.656909427e-69	1.143682481e-60	6.19197876042e-201
UP00148_1_Hdx_3845.3	0.999999999942	0.99999999999	0.99999999754	0.999999999994	0.999999999995	1.0	1.0	1.0	0.999999446968	0.998461149508	0.999983996208	0.999999997114	1.0
UP00163_1_En2_0952.1	0.99999999996	1.0	1.0	0.999989096618	0.999999999951	1.0	0.999999999999	1.0	0.999999712083	0.999998086961	0.99999578006	0.999999988799	0.999999999989
MA0473.1.ELF1	0.0	1.87967636255e-138	9.52896041913e-09	1.90797520499e-09	1.21926115197e-49	3.63979408426e-34	1.86771735187e-50	3.88502122289e-251	3.14684715619e-22	8.58353050965e-07	1.86109954152e-47	5.7373407673e-38	5.57757953761e-134
UP00134_1_Hoxb13_3479.1	0.999999999962	0.999999999983	1.0	1.0	0.999999999997	1.0	1.0	1.0	0.999999999998	0.999999996189	1.0	1.0	1.0
MA0031.1.FOXD1	0.999787661115	0.999997981389	0.999261197077	0.998142136002	0.535452075767	0.999595820904	0.955777699269	0.649104900308	0.798658195599	0.843077200638	0.904334514327	0.661036753752	0.243715939216
MA0119.1.TLX1::NFIC	4.12472193302e-47	8.12038965142e-22	0.121554439035	0.00576893185582	2.13182245756e-11	0.000413662453334	3.2845546795e-10	4.48848659054e-38	0.263152119849	0.0525214114513	5.55842480101e-08	1.39191108753e-09	3.22983893841e-21
UP00254_1_Pou2f1_3081.2	0.999999999968	0.999999999999	1.0	1.0	0.999999999999	1.0	1.0	1.0	0.999999999998	0.999999999999	1.0	1.0	1.0
UP00124_1_Ipf1_3815.1	0.999999999988	0.999999999985	1.0	0.999999999536	0.999999999999	1.0	1.0	1.0	0.999999995462	0.999829163504	0.99915824422	0.999999999959	0.999999999325
UP00207_1_Hoxb9_3413.1	0.99999999994	0.999999999983	1.0	1.0	0.999999999999	1.0	1.0	1.0	0.999999999998	0.999999995756	1.0	1.0	1.0
MA0519.1.Stat5a::Stat5b	3.5828360438e-24	3.9053305264e-13	0.162390263855	0.0523691480241	2.42129094182e-12	0.0287745858205	5.60604628656e-06	8.34207753146e-10	0.00140463119367	0.01625956403	0.0123400043825	0.027351653098	0.000213231360087
MA0092.1.Hand1::Tcfe2a	2.74996095283e-24	7.36903736915e-08	0.0179882100971	0.0493916018391	2.27773947061e-05	0.478176932826	9.47399255419e-05	6.84560592949e-17	0.0498334647763	0.419958524317	9.00021982471e-07	0.000965723280442	4.3123045178e-10
MA0508.1.PRDM1	0.999999999938	0.999999999999	0.998380910075	0.999883643493	0.999827015971	0.999999887081	0.984473080319	0.999808172926	0.99281210011	0.436923116125	0.968265122049	0.997938046557	0.450610730416
MA0442.1.SOX10	0.999999996867	0.999999999999	0.997215407752	0.975371882507	0.999965556565	0.999996876743	0.994645906147	0.994481998556	0.821243363184	0.909597122043	0.744202374876	0.83286842519	0.915556384121
UP00221_1_Phox2a_3947.1	0.999999999992	0.999999999994	0.999999999999	0.999999975799	0.999999999997	1.0	1.0	1.0	0.999999646855	0.999997690787	0.999999982989	0.999999999999	0.999999999992
MA0125.1.Nobox	0.999999999982	0.999999999984	0.999999906951	0.99971022052	0.999999999888	1.0	0.999999999374	1.0	0.999946961006	0.999970962539	0.97804964286	0.999999986744	0.999999748012
UP00181_1_Barx1_2877.1	0.999999999963	0.999999999994	0.999999999901	0.999948737684	0.999999999996	1.0	1.0	1.0	0.999985363597	0.99976603785	0.999999900648	1.0	0.999999998879
MA0115.1.NR1H2::RXRA	0.000816015664062	0.16515385764	0.769946855979	0.486939022734	0.592937578201	0.922746246188	0.0453688573248	8.36266503619e-05	0.347028230086	0.948584057806	0.00502905670348	0.0191141111993	1.88837836496e-07
UP00137_1_Hoxb3_1720.2	0.999999999973	0.999999999979	0.999999995914	0.999997472022	0.999997510978	1.0	0.999999999999	1.0	0.999987632449	0.999257911634	0.681421618541	0.999999596827	0.998860770799
MA0030.1.FOXF2	0.999999999965	0.999999999993	0.999999999956	0.999999988133	0.999999995388	1.0	1.0	1.0	0.99946308527	0.999830415528	0.999880311298	0.999999998007	0.99999999999
MA0089.1.NFE2L1::MafG	1.03738111182e-06	0.19494632269	0.773714724962	0.607253290629	0.624919810794	0.777674870713	0.0110229627915	1.02934573661e-08	0.143153670863	0.428593615275	0.252192572228	0.423738289604	2.23478704278e-08
UP00110_1_Dlx4_3488.2	0.999999999963	0.999999999989	0.999999999896	1.0	0.999999999999	1.0	1.0	1.0	0.999999912002	0.999982264637	0.999999994761	1.0	1.0
UP00256_1_Lhx6_2272.1	0.999999999956	1.0	0.999999999952	1.0	0.999999999999	1.0	1.0	1.0	0.999999999836	0.998848901191	0.999999970954	0.999999999997	0.99999999709
MA0107.1.RELA	0.0	0.0	2.44745402676e-60	2.40342792905e-54	1.76754425668e-297	5.61707502576e-137	0.0	2.97248130615e-131	1.46137075538e-07	7.87649467862e-06	4.73523630772e-23	6.13794857217e-13	3.64390918635e-85
MA0093.2.USF1	0.00308398233939	0.00507747354186	0.422072559726	0.530513304882	0.155952320259	0.354719585016	0.0235068212014	0.000161952995079	0.3485457032	0.787065424267	0.0788378205354	0.0431133340406	0.00116714872611
UP00049_1_Sp100_primary	0.421409853029	0.379190136495	0.106670186334	0.183118247244	0.0460041432694	0.241406975408	0.698552551261	0.457270699358	0.114883165657	0.878079698944	0.144312560183	0.368225978793	0.488759705744
MA0108.2.TBP	0.999999999966	0.999999999997	0.99997498528	0.999804096887	0.999999999996	0.999999999873	1.0	1.0	0.999878219485	0.999615248153	0.999839156073	0.999999996381	0.999999999567
UP00052_1_Osr2_primary	0.99988638543	0.999958308973	0.975619059121	0.698129541512	0.947837214492	0.998667907717	0.990523562813	0.809832392852	0.391203043747	0.192096970916	0.659860539034	0.487391077205	0.824057371105
UP00167_1_En1_3123.2	0.999999999951	1.0	1.0	0.999999998818	0.999999999998	1.0	1.0	1.0	0.999999865062	0.999999902934	0.999999255817	0.999999999998	1.0
MA0514.1.Sox3	0.999537903659	0.999999999463	0.998669673681	0.866114278685	0.904162266373	0.999950044244	0.996462736257	0.516846655348	0.282836706342	0.977447428342	0.749369110676	0.997002792447	0.0160673177022
UP00022_1_Zfp740_primary	1.58248336036e-270	4.49223497163e-172	1.1776057859e-28	1.5360451876e-21	2.31122758552e-37	8.92370499043e-48	1.1132917938e-56	3.12381902716e-94	2.51183665698e-26	1.86253674368e-12	6.15339372731e-18	1.15133821623e-22	2.76813688675e-38
MA0088.1.znf143	8.93569298625e-66	7.53820528194e-42	0.0122757420449	1.96522361423e-06	5.07188124543e-15	6.43512316478e-09	1.66644756753e-19	2.10033956762e-23	0.0107535557845	0.00104237663203	4.76302537056e-10	0.000125252828197	2.83969785182e-13
UP00042_1_Gm397_primary	0.999999999947	0.999999999903	0.998050233109	0.989784640894	0.998905464914	0.999999172314	0.967609135242	0.999999894668	0.998611142359	0.78160002551	0.914928045808	0.991732572892	0.998955375511
UP00131_1_Gbx2_3110.1	0.999999999962	1.0	0.99999986234	0.997508080227	0.998202853559	0.99999999897	0.99999999323	0.999999999166	0.999367689451	0.996912821723	0.62790749672	0.999995373404	0.997597690664
MA0042.1.FOXI1	0.999999999956	0.999999999992	1.0	1.0	1.0	1.0	1.0	1.0	0.999999999998	0.999999995171	1.0	1.0	1.0
UP00082_1_Zfp187_primary	0.99999999996	0.99999999999	1.0	1.0	0.999999999995	1.0	0.999999999999	1.0	0.999999999997	0.999999999076	1.0	1.0	1.0
MA0465.1.CDX2	0.999999999976	0.999999999988	1.0	1.0	0.999999999999	1.0	1.0	1.0	0.999999999997	0.999999999977	1.0	1.0	1.0
UP00077_1_Srf_primary	0.999999999952	1.0	0.999820635825	0.99907775483	0.999999996872	0.999999976038	0.999999942651	1.0	0.999674432862	0.999796825529	0.999958926306	0.999955285633	0.999999970483
MA0135.1.Lhx3	0.999999999948	0.999999999999	1.0	1.0	1.0	1.0	1.0	1.0	0.999999999999	1.0	1.0	1.0	1.0
UP00196_1_Hoxa4_3426.1	0.999999999954	1.0	1.0	1.0	0.999999999996	1.0	1.0	1.0	0.999999999995	0.999999994353	0.999999999999	1.0	1.0
UP00189_1_Hoxa5_3415.1	0.999999999947	0.999999999986	1.0	0.999999999923	0.999999999991	1.0	1.0	1.0	0.999999911975	0.999957366665	0.99998807049	0.999999999926	0.999999908667
UP00057_1_Zic2_primary	0.0	8.58057462555e-237	2.76619281348e-32	1.07532330056e-38	4.19017567283e-54	8.28066387499e-87	5.16998885082e-60	5.60988799327e-111	1.76591648277e-14	7.13124524679e-14	2.16009063827e-19	1.41810198131e-27	3.33290030254e-41
UP00017_1_Nkx3-1_primary	0.999999999958	1.0	0.999999351043	0.99999999945	0.999999890458	0.999999967478	0.999999718966	1.0	0.999986698479	0.999495105592	0.99133016742	0.999999604391	0.999999984065
UP00033_1_Zfp410_primary	0.0121049465991	0.0467638552724	0.979231248059	0.128270572985	0.19966937836	0.505899822225	0.167372882158	0.0632371488932	0.181734146534	0.136295312427	0.00478671840961	0.936484386459	0.344515068596
MA0106.2.TP53	0.000546756699416	0.00334418559603	0.408803579804	0.844352511815	0.230697954071	0.036389149925	0.00228011036686	0.000162011669178	0.814134672021	0.00535989075643	0.142825635025	0.00782647159908	4.80609536253e-06
MA0466.1.CEBPB	0.999999999969	0.999999999997	1.0	1.0	0.999999999999	1.0	1.0	1.0	0.999999999758	0.999999880327	0.999999969696	1.0	1.0
UP00056_1_Rfx4_primary	1.82980295959e-12	8.27905328012e-09	0.703250775431	0.0586831833108	3.77539073006e-06	0.00548237339403	0.00213801776614	2.20742557868e-11	0.0940258194436	0.543763322465	0.0270710932496	3.94643387389e-07	0.000234969164226
UP00153_1_Pitx1_2312.1	0.999999999918	0.999999999997	0.992021394925	0.999962445359	0.999999977832	0.99999999996	0.999999851117	1.0	0.999971741277	0.996852685264	0.974292666657	0.999999377282	0.999999984908
UP00016_1_Sry_primary	0.999999999962	0.999999999983	1.0	1.0	0.999999999997	1.0	1.0	1.0	0.999999999998	1.0	1.0	1.0	1.0
UP00198_1_Cphx_3484.1	0.999999999945	0.99999999998	0.999967725069	0.999994040947	0.999999999965	1.0	0.999999984783	1.0	0.999868714493	0.993891744363	0.933907533754	0.999999996761	0.999996426866
MA0596.1.SREBF2	0.948257664092	0.72012053456	0.873532729866	0.746885820826	0.577766904958	0.980714642571	0.674619741229	0.31197809984	0.215440102518	0.0432331746307	0.757195256125	0.627306216461	0.964428365077
UP00014_1_Sox17_primary	0.999999999943	0.999999999986	1.0	1.0	0.999999999999	1.0	1.0	1.0	0.999999999999	1.0	1.0	1.0	1.0
MA0037.2.GATA3	0.999999999958	0.999999999998	0.99993884417	0.999975880359	0.994795277166	0.99999999995	0.999999787911	0.999999999092	0.999678349498	0.997186873936	0.792607934559	0.999999070466	0.995249002054
MA0510.1.RFX5	4.48625756678e-100	4.15281474026e-65	2.15802474073e-08	1.55477847523e-13	2.40078131018e-15	6.81350599421e-15	6.58703307507e-28	1.35535542719e-44	0.000502823483048	0.0295301567718	5.92511384849e-10	4.12893057563e-12	1.9171473817e-25
MA0014.2.PAX5	0.378287163443	0.671234157646	0.5091750023	0.469011789774	0.493288267076	0.467219717143	0.406455910076	0.548663383864	0.165345373523	0.895975333155	0.105990952622	0.369933929956	0.486648803703
MA0520.1.Stat6	0.999993470164	0.999999584475	0.969992387053	0.994361976096	0.580573366052	0.999996817197	0.95033161549	0.688678909419	0.986084495521	0.318787037922	0.829850628364	0.999990804422	0.0198181411145
UP00242_1_Hoxc8_3429.2	0.999999999958	1.0	1.0	1.0	0.999999999997	1.0	1.0	1.0	0.999999999998	0.99999983962	1.0	1.0	1.0
UP00074_1_Isgf3g_primary	0.999999999958	0.999999999991	0.999998254462	0.999999998705	0.999999988738	0.999999999668	1.0	1.0	0.999999996801	0.998220619176	0.997392594631	0.999999988545	0.999999996872
MA0098.2.Ets1	0.0	5.9398712329e-212	2.81168897245e-15	5.72576573454e-14	3.84025078735e-73	1.83959080851e-46	8.02840559973e-91	0.0	1.06714750444e-21	1.95945432083e-17	9.96521161587e-76	2.17743816992e-67	1.03002331363e-211
UP00019_1_Zbtb12_primary	0.999999999971	0.999999999973	0.82127136443	0.990784537628	0.997950902826	0.999982189152	0.999978346629	0.99999979423	0.874425803483	0.987372433631	0.345227572988	0.99996846006	0.988453681949
UP00118_1_Pou4f3_2791.1	0.999999999971	0.999999999995	1.0	1.0	0.999999999998	1.0	0.999999999999	1.0	0.999999999998	0.99999999998	1.0	1.0	1.0
UP00175_1_Lhx9_3492.1	0.999999999948	1.0	0.999999999999	0.999999991408	0.999999999995	1.0	1.0	1.0	0.999999999996	0.999999996798	0.99999999913	0.999999999999	1.0
MA0130.1.ZNF354C	1.0	1.0	1.0	1.0	1.0	1.0	1.0	1.0	1.0	1.0	1.0	1.0	1.0
UP00060_1_Max_primary	1.85105726338e-45	1.09855069492e-30	0.00359240440306	9.96130263491e-07	1.86687304074e-11	6.35063505695e-08	2.00673435936e-10	3.1211133559e-16	0.000295183086385	0.0142894883561	1.16812281645e-05	4.65310292346e-05	1.07221677293e-09
UP00260_1_Hoxc6_3954.2	0.999999999959	1.0	1.0	1.0	0.999999999997	1.0	1.0	1.0	0.999999999998	1.0	1.0	1.0	1.0
UP00232_1_Dobox4_3956.2	0.999999999966	1.0	0.999967556004	0.999997085512	1.0	1.0	1.0	1.0	0.999840511304	0.999777787439	1.0	1.0	1.0
UP00149_1_Phox2b_3948.1	0.999999999952	1.0	1.0	1.0	1.0	1.0	1.0	1.0	0.999999999995	0.999999999071	1.0	1.0	1.0
UP00229_1_Otx1_2325.1	0.999999999941	1.0	0.999997000157	0.999792916937	0.999999670426	1.0	0.999999997867	1.0	0.999849092004	0.99993442582	0.978351727974	0.999730095105	0.999999926521
UP00235_1_Hoxc11_3718.2	0.999999999945	0.99999999999	0.999449396159	0.999999851003	1.0	1.0	1.0	1.0	0.999889620727	0.994696638916	0.999999996992	0.999997267061	0.999953452804
UP00032_1_Gata3_primary	0.999999999961	0.999999999992	0.999999999947	1.0	0.999999999998	1.0	1.0	1.0	0.999999945517	0.999997449402	0.999998368225	1.0	1.0
MA0593.1.FOXP2	0.999999999965	0.999999999997	0.999999999879	0.999999701017	0.999994856102	1.0	1.0	0.999999999996	0.999591289252	0.999979082634	0.991302458599	0.999999661087	0.993302755414
MA0464.1.Bhlhe40	5.72358770414e-15	2.12446059942e-12	0.325209534793	0.000612769605278	0.0338941730623	0.00664349146879	8.97179627751e-06	2.01924569723e-08	0.630157662168	0.382318002717	0.00629608121582	0.0117700229698	1.29541525638e-06
IRF8_IECS_HAND_KANO	0.00622891459114	0.550898287052	0.804104702615	0.583935707868	0.182238406131	0.989868400663	0.211954183813	0.00414048420873	0.475779877096	0.982107855007	0.00641783761805	0.444843541453	0.000650258405419
UP00158_1_Pou1f1_3818.1	0.999999999947	0.999999999994	1.0	1.0	0.999999999996	1.0	1.0	1.0	0.999999999998	1.0	1.0	1.0	1.0
MA0112.2.ESR1	3.33327822403e-130	4.00521421205e-82	5.53288349595e-07	1.06293715028e-09	1.58813016721e-16	1.81790848906e-17	1.57778158391e-31	2.88166664559e-59	7.48928793992e-07	1.39016000967e-05	1.93193623566e-12	5.36160044603e-18	3.05566684779e-25
MA0104.3.Mycn	2.14400989983e-71	1.48011685429e-48	0.000629807529595	2.18143363844e-08	3.52777615288e-12	2.10570796023e-07	2.24504424931e-17	7.73241896132e-29	0.00932900647182	0.3589750357	5.35607846153e-06	2.04999079133e-11	9.54139688547e-13
UP00061_1_Foxl1_primary	0.99999999993	0.999999999998	1.0	1.0	0.999999999998	1.0	1.0	1.0	0.999999999998	1.0	1.0	1.0	1.0
MA0033.1.FOXL1	0.999999999955	0.999999999997	1.0	1.0	1.0	1.0	1.0	1.0	0.999999999998	1.0	1.0	1.0	1.0
MA0100.2.Myb	2.23978188813e-06	0.885491959319	0.909689440459	0.694977812924	0.828853510148	0.840319600705	0.0267889663542	1.26780316003e-10	0.340866691603	0.242704245778	0.00430049747961	0.000754590761145	3.12528416185e-06
MA0512.1.Rxra	2.36137411518e-22	4.62963446836e-15	0.112094556427	0.10835486811	0.000978277156959	0.143808051717	2.37562510714e-10	2.37046764844e-19	0.110176507077	0.0170995953994	0.00156479272514	0.000127942972463	9.50999369701e-14
MA0062.2.GABPA	0.0	2.93253962939e-239	1.66644908684e-15	3.36903421405e-31	1.17561404265e-73	1.7442417724e-83	2.39073894473e-62	7.41043566804e-195	7.64809123293e-29	4.50309761234e-10	3.0228137761e-40	1.21395634252e-66	5.0873532907e-80
UP00083_1_Tcf7l2_primary	0.99999999997	0.999999999979	0.999979437608	0.999999983417	0.99999999404	1.0	0.999999984275	1.0	0.97116488317	0.998666440221	0.99325807299	1.0	0.990073611916
UP00245_1_Hoxc10_2779.2	0.999999999938	1.0	0.999876989962	0.999800563066	0.999999998322	1.0	0.999999999988	1.0	0.999947835217	0.989891709556	0.999999570685	0.999884797257	0.995773975765
MA0506.1.NRF1	0.0	1.50105742178e-304	4.7324980989e-26	6.78169168055e-48	2.06731295917e-81	2.8749865381e-119	5.72459324638e-52	1.13043702943e-179	1.36537030239e-36	2.29207846224e-15	2.35338943181e-28	2.48675733563e-64	2.54071138167e-43
MA0032.1.FOXC1	0.996845353227	0.99879617615	0.55230202033	0.91215263375	0.960394668394	0.991251485671	0.953496746297	0.622901323303	0.695394771537	0.514267719162	0.602922629392	0.78634480416	0.421366424351
MA0475.1.FLI1	0.0	1.03707872921e-246	8.70926508088e-10	3.2268362784e-17	1.14995441331e-85	5.29560853771e-59	2.78008235669e-106	0.0	2.10391729214e-29	1.25766124152e-18	2.18378971297e-70	4.92354916534e-78	9.04656259588e-217
UP00006_1_Zic3_primary	0.0	4.16788105066e-246	9.87246811075e-32	3.4496922594e-38	4.4675369807e-58	1.11322990302e-94	2.39388252106e-62	5.35414179302e-112	2.05002038605e-16	1.56967462839e-13	1.99974056342e-19	2.57867519194e-26	1.53817873819e-41
MA0480.1.Foxo1	0.99993756698	0.999999999981	0.999973586038	0.998297704209	0.948713799707	0.999999995001	0.929955342404	0.105690905971	0.507359998711	0.945152558872	0.279466256988	0.608552981763	0.00155830564376
MA0043.1.HLF	0.999999999971	0.999999999998	0.999941815085	0.983454107602	0.999999993157	0.999999999889	0.999999998726	1.0	0.998027894948	0.922912785412	0.99533413436	0.928937870337	0.999963770637
UP00128_1_Pou3f2_2824.1	0.999999999984	1.0	1.0	1.0	1.0	1.0	0.999999999998	1.0	0.999999999999	1.0	1.0	1.0	1.0
MA0139.1.CTCF	1.29955016997e-261	1.11717486971e-164	7.17779064721e-20	1.87714005978e-19	1.93851194522e-33	8.17758373783e-51	1.33408460364e-56	1.99635548819e-111	2.58612397097e-12	3.49974753703e-10	5.44134223988e-20	1.34525600153e-31	1.14511368806e-42
UP00143_1_Dobox5_3493.1	0.999999999953	0.999999999985	0.999997898752	0.999927786748	0.999994371203	0.999999675677	0.999998901257	1.0	0.997338498035	0.920581855202	0.941471255001	0.983172548491	0.999999960519
UP00092_1_Myb_primary	0.000127069899483	0.0487251880942	0.368534122222	0.917051220902	0.238009498468	0.0203125806351	0.480287835256	0.00033196036752	0.569445867933	0.263186505076	0.418717246192	0.0120149148638	0.0529595294921
MA0598.1.EHF	0.0	6.78933513049e-181	1.5945583758e-12	5.07524908887e-13	5.91175059745e-57	2.6777797603e-25	2.89619430866e-79	1.21502573341e-236	7.52651734678e-22	7.47181741512e-10	5.30154732081e-39	4.47354422023e-42	3.78668171667e-147
MA0489.1.JUN.var.2	2.63302710533e-305	3.36096739347e-80	0.00267242757498	0.000253137243139	4.85643602896e-36	5.51541306865e-08	3.86870109588e-36	7.1603275005e-226	3.79840755078e-11	2.55189802931e-05	2.06089488892e-46	3.95412033546e-27	2.54087582317e-180
UP00039_1_Foxj3_primary	0.999999999966	0.99999999999	1.0	1.0	0.999999999999	1.0	1.0	1.0	0.999999999713	1.0	1.0	1.0	1.0
UP00015_1_Ehf_primary	1.12934188207e-140	2.27880352344e-53	0.00118352371851	4.30275040748e-08	2.03062177997e-21	7.70372475066e-16	6.40165821098e-15	1.56009857845e-89	6.52468568403e-05	0.00369223807596	3.87579926103e-14	4.59319847274e-29	2.06859500666e-46
UP00017_3_Nkx3-1_2923.2	0.99999999995	0.99999999999	0.99999818732	0.999999999922	0.999999999996	1.0	0.999999999879	1.0	0.999999117695	0.999993060084	0.999991805449	1.0	0.999999999998
MA0502.1.NFYB	8.20943211658e-10	0.0168326227705	0.358254526853	0.053820477298	0.783738001197	0.000488869955484	0.0162328749621	3.96564421166e-07	0.0189314742767	0.180630360523	0.0162784584297	5.11903287561e-06	0.0109780087599
UP00209_1_Cart1_0997.1	0.999999999984	1.0	1.0	0.99999999898	0.999999999999	1.0	1.0	1.0	0.999999994399	0.999999996076	0.999999867402	0.999999999988	1.0
UP00091_1_Sox5_primary	0.999999999973	0.99999999999	1.0	0.999999999985	0.999999999999	1.0	1.0	1.0	0.999999999541	0.999999995663	0.999999999694	1.0	1.0
MA0513.1.SMAD2::SMAD3::SMAD4	5.24714980793e-19	4.61173738534e-11	0.000268183401666	0.0580326459465	9.80566796941e-05	0.113637229444	2.87633346495e-08	1.20954446166e-15	0.000667251942063	0.0928563834848	0.00232588754721	0.0206243828675	1.04495671307e-07
UP00117_1_Hoxd11_3873.1	0.999999999949	0.999999999983	0.999998142198	0.98551931661	0.999999999988	1.0	0.99999999822	1.0	0.999973464113	0.996722851109	0.999967777041	0.99999949047	0.999941381428
