DB 2 MOTIF	MA0676.1	Nr2e1
 -20.5	0
 -19.5	0
 -18.5	0
 -17.5	0
 -16.5	0
 -15.5	0
 -14.5	0
 -13.5	0
 -12.5	0
 -11.5	1
 -10.5	0
  -9.5	1
  -8.5	0
  -7.5	1
  -6.5	1
  -5.5	0
  -4.5	0
  -3.5	0
  -2.5	2
  -1.5	1
  -0.5	0
   0.5	1
   1.5	1
   2.5	1
   3.5	1
   4.5	0
   5.5	2
   6.5	0
   7.5	0
   8.5	2
   9.5	1
  10.5	0
  11.5	1
  12.5	0
  13.5	0
  14.5	0
  15.5	0
  16.5	0
  17.5	0
  18.5	1
  19.5	0
  20.5	0
DB 2 MOTIF	MA0754.1	CUX1
 -20.0	0
 -19.0	0
 -18.0	0
 -17.0	0
 -16.0	0
 -15.0	0
 -14.0	0
 -13.0	0
 -12.0	0
 -11.0	0
 -10.0	0
  -9.0	0
  -8.0	0
  -7.0	0
  -6.0	0
  -5.0	0
  -4.0	0
  -3.0	0
  -2.0	0
  -1.0	1
   0.0	2
   1.0	1
   2.0	0
   3.0	0
   4.0	0
   5.0	0
   6.0	1
   7.0	0
   8.0	0
   9.0	0
  10.0	0
  11.0	0
  12.0	0
  13.0	0
  14.0	0
  15.0	0
  16.0	1
  17.0	0
  18.0	0
  19.0	0
  20.0	0
DB 2 MOTIF	MA0755.1	CUX2
 -20.0	0
 -19.0	0
 -18.0	0
 -17.0	0
 -16.0	0
 -15.0	0
 -14.0	0
 -13.0	0
 -12.0	0
 -11.0	0
 -10.0	0
  -9.0	0
  -8.0	0
  -7.0	0
  -6.0	0
  -5.0	0
  -4.0	0
  -3.0	0
  -2.0	0
  -1.0	1
   0.0	1
   1.0	2
   2.0	0
   3.0	0
   4.0	0
   5.0	0
   6.0	1
   7.0	0
   8.0	0
   9.0	0
  10.0	0
  11.0	0
  12.0	0
  13.0	0
  14.0	0
  15.0	0
  16.0	1
  17.0	0
  18.0	0
  19.0	0
  20.0	0
