with_clust2_NFKB1
0.318936877076
0.318936877076
0.0299003322259
0.0132890365449
0.0132890365449
0.0132890365449
0.0299003322259
0.00332225913621
0.00996677740864
0.159468438538
0.159468438538
0.451827242525
0.0166112956811
0.0199335548173
0.0232558139535
0.00664451827243
0.265780730897
0.196013289037
0.119601328904
0.0132890365449
0.00664451827243
0.00664451827243
0.0166112956811
0.0
0.00332225913621
0.00996677740864
0.00996677740864
0.00664451827243
0.0
0.00332225913621
0.00332225913621
0.0
0.0166112956811
0.0
0.0
0.00664451827243
0.00664451827243
0.00664451827243
0.00332225913621
0.0
0.00664451827243
0.119601328904
0.119601328904
0.132890365449
0.142857142857
0.408637873754
0.0398671096346
0.00996677740864
0.199335548173
0.205980066445
0.00996677740864
0.0
0.0232558139535
0.0166112956811
0.00664451827243
0.112956810631
0.0166112956811
0.0166112956811
0.0199335548173
0.0
0.00996677740864
0.00332225913621
0.00996677740864
0.00332225913621
0.0664451827243
0.0166112956811
0.00332225913621
0.0265780730897
0.00996677740864
0.418604651163
0.418604651163
0.00996677740864
0.0963455149502
0.0963455149502
0.225913621262
0.229235880399
0.0
0.0
0.0
0.0
0.0
0.0
0.00664451827243
0.00332225913621
0.0132890365449
0.00996677740864
0.00332225913621
0.136212624585
0.109634551495
0.0398671096346
0.00332225913621
0.00332225913621
0.00664451827243
0.126245847176
0.0132890365449
0.00996677740864
0.0132890365449
0.0132890365449
0.00664451827243
0.0199335548173
0.00332225913621
0.179401993355
0.126245847176
0.093023255814
0.093023255814
0.0
0.0
0.00332225913621
0.00996677740864
0.00332225913621
0.0
0.0
0.0
0.00664451827243
0.272425249169
0.00664451827243
0.00332225913621
0.00664451827243
0.00996677740864
0.00996677740864
0.00664451827243
0.00664451827243
0.0
0.0166112956811
0.00996677740864
0.0166112956811
0.455149501661
0.302325581395
0.106312292359
0.126245847176
0.714285714286
0.00332225913621
0.00332225913621
0.272425249169
0.262458471761
0.176079734219
0.21926910299
0.00664451827243
0.136212624585
0.126245847176
0.0
0.0
0.0
0.00332225913621
0.00332225913621
0.14950166113
0.0
0.00332225913621
0.00996677740864
0.00664451827243
0.212624584718
0.119601328904
0.215946843854
0.269102990033
0.169435215947
0.0531561461794
0.00996677740864
0.0
0.558139534884
0.046511627907
0.0232558139535
0.00664451827243
0.00996677740864
0.0332225913621
0.0132890365449
0.0299003322259
0.68438538206
0.0199335548173
0.0199335548173
0.00332225913621
0.372093023256
0.0232558139535
0.0431893687708
0.00664451827243
0.00996677740864
0.00996677740864
0.00996677740864
0.0132890365449
0.046511627907
0.0199335548173
0.0166112956811
0.0730897009967
0.159468438538
0.159468438538
0.00996677740864
0.00332225913621
0.275747508306
0.0
0.0299003322259
0.0199335548173
0.00664451827243
0.00664451827243
0.00664451827243
0.00664451827243
0.00332225913621
0.00332225913621
0.00996677740864
0.0
0.00664451827243
0.0
0.00664451827243
0.00332225913621
0.00332225913621
0.00996677740864
0.0
0.405315614618
0.00664451827243
0.00664451827243
0.00332225913621
0.0996677740864
0.0
0.0
0.00332225913621
0.00332225913621
0.0
0.00332225913621
0.272425249169
0.159468438538
0.209302325581
0.318936877076
0.24584717608
0.205980066445
0.00332225913621
0.00332225913621
0.152823920266
0.00996677740864
0.00996677740864
0.305647840532
0.00996677740864
0.00332225913621
0.00332225913621
0.0132890365449
0.0
0.0
0.0
0.0166112956811
0.0166112956811
0.00664451827243
0.0
0.00664451827243
0.0
0.00332225913621
0.0265780730897
0.478405315615
0.0
0.0365448504983
0.0764119601329
0.395348837209
0.00332225913621
0.00664451827243
0.00664451827243
0.00996677740864
0.00996677740864
0.0730897009967
0.0
0.182724252492
0.176079734219
0.112956810631
0.0
0.0
0.00332225913621
0.0
0.00664451827243
0.0
0.182724252492
0.0
0.00996677740864
0.00332225913621
0.00332225913621
0.196013289037
0.152823920266
0.00996677740864
0.0199335548173
0.093023255814
0.093023255814
0.093023255814
0.112956810631
0.0265780730897
0.259136212625
0.259136212625
0.063122923588
0.225913621262
0.504983388704
0.00996677740864
0.102990033223
0.0332225913621
0.00996677740864
0.00332225913621
0.0
0.0199335548173
0.0
0.14950166113
0.182724252492
0.182724252492
0.0199335548173
0.445182724252
0.0365448504983
0.0199335548173
0.00664451827243
0.0132890365449
0.00664451827243
0.0132890365449
0.00332225913621
0.00332225913621
0.0199335548173
0.00332225913621
0.00332225913621
0.00996677740864
0.0730897009967
0.0730897009967
0.431893687708
0.335548172757
0.14950166113
0.0299003322259
0.0
0.119601328904
0.199335548173
0.0
0.00332225913621
0.00332225913621
0.0132890365449
0.0
0.0
0.00996677740864
0.00996677740864
0.00664451827243
0.093023255814
0.093023255814
0.0232558139535
0.00332225913621
0.0365448504983
0.455149501661
0.0
0.00996677740864
0.222591362126
0.448504983389
0.448504983389
0.00996677740864
0.00996677740864
0.0132890365449
0.00664451827243
0.0166112956811
0.0199335548173
0.0
0.0265780730897
0.262458471761
0.132890365449
0.813953488372
0.0797342192691
0.00664451827243
0.0
0.00332225913621
0.591362126246
0.12292358804
0.225913621262
0.00332225913621
0.0
0.00664451827243
0.0
0.0132890365449
0.00996677740864
0.0232558139535
0.0232558139535
0.126245847176
0.00664451827243
0.0166112956811
0.0166112956811
0.00664451827243
0.00996677740864
0.0830564784053
0.00332225913621
0.225913621262
0.305647840532
0.00664451827243
0.169435215947
0.00664451827243
0.0199335548173
0.249169435216
0.249169435216
0.139534883721
0.0166112956811
0.126245847176
0.129568106312
0.215946843854
0.0
0.0166112956811
0.0132890365449
0.0199335548173
0.0132890365449
0.00664451827243
0.00664451827243
0.0132890365449
0.00996677740864
0.538205980066
0.00332225913621
0.146179401993
0.166112956811
0.215946843854
0.0
0.0598006644518
0.428571428571
0.232558139535
0.0398671096346
0.189368770764
0.262458471761
0.328903654485
0.109634551495
0.0764119601329
0.0332225913621
0.0
0.00332225913621
0.0199335548173
0.0
0.421926910299
0.00664451827243
0.0
0.0
0.0232558139535
0.0
0.0
0.0232558139535
0.00664451827243
0.0132890365449
0.00996677740864
0.00332225913621
0.00332225913621
0.00332225913621
0.00664451827243
0.225913621262
0.0166112956811
0.0299003322259
0.0265780730897
0.0199335548173
0.00996677740864
0.139534883721
0.139534883721
0.428571428571
0.169435215947
0.697674418605
0.704318936877
0.0365448504983
0.0166112956811
0.00996677740864
0.00332225913621
0.0199335548173
0.0
0.0132890365449
0.182724252492
0.196013289037
0.202657807309
0.0365448504983
0.0963455149502
0.102990033223
0.0830564784053
0.0797342192691
0.0797342192691
0.14950166113
0.14950166113
0.0299003322259
0.0232558139535
0.0265780730897
0.0531561461794
0.0232558139535
0.00996677740864
0.00996677740864
0.00996677740864
0.00996677740864
0.252491694352
0.202657807309
0.225913621262
0.0265780730897
0.0
0.843853820598
0.843853820598
0.720930232558
0.674418604651
0.46511627907
0.189368770764
0.1926910299
0.504983388704
0.504983388704
0.169435215947
0.0
0.0
0.0166112956811
0.00332225913621
0.046511627907
0.046511627907
0.448504983389
0.0
0.0
0.0232558139535
0.0232558139535
0.0199335548173
0.00332225913621
0.0166112956811
0.0498338870432
0.0431893687708
0.0166112956811
0.0
0.0
0.0
0.0
0.0132890365449
0.00664451827243
0.102990033223
0.0299003322259
0.0332225913621
0.0897009966777
0.00332225913621
0.0
0.00664451827243
0.0
0.00996677740864
0.172757475083
0.00664451827243
0.046511627907
0.0797342192691
0.325581395349
0.328903654485
0.0132890365449
0.0498338870432
0.0365448504983
0.0730897009967
0.00332225913621
0.00996677740864
0.14950166113
0.14950166113
0.0166112956811
0.0166112956811
0.00664451827243
0.00996677740864
0.0132890365449
0.0132890365449
0.0132890365449
0.136212624585
