with_clust1_NFKB1
0.0166112956811
0.215946843854
0.328903654485
0.0431893687708
0.0132890365449
0.00332225913621
0.00332225913621
0.0132890365449
0.00664451827243
0.00664451827243
0.0
0.00664451827243
0.00332225913621
0.0697674418605
0.00996677740864
0.106312292359
0.00996677740864
0.0
0.116279069767
0.139534883721
0.00664451827243
0.0199335548173
0.405315614618
0.0232558139535
0.269102990033
0.169435215947
0.0199335548173
0.292358803987
0.00332225913621
0.00332225913621
0.0132890365449
0.00332225913621
0.0
0.00664451827243
0.0431893687708
0.00332225913621
0.0
0.0
0.00996677740864
0.00996677740864
0.0
0.0132890365449
0.0
0.202657807309
0.508305647841
0.508305647841
0.106312292359
0.00332225913621
0.0166112956811
0.1926910299
0.0
0.00996677740864
0.00664451827243
0.00332225913621
0.00332225913621
0.00664451827243
0.0132890365449
0.00664451827243
0.172757475083
0.0132890365449
0.00996677740864
0.00664451827243
0.00664451827243
0.00332225913621
0.0199335548173
0.00664451827243
0.00332225913621
0.0
0.0
0.119601328904
0.146179401993
0.405315614618
0.0
0.0498338870432
0.00332225913621
0.78073089701
0.112956810631
0.106312292359
0.0132890365449
0.0
0.0
0.418604651163
0.418604651163
0.0332225913621
0.0166112956811
0.00664451827243
0.0
0.0
0.00332225913621
0.00664451827243
0.558139534884
0.0830564784053
0.0830564784053
0.0564784053156
0.0
0.0199335548173
0.890365448505
0.617940199336
0.182724252492
0.186046511628
0.00664451827243
0.00664451827243
0.0
0.0
0.0132890365449
0.0132890365449
0.0531561461794
0.475083056478
0.322259136213
0.279069767442
0.00332225913621
0.282392026578
0.272425249169
0.0132890365449
0.00332225913621
0.0265780730897
0.0
0.282392026578
0.196013289037
0.0697674418605
0.0664451827243
0.0
0.00664451827243
0.0
0.0132890365449
0.00332225913621
0.0199335548173
0.0
0.93023255814
0.00996677740864
0.00332225913621
0.00996677740864
0.00332225913621
0.0132890365449
0.681063122924
0.00996677740864
0.478405315615
0.00996677740864
0.00996677740864
0.0
0.0
0.0
0.0166112956811
0.591362126246
0.00332225913621
0.0498338870432
0.00664451827243
0.0697674418605
0.0697674418605
0.0
0.00996677740864
0.00332225913621
0.0166112956811
0.0
0.00332225913621
0.0398671096346
0.00332225913621
0.0199335548173
0.0232558139535
0.179401993355
0.00996677740864
0.176079734219
0.00664451827243
0.00996677740864
0.129568106312
0.129568106312
0.242524916944
0.0232558139535
0.0132890365449
0.00996677740864
0.00996677740864
0.0398671096346
0.00664451827243
0.222591362126
0.00332225913621
0.471760797342
0.471760797342
0.0
0.518272425249
0.428571428571
0.431893687708
0.162790697674
0.0
0.441860465116
0.0
0.0
0.0166112956811
0.00332225913621
0.00664451827243
0.0830564784053
0.00332225913621
0.00332225913621
0.0166112956811
0.0166112956811
0.126245847176
0.00332225913621
0.0
0.0
0.00664451827243
0.0
0.00332225913621
0.498338870432
0.498338870432
0.511627906977
0.78073089701
0.794019933555
0.00332225913621
0.176079734219
0.0
0.146179401993
0.0132890365449
0.00996677740864
0.0166112956811
0.0166112956811
0.0166112956811
0.239202657807
0.0863787375415
0.146179401993
0.063122923588
0.0199335548173
0.0199335548173
0.00332225913621
0.0232558139535
0.0232558139535
0.0
0.0166112956811
0.162790697674
0.225913621262
0.0132890365449
0.0199335548173
0.116279069767
0.322259136213
0.00664451827243
0.0
0.00664451827243
0.00996677740864
0.00332225913621
0.0797342192691
0.0265780730897
0.0365448504983
0.0
0.00332225913621
0.00332225913621
0.0863787375415
0.152823920266
0.162790697674
0.116279069767
0.215946843854
0.00332225913621
0.00332225913621
0.0299003322259
0.00664451827243
0.0132890365449
0.0166112956811
0.00332225913621
0.0199335548173
0.0166112956811
0.0199335548173
0.0
0.00332225913621
0.0365448504983
0.0365448504983
0.00664451827243
0.00664451827243
0.136212624585
0.00332225913621
0.132890365449
0.00996677740864
0.0
0.571428571429
0.571428571429
0.176079734219
0.00664451827243
0.00664451827243
0.511627906977
0.225913621262
0.0
0.0
0.0
0.0
0.0
0.0
0.0166112956811
0.259136212625
0.00664451827243
0.00664451827243
0.00332225913621
0.0232558139535
0.00996677740864
0.0
0.00996677740864
0.0166112956811
0.189368770764
0.0265780730897
0.00332225913621
0.265780730897
0.0365448504983
0.0
0.0365448504983
0.00996677740864
0.00664451827243
0.0232558139535
0.0
0.136212624585
0.365448504983
0.485049833887
0.31561461794
0.0332225913621
0.528239202658
0.382059800664
0.046511627907
0.0
0.176079734219
0.00332225913621
0.186046511628
0.0332225913621
0.00664451827243
0.252491694352
0.0132890365449
0.0132890365449
0.0
0.162790697674
0.146179401993
0.435215946844
0.435215946844
0.279069767442
0.451827242525
0.365448504983
0.0199335548173
0.169435215947
0.046511627907
0.136212624585
0.0132890365449
0.0332225913621
0.0764119601329
0.186046511628
0.0232558139535
0.00664451827243
0.0166112956811
0.00332225913621
0.00332225913621
0.00664451827243
0.00664451827243
0.0166112956811
0.00664451827243
0.00332225913621
0.0265780730897
0.0299003322259
0.0265780730897
0.0132890365449
0.0166112956811
0.0
0.0232558139535
0.0132890365449
0.00996677740864
0.00664451827243
0.0
0.0
0.461794019934
0.0830564784053
1.05647840532
1.05647840532
0.458471760797
0.295681063123
0.0730897009967
0.00332225913621
0.0132890365449
0.362126245847
0.1926910299
0.1926910299
0.0365448504983
0.0996677740864
0.41196013289
0.00664451827243
0.00664451827243
0.00332225913621
0.152823920266
0.00332225913621
0.129568106312
0.00664451827243
0.00664451827243
0.00996677740864
0.0132890365449
0.112956810631
0.00996677740864
0.0166112956811
0.0166112956811
0.00332225913621
0.00332225913621
0.0299003322259
0.481727574751
0.0132890365449
0.00996677740864
0.0
0.0
0.00332225913621
0.00664451827243
0.00664451827243
0.0199335548173
0.00996677740864
0.00996677740864
0.0265780730897
0.0265780730897
0.00332225913621
0.00332225913621
0.285714285714
0.514950166113
0.0498338870432
0.00332225913621
0.00332225913621
0.299003322259
0.0
0.0531561461794
0.269102990033
0.418604651163
0.262458471761
0.0265780730897
0.0431893687708
0.0365448504983
0.0232558139535
0.00996677740864
0.0166112956811
0.803986710963
0.00996677740864
0.179401993355
0.179401993355
