wo_clust1_NFKB1
0.0863787375415
0.0265780730897
0.0166112956811
0.0232558139535
0.0166112956811
0.00996677740864
0.00996677740864
0.00332225913621
0.0
0.00332225913621
0.0
0.142857142857
0.116279069767
0.186046511628
0.382059800664
0.392026578073
0.46511627907
0.00996677740864
0.00996677740864
0.0
0.00664451827243
0.0166112956811
0.312292358804
0.0232558139535
0.0232558139535
0.00664451827243
0.0132890365449
0.116279069767
0.00664451827243
0.0
0.0
0.142857142857
0.0265780730897
0.0232558139535
0.0132890365449
0.172757475083
0.00664451827243
0.172757475083
0.169435215947
0.0265780730897
0.00332225913621
0.00332225913621
0.0
0.209302325581
0.0232558139535
0.0
0.159468438538
0.0
0.00332225913621
0.0
0.00332225913621
0.0299003322259
0.00664451827243
0.0332225913621
0.136212624585
0.142857142857
0.0199335548173
0.0
0.00332225913621
0.00996677740864
0.106312292359
0.0199335548173
0.152823920266
0.0
0.0
0.00332225913621
0.0166112956811
0.0132890365449
0.0
0.0
0.0
0.00996677740864
0.0498338870432
0.0897009966777
0.00664451827243
0.0
0.00332225913621
0.00332225913621
0.00332225913621
0.00664451827243
0.00996677740864
0.0132890365449
0.0963455149502
0.0332225913621
0.1926910299
0.00332225913621
0.00664451827243
0.00332225913621
0.338870431894
0.00332225913621
0.0166112956811
0.00332225913621
0.169435215947
0.00664451827243
0.00664451827243
0.00332225913621
0.00664451827243
0.00664451827243
0.00996677740864
0.0
0.116279069767
0.196013289037
0.0132890365449
0.0398671096346
0.0
0.00664451827243
0.00996677740864
0.00332225913621
0.0
0.205980066445
0.0199335548173
0.661129568106
0.00332225913621
0.0697674418605
0.0664451827243
0.00996677740864
0.0
0.0
0.00664451827243
0.00332225913621
0.00664451827243
0.00996677740864
0.00332225913621
0.00332225913621
0.00996677740864
0.00332225913621
0.00664451827243
0.0299003322259
0.00332225913621
0.0
0.0
0.102990033223
0.00996677740864
0.00332225913621
0.00996677740864
0.00332225913621
0.0232558139535
0.00664451827243
0.00996677740864
0.00996677740864
0.0531561461794
0.0
0.0132890365449
0.0365448504983
0.0365448504983
0.0
0.00664451827243
0.00664451827243
0.0
0.0
0.0
0.0332225913621
0.00664451827243
0.166112956811
0.00996677740864
0.00332225913621
0.0
0.00332225913621
0.0132890365449
0.0
0.00332225913621
0.00996677740864
0.0132890365449
0.0
0.00332225913621
0.0
0.0132890365449
0.0498338870432
0.0
0.0132890365449
0.501661129568
0.0
0.0132890365449
0.00332225913621
0.112956810631
0.0299003322259
0.00996677740864
0.00332225913621
0.00664451827243
0.00332225913621
0.0963455149502
0.0199335548173
0.0
0.0166112956811
0.0166112956811
0.0
0.0232558139535
0.0
0.0132890365449
0.0232558139535
0.292358803987
0.00664451827243
0.0
0.478405315615
0.00332225913621
0.00996677740864
0.0265780730897
0.0863787375415
0.00996677740864
0.0
0.0132890365449
0.0132890365449
0.00332225913621
0.202657807309
0.0265780730897
0.00996677740864
0.00996677740864
0.00664451827243
0.00996677740864
0.262458471761
0.0
0.00664451827243
0.0996677740864
0.0132890365449
0.00664451827243
0.46511627907
0.0132890365449
0.00996677740864
0.0232558139535
0.152823920266
0.0897009966777
0.0132890365449
0.00332225913621
0.0166112956811
0.00664451827243
0.00664451827243
0.00664451827243
0.00664451827243
0.00332225913621
0.0232558139535
0.00664451827243
0.0
0.00332225913621
0.00332225913621
0.0
0.0232558139535
0.00332225913621
0.00664451827243
0.00996677740864
0.0
0.00664451827243
0.0
0.0
0.00996677740864
0.0
0.00664451827243
0.00332225913621
0.0166112956811
0.0398671096346
0.00664451827243
0.00664451827243
0.0299003322259
0.0232558139535
0.00996677740864
0.0166112956811
0.00664451827243
0.0
0.00332225913621
0.00664451827243
0.00996677740864
0.0398671096346
0.322259136213
0.31561461794
0.00664451827243
0.00664451827243
0.00996677740864
0.441860465116
0.225913621262
0.00664451827243
0.102990033223
0.0
0.00332225913621
0.00332225913621
0.0
0.0
0.0
0.00332225913621
0.00996677740864
0.00332225913621
0.00664451827243
0.0132890365449
0.0132890365449
0.00332225913621
0.0132890365449
0.0
0.0
0.00664451827243
0.322259136213
0.0132890365449
0.00332225913621
0.00332225913621
0.00664451827243
1.06644518272
0.518272425249
0.0299003322259
0.0166112956811
0.0
0.14950166113
0.0199335548173
0.0132890365449
0.119601328904
0.0232558139535
0.0863787375415
0.0166112956811
0.00996677740864
0.0697674418605
0.00332225913621
0.00332225913621
0.00996677740864
0.00664451827243
0.0
0.00664451827243
0.00332225913621
0.0265780730897
0.00664451827243
0.136212624585
0.00332225913621
0.0166112956811
0.046511627907
0.0963455149502
0.0365448504983
0.0132890365449
0.102990033223
0.0199335548173
0.00332225913621
0.0265780730897
0.0166112956811
0.00332225913621
0.119601328904
0.119601328904
0.0498338870432
0.252491694352
0.843853820598
0.00996677740864
0.189368770764
0.12292358804
0.00664451827243
0.00996677740864
0.0232558139535
0.0498338870432
0.00664451827243
0.00664451827243
0.00664451827243
0.1926910299
0.0
0.0
0.0199335548173
0.0132890365449
0.0
0.00332225913621
0.00664451827243
0.0
0.00332225913621
0.00664451827243
0.00664451827243
0.0
