wo_clust4_NFKB1
0.00332225913621
0.0132890365449
0.0730897009967
0.0730897009967
0.00996677740864
0.0431893687708
0.00996677740864
0.00996677740864
0.0199335548173
0.0199335548173
0.0299003322259
0.0299003322259
0.0
0.0
0.0730897009967
0.0199335548173
0.0232558139535
0.0365448504983
0.471760797342
0.00996677740864
0.00332225913621
0.0132890365449
0.0
0.269102990033
0.0132890365449
0.00332225913621
0.0232558139535
0.00332225913621
0.00332225913621
0.0166112956811
0.00332225913621
0.00332225913621
0.00332225913621
0.299003322259
0.392026578073
0.355481727575
0.0132890365449
0.265780730897
0.0332225913621
0.166112956811
0.00996677740864
0.00996677740864
0.00996677740864
0.00664451827243
0.00996677740864
0.139534883721
0.0
0.0
0.00996677740864
0.063122923588
0.0166112956811
0.00664451827243
0.0
0.0
0.00996677740864
0.0
0.00664451827243
0.00332225913621
0.00332225913621
0.00332225913621
0.0166112956811
0.395348837209
0.451827242525
0.00332225913621
0.21926910299
0.0
0.00664451827243
0.0132890365449
0.00332225913621
0.00332225913621
0.00996677740864
0.00996677740864
0.00332225913621
0.00996677740864
0.182724252492
0.146179401993
0.0
0.0
0.0232558139535
0.00332225913621
0.109634551495
0.0498338870432
0.00664451827243
0.0132890365449
0.0
0.0
0.0
0.295681063123
0.162790697674
0.0132890365449
0.0199335548173
0.0166112956811
0.00332225913621
0.00332225913621
0.00332225913621
0.00332225913621
0.00332225913621
0.00332225913621
0.109634551495
0.00996677740864
0.00996677740864
0.0265780730897
0.0265780730897
0.00664451827243
0.00996677740864
0.00664451827243
0.0265780730897
0.00332225913621
0.0166112956811
0.0332225913621
0.0166112956811
0.00664451827243
0.00996677740864
0.0
0.00332225913621
0.0
0.295681063123
0.00996677740864
0.0132890365449
0.0199335548173
0.169435215947
0.00664451827243
0.00664451827243
0.00664451827243
0.00332225913621
0.00332225913621
0.00664451827243
0.00664451827243
0.00332225913621
0.00332225913621
0.146179401993
0.00332225913621
0.00332225913621
0.00332225913621
0.00332225913621
0.0
0.00332225913621
0.0365448504983
0.00664451827243
0.0
0.00664451827243
0.00332225913621
0.00996677740864
0.0132890365449
0.0199335548173
0.093023255814
0.00664451827243
0.252491694352
0.00664451827243
0.00996677740864
0.00332225913621
0.00664451827243
0.00664451827243
0.00996677740864
0.0166112956811
0.00332225913621
0.00332225913621
0.0166112956811
0.41196013289
0.0265780730897
0.172757475083
0.0299003322259
0.0
0.00332225913621
0.00664451827243
0.0166112956811
0.00664451827243
0.00996677740864
0.00664451827243
0.00996677740864
0.00332225913621
0.00332225913621
0.0299003322259
0.0299003322259
0.00664451827243
0.0
0.00664451827243
0.348837209302
0.00664451827243
0.162790697674
0.0132890365449
0.00664451827243
0.189368770764
0.0
0.734219269103
0.388704318937
0.0299003322259
0.299003322259
0.112956810631
0.00996677740864
0.00996677740864
0.31561461794
0.00664451827243
0.00664451827243
0.0
0.348837209302
0.00664451827243
0.0332225913621
0.0166112956811
0.0166112956811
0.0199335548173
0.00332225913621
0.0232558139535
0.0132890365449
0.00332225913621
0.0
0.00332225913621
0.0
0.0
0.129568106312
0.259136212625
0.345514950166
0.584717607973
0.0
0.0431893687708
0.0199335548173
0.0
0.0
0.00332225913621
0.00332225913621
0.0897009966777
0.00332225913621
0.146179401993
0.0398671096346
0.0132890365449
0.0232558139535
0.0232558139535
0.00332225913621
0.00664451827243
0.00996677740864
0.0
0.0166112956811
0.00664451827243
0.0
0.0132890365449
0.00996677740864
0.00996677740864
0.34219269103
0.00664451827243
0.00332225913621
0.275747508306
0.252491694352
0.840531561462
0.292358803987
0.415282392027
0.00664451827243
0.00332225913621
0.0
0.0
0.504983388704
0.0
0.00664451827243
0.00332225913621
0.0
0.00332225913621
0.00996677740864
0.00664451827243
0.00664451827243
0.0365448504983
0.0365448504983
0.322259136213
0.00332225913621
0.0265780730897
0.00996677740864
0.00664451827243
0.0
0.00664451827243
0.388704318937
0.0
0.00664451827243
0.00332225913621
0.0166112956811
0.0232558139535
0.00332225913621
0.00664451827243
0.00664451827243
1.21262458472
0.14950166113
0.0598006644518
0.0166112956811
0.0132890365449
0.0
0.0
0.0
0.00664451827243
0.292358803987
0.0166112956811
0.0332225913621
0.00332225913621
0.129568106312
0.00332225913621
0.571428571429
0.00664451827243
0.202657807309
0.345514950166
0.0
0.0132890365449
0.0132890365449
0.00664451827243
0.00664451827243
0.00664451827243
0.00332225913621
0.0232558139535
0.0132890365449
0.0132890365449
0.136212624585
0.00332225913621
0.0
0.00332225913621
0.00332225913621
0.00664451827243
0.0
0.186046511628
0.0166112956811
0.0
0.00332225913621
0.00996677740864
0.00996677740864
0.312292358804
0.0166112956811
0.00332225913621
0.0132890365449
0.269102990033
0.00664451827243
0.179401993355
0.0
0.0
0.0
0.00332225913621
0.0166112956811
0.00996677740864
0.00332225913621
0.00332225913621
0.0
0.0132890365449
0.0132890365449
0.0166112956811
0.00664451827243
0.00664451827243
0.0166112956811
0.109634551495
0.00332225913621
0.0664451827243
0.0
0.0365448504983
0.0132890365449
0.0232558139535
0.282392026578
0.0531561461794
0.0232558139535
0.166112956811
0.166112956811
0.279069767442
0.0
0.00996677740864
0.00332225913621
0.0132890365449
0.0
0.00664451827243
0.00332225913621
0.68438538206
0.00664451827243
0.272425249169
0.272425249169
0.00332225913621
0.0166112956811
0.00332225913621
0.0
0.0132890365449
0.00332225913621
0.00996677740864
0.00996677740864
0.0
0.0
0.00332225913621
0.00332225913621
0.00664451827243
0.275747508306
0.00332225913621
0.129568106312
0.0132890365449
0.0132890365449
0.129568106312
0.129568106312
0.0365448504983
0.00332225913621
0.00996677740864
0.0299003322259
0.325581395349
0.362126245847
0.0
0.00332225913621
0.0
0.0132890365449
0.584717607973
0.00332225913621
0.00996677740864
0.00332225913621
0.295681063123
0.0199335548173
0.00332225913621
0.328903654485
0.279069767442
0.0132890365449
0.169435215947
0.0
0.0
0.00332225913621
0.00332225913621
0.0
0.00664451827243
0.00332225913621
0.00664451827243
0.00664451827243
0.0265780730897
0.00332225913621
0.0132890365449
0.00332225913621
0.0265780730897
0.0265780730897
0.00996677740864
0.00996677740864
0.0166112956811
0.00664451827243
0.0265780730897
0.00664451827243
0.102990033223
0.0199335548173
0.0166112956811
0.0
0.0
0.0132890365449
0.00332225913621
0.0132890365449
0.159468438538
0.00996677740864
0.00996677740864
0.00664451827243
0.0132890365449
0.00996677740864
0.43853820598
0.415282392027
0.0166112956811
0.0132890365449
0.00332225913621
0.00996677740864
0.00664451827243
0.189368770764
0.00996677740864
0.0
0.00332225913621
0.152823920266
0.209302325581
0.176079734219
0.0299003322259
0.0132890365449
0.0199335548173
0.0332225913621
0.00664451827243
0.0132890365449
0.0
0.0232558139535
0.116279069767
0.0
0.0199335548173
0.0996677740864
0.0996677740864
0.0166112956811
0.00332225913621
0.00332225913621
0.00664451827243
0.0199335548173
0.365448504983
0.00664451827243
0.00664451827243
0.00664451827243
0.00664451827243
0.0
0.0
0.00664451827243
0.0199335548173
0.0199335548173
0.239202657807
0.00996677740864
0.00996677740864
0.0166112956811
0.12292358804
0.41196013289
0.571428571429
0.00996677740864
0.0232558139535
0.196013289037
0.362126245847
0.00664451827243
0.00664451827243
0.0332225913621
0.00332225913621
0.00664451827243
0.00664451827243
0.0132890365449
0.262458471761
0.252491694352
0.00996677740864
0.0963455149502
0.255813953488
0.21926910299
0.00664451827243
0.00664451827243
0.046511627907
0.0564784053156
0.564784053156
0.591362126246
0.0
0.0
0.0
0.0166112956811
0.00664451827243
0.00664451827243
0.00996677740864
0.0299003322259
0.0132890365449
0.0132890365449
0.0
0.0166112956811
0.0132890365449
0.00996677740864
0.0132890365449
0.0265780730897
0.00332225913621
0.00332225913621
0.0166112956811
0.0166112956811
0.0232558139535
0.730897009967
0.179401993355
0.00664451827243
0.0299003322259
0.0332225913621
0.0
0.00332225913621
0.0996677740864
0.0199335548173
0.00332225913621
0.00664451827243
0.0132890365449
0.302325581395
0.0431893687708
0.0531561461794
0.0
0.00332225913621
0.0265780730897
0.475083056478
0.0132890365449
0.046511627907
0.199335548173
0.199335548173
0.0265780730897
0.0132890365449
0.0
0.00664451827243
0.0132890365449
0.0132890365449
0.0132890365449
0.0132890365449
0.0764119601329
0.00332225913621
0.0132890365449
0.0166112956811
0.0299003322259
0.0299003322259
0.00996677740864
0.00996677740864
0.0299003322259
0.292358803987
0.441860465116
0.00996677740864
0.0232558139535
0.0398671096346
0.0199335548173
0.00664451827243
0.0
0.00664451827243
0.0598006644518
0.0132890365449
0.398671096346
0.159468438538
0.0132890365449
0.00332225913621
0.0232558139535
0.0232558139535
0.0332225913621
0.00664451827243
0.00664451827243
0.0199335548173
0.418604651163
0.0
0.225913621262
0.166112956811
0.00996677740864
0.897009966777
0.0
0.00332225913621
0.00332225913621
0.0232558139535
0.00332225913621
0.136212624585
0.0132890365449
0.00664451827243
0.00664451827243
0.0
0.00332225913621
0.0
0.00996677740864
0.0199335548173
0.0166112956811
0.063122923588
0.0166112956811
0.538205980066
0.0299003322259
0.0
0.0132890365449
0.00332225913621
0.0431893687708
0.332225913621
0.046511627907
0.0132890365449
0.00996677740864
0.00664451827243
0.388704318937
0.385382059801
0.00664451827243
0.00332225913621
0.0
0.0
0.0
0.00996677740864
0.0
0.0199335548173
0.00664451827243
0.00664451827243
0.0332225913621
0.00332225913621
0.0199335548173
0.0232558139535
0.00664451827243
0.00664451827243
0.0299003322259
0.0564784053156
0.0564784053156
0.78073089701
0.00664451827243
0.0299003322259
0.634551495017
0.0332225913621
0.0531561461794
0.0332225913621
0.428571428571
0.00664451827243
0.00332225913621
0.0232558139535
0.0
0.00332225913621
0.00996677740864
0.0166112956811
1.08305647841
0.0132890365449
0.176079734219
