wo_clust2_NFKB1
0.0332225913621
0.063122923588
0.00664451827243
0.00664451827243
0.00332225913621
0.00332225913621
0.0
0.0132890365449
0.468438538206
0.0
0.00332225913621
0.0132890365449
0.0
0.0132890365449
0.109634551495
0.182724252492
0.408637873754
0.504983388704
0.0232558139535
0.00996677740864
0.0
0.0598006644518
0.215946843854
0.106312292359
0.116279069767
0.31561461794
0.302325581395
0.0166112956811
0.00664451827243
0.0132890365449
0.116279069767
0.0830564784053
0.00996677740864
0.00664451827243
0.00664451827243
0.0
0.00332225913621
0.0166112956811
0.00996677740864
0.00664451827243
0.00996677740864
0.0
0.00996677740864
0.00332225913621
0.00332225913621
0.00332225913621
0.305647840532
0.00332225913621
0.00332225913621
0.00332225913621
0.0166112956811
0.196013289037
0.00996677740864
0.0
0.146179401993
0.00332225913621
0.0299003322259
0.00332225913621
0.00664451827243
0.202657807309
0.00664451827243
0.0
0.0199335548173
0.0332225913621
0.0332225913621
0.00996677740864
0.00996677740864
0.0764119601329
0.00332225913621
0.00332225913621
0.0166112956811
0.00664451827243
0.102990033223
0.00664451827243
0.00664451827243
0.00996677740864
0.312292358804
0.21926910299
0.0199335548173
0.0
0.0
0.0
0.0
0.0
0.00332225913621
0.0132890365449
0.00996677740864
0.0
0.222591362126
0.0265780730897
0.00332225913621
0.0
0.0199335548173
0.0199335548173
0.0531561461794
0.624584717608
0.142857142857
0.00664451827243
0.146179401993
0.146179401993
0.00332225913621
0.265780730897
0.0199335548173
0.00664451827243
0.00664451827243
0.129568106312
0.196013289037
0.00664451827243
0.0199335548173
0.222591362126
0.00664451827243
0.0564784053156
0.0398671096346
0.00332225913621
0.00664451827243
0.0199335548173
0.00664451827243
0.0132890365449
0.00664451827243
0.225913621262
0.0
0.0166112956811
0.0
0.00332225913621
0.222591362126
0.21926910299
0.0332225913621
0.335548172757
0.0
0.0132890365449
0.00996677740864
0.43853820598
0.43853820598
0.00664451827243
0.0265780730897
0.0
0.00664451827243
0.00664451827243
0.00996677740864
0.215946843854
0.00664451827243
0.00996677740864
0.00996677740864
0.00332225913621
0.1926910299
0.0232558139535
0.0166112956811
0.00332225913621
0.186046511628
0.0830564784053
0.0
0.00332225913621
0.0299003322259
0.00332225913621
0.0
0.0
0.0664451827243
0.0265780730897
0.0
0.0
0.00332225913621
0.156146179402
0.00332225913621
0.00332225913621
0.0232558139535
0.0730897009967
0.0730897009967
0.00996677740864
0.0166112956811
0.00664451827243
0.119601328904
0.624584717608
0.385382059801
0.0265780730897
0.0232558139535
0.136212624585
0.0
0.00996677740864
0.0132890365449
0.00996677740864
0.00996677740864
0.0
0.0365448504983
0.0166112956811
0.0166112956811
0.046511627907
0.0332225913621
0.00664451827243
0.0531561461794
0.189368770764
0.00664451827243
0.0963455149502
0.106312292359
0.0232558139535
0.00332225913621
0.00332225913621
0.00664451827243
0.0265780730897
0.0232558139535
0.142857142857
0.0598006644518
0.0299003322259
0.00996677740864
0.0132890365449
0.531561461794
0.43853820598
0.0166112956811
0.00664451827243
0.0
