wo_clust3_NFKB1
0.00996677740864
0.651162790698
0.0166112956811
0.36877076412
0.0299003322259
0.265780730897
0.255813953488
0.255813953488
0.299003322259
0.0332225913621
0.00996677740864
0.0
0.0265780730897
0.0863787375415
0.00664451827243
0.142857142857
0.00332225913621
0.00332225913621
0.00996677740864
0.0132890365449
0.00996677740864
0.00996677740864
0.14950166113
0.252491694352
0.00996677740864
0.0
0.00332225913621
0.00332225913621
0.116279069767
0.0431893687708
0.00332225913621
0.0166112956811
0.0
0.0
0.00332225913621
0.0132890365449
0.00332225913621
0.0132890365449
0.00664451827243
0.0332225913621
0.00332225913621
0.00332225913621
0.00996677740864
0.0
0.0332225913621
0.0332225913621
0.0730897009967
0.00664451827243
0.0398671096346
0.0232558139535
0.00664451827243
0.00664451827243
0.24584717608
0.0132890365449
0.0
0.0
0.00664451827243
0.0
0.00664451827243
0.0897009966777
0.00664451827243
0.269102990033
0.00332225913621
0.0132890365449
0.0
0.0
0.0166112956811
0.235880398671
0.235880398671
0.00664451827243
0.00664451827243
0.00332225913621
0.00332225913621
0.0132890365449
0.0
0.0
0.00996677740864
0.176079734219
0.0431893687708
0.00332225913621
0.00332225913621
0.0
0.0
0.139534883721
0.0
0.0
0.00332225913621
0.00664451827243
0.0132890365449
0.119601328904
0.00664451827243
0.00664451827243
0.00664451827243
0.00664451827243
0.199335548173
0.199335548173
0.176079734219
0.129568106312
0.0
0.262458471761
0.0
0.0
0.00332225913621
0.0
0.0265780730897
0.0697674418605
0.0764119601329
0.00664451827243
0.0
0.0
0.0
0.0
0.0265780730897
0.299003322259
0.00664451827243
0.0
0.00332225913621
0.00332225913621
0.0963455149502
0.00664451827243
0.142857142857
0.12292358804
0.00996677740864
0.674418604651
0.0299003322259
0.325581395349
0.328903654485
0.00332225913621
0.00332225913621
0.0
0.00332225913621
0.0
0.0
0.0132890365449
0.0132890365449
0.00664451827243
0.0232558139535
0.0166112956811
0.0132890365449
0.00996677740864
0.00664451827243
0.0132890365449
0.737541528239
0.00332225913621
0.00332225913621
0.126245847176
0.0232558139535
0.102990033223
0.00332225913621
0.00664451827243
0.00332225913621
0.0
0.332225913621
0.0166112956811
0.12292358804
0.00664451827243
0.0
0.0
0.00664451827243
0.0166112956811
0.0
0.109634551495
0.109634551495
0.00664451827243
0.358803986711
0.00332225913621
0.0
0.0
0.0132890365449
0.00664451827243
0.00664451827243
0.0299003322259
0.00996677740864
0.0232558139535
0.00664451827243
0.249169435216
0.249169435216
0.249169435216
0.0232558139535
0.00996677740864
0.0
0.0
0.00664451827243
0.00332225913621
0.0
0.0
0.00332225913621
0.146179401993
0.259136212625
0.152823920266
0.00332225913621
0.0199335548173
0.225913621262
0.225913621262
0.00332225913621
0.00332225913621
0.0299003322259
0.00664451827243
0.00664451827243
0.00332225913621
0.0
0.0
0.282392026578
0.00664451827243
0.00664451827243
0.00996677740864
0.12292358804
0.0166112956811
0.126245847176
0.142857142857
0.0132890365449
0.00664451827243
0.0132890365449
0.0332225913621
0.00996677740864
0.325581395349
0.172757475083
0.159468438538
0.0166112956811
0.00996677740864
0.445182724252
0.445182724252
0.28903654485
0.00664451827243
0.541528239203
0.00332225913621
0.362126245847
0.0132890365449
0.0431893687708
0.0431893687708
0.318936877076
0.0
0.0166112956811
0.840531561462
0.0132890365449
0.12292358804
0.00332225913621
0.0199335548173
0.00996677740864
0.00664451827243
0.00664451827243
0.0232558139535
0.405315614618
0.58803986711
0.58803986711
0.00332225913621
0.0166112956811
0.0199335548173
0.0365448504983
0.0365448504983
0.00996677740864
0.0
0.00664451827243
0.0166112956811
0.00332225913621
0.0
0.00664451827243
0.109634551495
0.00664451827243
0.186046511628
0.0232558139535
0.478405315615
0.0332225913621
0.0299003322259
0.0
0.00996677740864
0.0166112956811
0.00332225913621
0.0232558139535
0.00332225913621
0.0232558139535
0.0232558139535
0.0199335548173
0.481727574751
0.136212624585
0.136212624585
0.0265780730897
0.00332225913621
0.00996677740864
0.00332225913621
0.179401993355
0.205980066445
0.00332225913621
0.00664451827243
0.132890365449
0.00332225913621
0.00332225913621
0.0
0.00664451827243
0.205980066445
0.661129568106
0.0332225913621
0.0
0.146179401993
0.00996677740864
0.0132890365449
0.0132890365449
0.00332225913621
0.00332225913621
0.0
0.00332225913621
0.262458471761
0.262458471761
0.265780730897
0.0730897009967
0.0730897009967
0.172757475083
0.109634551495
0.0199335548173
0.0
0.00664451827243
0.0
0.0166112956811
0.112956810631
0.0232558139535
0.0232558139535
0.00332225913621
0.275747508306
0.0132890365449
0.00332225913621
0.00996677740864
0.00332225913621
0.0
0.00332225913621
0.00332225913621
0.00332225913621
0.0431893687708
0.00664451827243
0.292358803987
0.0
0.0232558139535
0.00332225913621
0.00996677740864
0.0398671096346
0.00332225913621
0.00332225913621
0.0166112956811
0.00664451827243
0.441860465116
0.0166112956811
0.119601328904
0.00332225913621
0.00332225913621
0.0166112956811
0.232558139535
0.0299003322259
0.269102990033
0.00996677740864
0.00332225913621
0.14950166113
0.00332225913621
0.0166112956811
0.0166112956811
0.0132890365449
0.0664451827243
0.00664451827243
0.00332225913621
0.0
0.00332225913621
0.0332225913621
0.0166112956811
0.0299003322259
0.00664451827243
0.0166112956811
0.00664451827243
0.0132890365449
0.00996677740864
0.00332225913621
0.0166112956811
0.0
0.408637873754
0.0664451827243
0.00332225913621
0.0232558139535
0.0232558139535
0.0
0.0
0.00996677740864
0.00332225913621
0.0
0.0
0.0199335548173
0.415282392027
0.41196013289
0.0
0.671096345515
0.0
0.00664451827243
0.00664451827243
0.239202657807
0.00996677740864
0.0332225913621
0.0332225913621
0.0199335548173
0.0132890365449
0.136212624585
0.495016611296
0.495016611296
0.0564784053156
0.375415282392
0.00664451827243
0.0166112956811
0.00664451827243
0.0332225913621
0.312292358804
0.00332225913621
0.00664451827243
0.272425249169
0.0265780730897
0.0265780730897
0.00664451827243
0.471760797342
0.00996677740864
0.00996677740864
0.0232558139535
0.0
0.0
0.00332225913621
0.00332225913621
0.00996677740864
0.358803986711
0.00664451827243
0.0
0.00332225913621
0.00332225913621
0.0166112956811
0.136212624585
0.0132890365449
0.00332225913621
0.0132890365449
0.0132890365449
0.0431893687708
0.0431893687708
0.166112956811
0.0664451827243
0.0199335548173
0.00664451827243
0.00664451827243
0.355481727575
0.810631229236
0.0265780730897
0.0232558139535
0.00664451827243
0.0664451827243
0.0166112956811
0.0166112956811
0.0132890365449
0.00332225913621
0.0232558139535
0.0232558139535
0.0166112956811
0.0166112956811
0.00332225913621
0.00664451827243
0.00332225913621
0.00332225913621
0.0199335548173
0.00332225913621
0.0166112956811
0.063122923588
0.0664451827243
0.046511627907
0.34219269103
0.0
