wo_NFKB1
0.0132890365449
0.0963455149502
0.518272425249
0.0830564784053
0.046511627907
0.0332225913621
0.0332225913621
0.0598006644518
0.169435215947
0.0
0.0166112956811
0.00996677740864
0.0431893687708
0.0299003322259
0.0132890365449
0.0132890365449
0.0199335548173
0.651162790698
0.00664451827243
0.53488372093
0.0431893687708
0.0232558139535
0.0199335548173
0.0199335548173
0.0132890365449
0.0232558139535
0.0
0.00664451827243
0.0365448504983
0.0132890365449
0.0132890365449
0.0132890365449
0.0166112956811
0.0199335548173
0.00996677740864
0.0132890365449
0.36877076412
0.0498338870432
0.0
0.063122923588
0.215946843854
0.00664451827243
0.0299003322259
0.0232558139535
0.0132890365449
0.594684385382
0.0
0.0166112956811
0.0166112956811
0.0
0.0
0.00996677740864
0.0166112956811
0.265780730897
0.00332225913621
0.132890365449
0.471760797342
0.0199335548173
0.0
0.0132890365449
0.0166112956811
0.166112956811
0.126245847176
0.00996677740864
0.0199335548173
0.255813953488
0.255813953488
0.299003322259
0.0166112956811
0.126245847176
0.00664451827243
0.146179401993
0.00332225913621
0.00664451827243
0.451827242525
0.0232558139535
0.0132890365449
0.00664451827243
0.00664451827243
0.00332225913621
0.00664451827243
0.0132890365449
0.00332225913621
0.00996677740864
0.0132890365449
0.0132890365449
0.00664451827243
0.00664451827243
0.0
0.00332225913621
0.0132890365449
0.0
0.00664451827243
0.0132890365449
0.0132890365449
0.0132890365449
0.00996677740864
0.0332225913621
0.235880398671
0.282392026578
0.0
0.0
0.00332225913621
0.0132890365449
0.0132890365449
0.0863787375415
0.00664451827243
0.00664451827243
0.142857142857
0.00996677740864
0.0132890365449
0.00332225913621
0.00996677740864
0.00332225913621
0.269102990033
0.0132890365449
0.00664451827243
0.0166112956811
0.129568106312
0.136212624585
0.00332225913621
0.00664451827243
0.00996677740864
0.00332225913621
0.0
0.00332225913621
0.0
0.0
0.00332225913621
0.0166112956811
0.00996677740864
0.0
0.445182724252
0.0199335548173
0.0132890365449
0.00332225913621
0.142857142857
0.116279069767
0.468438538206
0.0265780730897
0.14950166113
0.252491694352
0.0166112956811
0.0132890365449
0.0
0.00664451827243
0.00664451827243
0.00664451827243
0.00332225913621
0.00664451827243
0.0
0.00996677740864
0.0
0.186046511628
0.0
0.0
0.0
0.00332225913621
0.00332225913621
0.00996677740864
0.382059800664
0.392026578073
0.46511627907
0.00332225913621
0.0132890365449
0.0132890365449
0.0132890365449
0.00996677740864
0.00332225913621
0.00332225913621
0.00664451827243
0.116279069767
0.0199335548173
0.0199335548173
0.0232558139535
0.0166112956811
0.0
0.0
0.0
0.0
0.0
0.8073089701
0.56146179402
0.00332225913621
0.00996677740864
0.0
0.0199335548173
0.14950166113
0.299003322259
0.392026578073
0.355481727575
0.00664451827243
0.0132890365449
0.00996677740864
0.00332225913621
0.109634551495
0.312292358804
0.182724252492
0.265780730897
0.0232558139535
0.408637873754
0.166112956811
0.504983388704
0.388704318937
0.425249169435
0.259136212625
0.0963455149502
0.176079734219
0.0
0.0199335548173
0.0863787375415
0.0132890365449
0.00996677740864
0.0398671096346
0.00664451827243
0.142857142857
0.00664451827243
0.0132890365449
0.00332225913621
0.00664451827243
0.0132890365449
0.0132890365449
0.0897009966777
0.00664451827243
0.0199335548173
0.139534883721
0.0166112956811
0.0
0.0132890365449
0.0199335548173
0.0199335548173
0.176079734219
0.00332225913621
0.00332225913621
0.0431893687708
0.00332225913621
0.0
0.00332225913621
0.00332225913621
0.0232558139535
0.00996677740864
0.0
0.0
0.0166112956811
0.00996677740864
0.0996677740864
0.0132890365449
0.00332225913621
0.12292358804
0.0398671096346
0.0398671096346
0.0
0.00996677740864
0.0166112956811
0.00332225913621
0.00332225913621
0.00332225913621
0.0132890365449
0.0
0.0
0.0
0.0
0.00996677740864
0.0
0.00332225913621
0.00996677740864
0.0199335548173
0.0365448504983
0.00664451827243
0.21926910299
0.0166112956811
0.00664451827243
0.00664451827243
0.212624584718
0.0199335548173
0.189368770764
0.106312292359
0.116279069767
0.00996677740864
0.0166112956811
0.0265780730897
0.31561461794
0.302325581395
0.142857142857
0.24584717608
0.0332225913621
0.0132890365449
0.0398671096346
0.0398671096346
0.00996677740864
0.00664451827243
0.0
0.00664451827243
0.182724252492
0.00996677740864
0.00332225913621
0.00996677740864
0.00996677740864
0.395348837209
0.0132890365449
0.00996677740864
0.00664451827243
0.0
0.172757475083
0.00664451827243
0.0
0.451827242525
0.0132890365449
0.0431893687708
0.00996677740864
0.129568106312
0.0132890365449
0.126245847176
0.00664451827243
0.21926910299
0.0332225913621
0.269102990033
0.0
0.0
0.00332225913621
0.0132890365449
0.00332225913621
0.00332225913621
0.00332225913621
0.00664451827243
0.0132890365449
0.00332225913621
0.0
0.0
0.305647840532
0.172757475083
0.169435215947
0.0332225913621
0.00664451827243
0.00332225913621
0.0
0.0132890365449
0.00332225913621
0.0199335548173
0.235880398671
0.235880398671
0.0132890365449
0.00664451827243
0.00332225913621
0.00332225913621
0.0166112956811
0.0365448504983
0.0332225913621
0.00664451827243
0.00996677740864
0.00996677740864
0.790697674419
0.790697674419
0.209302325581
0.00332225913621
0.00332225913621
0.00332225913621
0.00664451827243
0.00996677740864
0.00332225913621
0.00332225913621
0.00664451827243
0.00664451827243
0.00664451827243
0.00664451827243
0.182724252492
0.0
0.0
0.119601328904
0.00996677740864
0.146179401993
0.00996677740864
0.00996677740864
0.00332225913621
0.00332225913621
0.0
0.0
0.0
0.0
0.00332225913621
0.0
0.00332225913621
0.00996677740864
0.00332225913621
0.225913621262
0.109634551495
0.159468438538
0.0
0.00996677740864
0.0
0.0
0.00996677740864
0.00332225913621
0.0166112956811
0.0132890365449
0.00332225913621
0.00996677740864
0.24584717608
0.259136212625
0.0199335548173
0.0
0.00332225913621
0.00664451827243
0.00332225913621
0.00332225913621
0.0299003322259
0.0
0.0
0.0
0.0
0.0
0.0
0.0
0.0
0.0
0.0
0.0
0.0
0.0
0.0
0.0
0.0
0.0
0.0
0.0
0.0
0.0
0.0
0.176079734219
0.295681063123
0.0166112956811
0.358803986711
0.162790697674
0.0199335548173
0.0299003322259
0.0132890365449
0.0132890365449
0.0132890365449
0.0232558139535
1.33554817276
0.139534883721
0.242524916944
0.00664451827243
0.0
0.0
0.0431893687708
0.00332225913621
0.00332225913621
0.00332225913621
0.0
0.0132890365449
0.00332225913621
0.00996677740864
0.00332225913621
0.0
0.0
0.0
0.00332225913621
0.00332225913621
0.0
0.00664451827243
0.00332225913621
0.0199335548173
0.00332225913621
0.0166112956811
0.0
0.0
0.0
0.00996677740864
0.182724252492
0.119601328904
0.0
0.0897009966777
0.0132890365449
0.00664451827243
0.00332225913621
0.0
0.0199335548173
0.0
0.0
0.00996677740864
0.00996677740864
0.00996677740864
0.199335548173
0.199335548173
0.176079734219
0.129568106312
0.0797342192691
0.00664451827243
0.00332225913621
0.0
0.00996677740864
0.262458471761
0.00664451827243
0.0
0.0
0.0
0.0
0.00664451827243
0.116279069767
0.0
0.00332225913621
0.00332225913621
0.0
0.00332225913621
0.0166112956811
0.00664451827243
0.00664451827243
0.0830564784053
0.0132890365449
0.0697674418605
0.222591362126
0.00664451827243
0.0132890365449
0.0697674418605
0.102990033223
0.00664451827243
0.0
0.136212624585
0.142857142857
0.00332225913621
0.0132890365449
0.00332225913621
0.0
0.136212624585
0.00332225913621
0.139534883721
0.0
0.00664451827243
0.00332225913621
0.0166112956811
0.0166112956811
0.0
0.295681063123
0.169435215947
0.169435215947
0.299003322259
0.0
0.0
0.00996677740864
0.00664451827243
0.00664451827243
0.00332225913621
0.0
0.00996677740864
0.00996677740864
0.0132890365449
0.0
0.0
0.00664451827243
0.0
0.00664451827243
0.0
0.0
0.063122923588
0.00996677740864
0.142857142857
0.0
0.0
0.0132890365449
0.0232558139535
0.674418604651
0.00664451827243
0.00664451827243
0.0199335548173
0.146179401993
0.0
0.00996677740864
0.0166112956811
0.00332225913621
0.00996677740864
0.325581395349
0.328903654485
0.0398671096346
0.0531561461794
0.106312292359
0.00332225913621
0.0
0.00332225913621
0.00332225913621
0.00996677740864
0.0132890365449
0.0132890365449
0.00664451827243
0.00664451827243
0.0166112956811
0.0
0.0199335548173
0.0132890365449
0.00996677740864
0.00332225913621
0.0
0.00664451827243
0.0299003322259
0.0299003322259
0.0232558139535
0.00664451827243
0.0
0.00332225913621
0.0
0.00664451827243
0.0
0.00332225913621
0.0
0.00332225913621
0.0265780730897
0.152823920266
0.00332225913621
0.0
0.00332225913621
0.00996677740864
0.00332225913621
0.00332225913621
0.00996677740864
0.00664451827243
0.00332225913621
0.00664451827243
0.00332225913621
0.0
0.00332225913621
0.00332225913621
0.0
0.0
0.0
0.00332225913621
0.00332225913621
0.00332225913621
0.00332225913621
0.0
0.00996677740864
0.00332225913621
0.299003322259
0.0
0.136212624585
0.132890365449
0.046511627907
0.00332225913621
0.0
0.0166112956811
0.0199335548173
0.229235880399
0.0132890365449
0.00996677740864
0.272425249169
0.0166112956811
0.0265780730897
0.093023255814
0.14950166113
0.132890365449
0.0897009966777
0.00332225913621
0.305647840532
0.0132890365449
0.265780730897
0.0299003322259
0.00664451827243
0.00996677740864
0.00996677740864
0.00664451827243
0.00332225913621
0.00332225913621
0.252491694352
0.0199335548173
0.00332225913621
0.00664451827243
0.00332225913621
0.146179401993
0.0996677740864
0.0996677740864
0.159468438538
0.0232558139535
0.00332225913621
0.00332225913621
0.0166112956811
0.00664451827243
0.00332225913621
0.00996677740864
0.00664451827243
0.0
0.0
0.0
0.00332225913621
0.00664451827243
0.212624584718
0.00332225913621
0.0
0.0
0.0132890365449
0.00664451827243
0.00332225913621
0.00664451827243
0.00996677740864
0.358803986711
0.0398671096346
0.737541528239
0.0132890365449
0.0
0.00332225913621
0.00332225913621
0.0132890365449
0.00664451827243
0.41196013289
0.126245847176
0.0830564784053
0.00332225913621
0.00332225913621
0.0398671096346
0.415282392027
0.0963455149502
0.0232558139535
0.0199335548173
0.0166112956811
0.102990033223
0.0299003322259
0.172757475083
0.196013289037
0.0
0.0132890365449
0.00332225913621
0.00996677740864
0.0
0.265780730897
0.242524916944
0.00664451827243
0.1926910299
0.00332225913621
0.0
0.00332225913621
0.00332225913621
0.00664451827243
0.00332225913621
0.0
0.0
0.00664451827243
0.332225913621
0.00332225913621
0.146179401993
0.0
0.12292358804
0.00664451827243
0.0
0.0
0.0132890365449
0.00664451827243
0.00332225913621
0.00664451827243
0.00664451827243
0.116279069767
0.00664451827243
0.00664451827243
0.0
0.00332225913621
0.338870431894
0.166112956811
0.285714285714
0.00664451827243
0.0
0.00664451827243
0.0
0.0166112956811
0.0166112956811
0.00664451827243
0.00332225913621
0.00332225913621
0.00332225913621
0.0
0.0265780730897
0.0431893687708
0.0265780730897
0.0398671096346
0.0531561461794
0.0299003322259
0.00664451827243
0.00332225913621
0.00996677740864
0.00664451827243
0.225913621262
0.518272425249
0.00332225913621
0.00996677740864
0.0132890365449
0.239202657807
0.239202657807
0.00332225913621
0.0
0.00332225913621
0.00996677740864
0.867109634551
0.817275747508
0.00332225913621
0.0132890365449
0.00664451827243
0.0
0.169435215947
0.0
0.00664451827243
0.00996677740864
0.00664451827243
0.0
0.00664451827243
0.0
0.00664451827243
0.0
0.00664451827243
0.0166112956811
0.0132890365449
0.00664451827243
0.0
0.112956810631
0.222591362126
0.312292358804
0.215946843854
0.129568106312
0.0
0.0
0.0963455149502
0.00332225913621
0.00996677740864
0.00996677740864
0.00996677740864
0.132890365449
0.00996677740864
0.0132890365449
0.172757475083
0.00332225913621
0.00996677740864
0.202657807309
0.00664451827243
0.00664451827243
0.00332225913621
0.0265780730897
0.00332225913621
0.00332225913621
0.00996677740864
0.348837209302
0.0
0.00332225913621
0.00996677740864
0.358803986711
0.0199335548173
0.0
0.00332225913621
0.0
0.0
0.0
0.00996677740864
0.162790697674
0.0
0.00332225913621
0.00332225913621
0.0132890365449
0.00332225913621
0.0
0.00332225913621
0.00664451827243
0.00664451827243
0.0132890365449
0.00996677740864
0.189368770764
0.00664451827243
0.0
0.0
0.00332225913621
0.00996677740864
0.00332225913621
0.00664451827243
0.00332225913621
0.734219269103
0.166112956811
0.00664451827243
0.388704318937
0.0697674418605
0.00664451827243
0.00996677740864
0.00664451827243
0.00996677740864
0.0996677740864
0.0664451827243
0.299003322259
0.112956810631
0.00332225913621
0.00664451827243
0.116279069767
0.136212624585
0.0132890365449
0.0166112956811
0.31561461794
0.00332225913621
0.0
0.00332225913621
0.0598006644518
0.0598006644518
0.0498338870432
0.196013289037
0.0
0.0
0.00664451827243
0.0
0.0132890365449
0.00996677740864
0.00996677740864
0.0132890365449
0.0
0.0166112956811
0.348837209302
0.0764119601329
0.591362126246
0.0598006644518
0.093023255814
0.00664451827243
0.00664451827243
0.471760797342
0.00332225913621
0.275747508306
0.0199335548173
0.00332225913621
0.00332225913621
0.0
0.00664451827243
0.431893687708
0.0232558139535
0.093023255814
0.0132890365449
0.00664451827243
0.00332225913621
0.00664451827243
0.00664451827243
0.102990033223
0.106312292359
0.109634551495
0.0232558139535
0.0265780730897
0.00332225913621
0.00996677740864
0.0
0.0132890365449
0.0
0.00664451827243
0.00664451827243
0.205980066445
0.0332225913621
0.00664451827243
0.00332225913621
0.00664451827243
0.00996677740864
0.0531561461794
0.00996677740864
0.0166112956811
0.312292358804
0.129568106312
0.259136212625
0.00996677740864
0.358803986711
0.308970099668
0.345514950166
0.00996677740864
0.0
0.584717607973
0.21926910299
0.0199335548173
0.00664451827243
0.661129568106
0.0764119601329
0.249169435216
0.249169435216
0.249169435216
0.0730897009967
0.00664451827243
0.0232558139535
0.0166112956811
0.129568106312
0.0
0.0
0.0
0.00332225913621
0.00332225913621
0.0166112956811
0.0
0.0166112956811
0.0897009966777
0.00664451827243
0.0166112956811
0.0
0.00332225913621
0.00332225913621
0.0
0.00996677740864
0.0
0.0
0.0
0.0
0.00332225913621
0.146179401993
0.102990033223
0.00996677740864
0.00996677740864
0.00332225913621
0.0166112956811
0.00332225913621
0.00332225913621
0.00332225913621
0.00332225913621
0.00664451827243
0.00664451827243
0.00664451827243
0.0
0.00332225913621
0.00664451827243
0.00664451827243
0.0
0.00332225913621
0.00664451827243
0.00664451827243
0.00996677740864
0.00332225913621
0.0166112956811
0.0
0.00664451827243
0.00996677740864
0.00664451827243
0.00664451827243
0.0
0.00996677740864
0.00332225913621
0.00332225913621
0.0132890365449
0.00332225913621
0.0299003322259
0.00664451827243
0.00664451827243
0.0
0.00664451827243
0.00996677740864
0.00332225913621
0.00332225913621
0.00664451827243
0.00664451827243
0.00332225913621
0.0
0.00332225913621
0.0
0.00332225913621
0.0996677740864
0.0996677740864
0.196013289037
0.00664451827243
0.222591362126
0.102990033223
0.0132890365449
0.0166112956811
0.0
0.225913621262
0.34219269103
0.106312292359
0.0
0.00332225913621
0.00996677740864
0.146179401993
0.259136212625
0.152823920266
0.00664451827243
0.00996677740864
0.1926910299
0.169435215947
0.528239202658
0.0664451827243
0.0199335548173
0.275747508306
0.0166112956811
0.0166112956811
0.00664451827243
0.00332225913621
0.0
0.0
0.0
0.0232558139535
0.225913621262
0.225913621262
0.00332225913621
0.0265780730897
0.252491694352
0.0132890365449
0.24584717608
0.531561461794
0.046511627907
0.189368770764
0.0166112956811
0.00664451827243
0.840531561462
0.292358803987
0.415282392027
0.624584717608
0.0166112956811
0.14950166113
0.00332225913621
0.00664451827243
0.0
0.0
0.00664451827243
0.0
0.00996677740864
0.0
0.00332225913621
0.00664451827243
0.0
0.338870431894
0.106312292359
0.106312292359
0.0996677740864
0.0996677740864
0.0166112956811
0.0132890365449
0.00996677740864
0.00996677740864
0.00332225913621
0.571428571429
0.0
0.00996677740864
0.00332225913621
0.00996677740864
0.0
0.00332225913621
0.504983388704
0.00332225913621
0.0199335548173
0.00664451827243
0.00332225913621
0.142857142857
0.00664451827243
0.00664451827243
0.0
0.0
0.152823920266
0.159468438538
0.063122923588
0.00332225913621
0.14950166113
0.0132890365449
0.00996677740864
0.0332225913621
0.322259136213
0.209302325581
0.209302325581
0.0
0.093023255814
0.00332225913621
0.0
0.00332225913621
0.00996677740864
0.0
0.00332225913621
0.00332225913621
0.0730897009967
0.0132890365449
0.00332225913621
0.063122923588
0.0199335548173
0.0132890365449
0.00996677740864
0.166112956811
0.299003322259
0.282392026578
0.00664451827243
0.00664451827243
0.12292358804
0.388704318937
0.00332225913621
0.00664451827243
0.12292358804
0.0
0.00332225913621
0.00664451827243
0.00332225913621
0.00332225913621
0.00996677740864
0.00996677740864
0.0
0.0
0.0
0.00996677740864
0.00664451827243
0.0
0.00332225913621
0.00664451827243
0.00996677740864
0.0199335548173
0.0232558139535
0.00664451827243
0.106312292359
0.00664451827243
0.0132890365449
0.212624584718
0.12292358804
0.0
0.0
0.00996677740864
0.205980066445
1.21262458472
0.0598006644518
0.063122923588
0.14950166113
0.00664451827243
0.0132890365449
0.0132890365449
0.0232558139535
0.0
0.0199335548173
0.0299003322259
0.0332225913621
0.0
0.00332225913621
0.0232558139535
0.00332225913621
0.0166112956811
0.0
0.0
0.00332225913621
0.00664451827243
0.00664451827243
0.00664451827243
0.0
0.146179401993
0.146179401993
0.00996677740864
0.00332225913621
0.00664451827243
0.112956810631
0.0232558139535
0.176079734219
0.292358803987
0.1926910299
0.265780730897
0.501661129568
0.229235880399
0.00664451827243
0.0166112956811
0.00996677740864
0.00664451827243
0.00664451827243
0.119601328904
0.0166112956811
0.129568106312
0.222591362126
0.126245847176
0.142857142857
0.0
0.0
0.252491694352
0.00664451827243
0.571428571429
0.00664451827243
0.00664451827243
0.00332225913621
0.00664451827243
0.172757475083
0.116279069767
0.00664451827243
0.0
0.00996677740864
0.0166112956811
0.0
0.0
0.00332225913621
0.00664451827243
0.202657807309
0.345514950166
0.0166112956811
0.0
0.00664451827243
0.00996677740864
0.00332225913621
0.00664451827243
0.0
0.0166112956811
0.00664451827243
0.0
0.00664451827243
0.00332225913621
0.0132890365449
0.00332225913621
0.00332225913621
0.325581395349
0.0
0.0
0.00664451827243
0.00332225913621
0.00332225913621
0.00332225913621
0.112956810631
0.0166112956811
0.00664451827243
0.00664451827243
0.0199335548173
0.0
0.0299003322259
0.136212624585
0.00664451827243
0.00664451827243
0.0
0.00332225913621
0.00664451827243
0.0
0.00332225913621
0.00996677740864
0.00332225913621
0.00664451827243
0.00664451827243
0.0
0.0
0.00332225913621
0.00332225913621
0.112956810631
0.00664451827243
0.00996677740864
0.00996677740864
0.00332225913621
0.00332225913621
0.0166112956811
0.172757475083
0.159468438538
0.129568106312
0.196013289037
0.00664451827243
0.0199335548173
0.0
0.186046511628
0.00332225913621
0.126245847176
0.0132890365449
0.0166112956811
0.445182724252
0.445182724252
0.318936877076
0.28903654485
0.00664451827243
0.0
0.800664451827
0.0265780730897
0.0199335548173
0.0564784053156
0.0299003322259
0.0
0.00664451827243
0.312292358804
0.00332225913621
0.28903654485
0.00332225913621
0.229235880399
0.0
0.0
0.00996677740864
0.0
0.00996677740864
0.541528239203
0.162790697674
0.269102990033
0.00332225913621
0.362126245847
0.0
0.0
0.00332225913621
0.00332225913621
0.0
0.179401993355
0.34219269103
0.156146179402
0.156146179402
0.0963455149502
0.0
0.318936877076
0.00664451827243
0.0664451827243
0.0
0.0
0.00332225913621
0.0
0.00664451827243
0.0
0.0
0.00996677740864
0.172757475083
0.00332225913621
0.0199335548173
0.00664451827243
0.00996677740864
0.00332225913621
0.0
0.0132890365449
0.0166112956811
0.00664451827243
0.00996677740864
0.00664451827243
0.00996677740864
0.0166112956811
0.00996677740864
0.0132890365449
0.0299003322259
0.0232558139535
0.840531561462
0.0
0.0166112956811
0.00996677740864
0.0664451827243
0.0232558139535
0.142857142857
0.136212624585
0.0232558139535
0.292358803987
0.00332225913621
0.00664451827243
0.00332225913621
0.00996677740864
0.12292358804
0.00996677740864
0.265780730897
0.00664451827243
0.478405315615
0.222591362126
0.0365448504983
0.0166112956811
0.0166112956811
0.0166112956811
0.0166112956811
0.00664451827243
0.0132890365449
0.00664451827243
0.00664451827243
0.0199335548173
0.00664451827243
0.00996677740864
0.109634551495
0.0598006644518
0.0132890365449
0.0
0.385382059801
0.405315614618
0.58803986711
0.58803986711
0.0265780730897
0.0431893687708
0.00664451827243
0.0199335548173
0.063122923588
0.0265780730897
0.0299003322259
0.0299003322259
0.0199335548173
0.0398671096346
0.0598006644518
0.0299003322259
0.0531561461794
0.282392026578
0.0
0.0
0.0299003322259
0.0299003322259
0.00664451827243
0.784053156146
0.166112956811
0.166112956811
0.0863787375415
0.279069767442
0.00996677740864
0.00664451827243
0.196013289037
0.00332225913621
0.00332225913621
0.0199335548173
0.0199335548173
0.0
0.0
0.0830564784053
0.00332225913621
0.00664451827243
0.0
0.00332225913621
0.212624584718
0.00996677740864
0.00996677740864
0.00332225913621
0.00996677740864
0.0
0.00996677740864
0.0132890365449
0.0299003322259
0.0265780730897
0.00332225913621
0.00332225913621
0.116279069767
0.202657807309
0.0
0.0
0.109634551495
0.00996677740864
0.0
0.305647840532
0.0132890365449
0.00996677740864
0.00332225913621
0.0
0.00332225913621
0.00664451827243
0.00664451827243
0.00332225913621
0.00332225913621
0.00996677740864
0.0
0.0
0.0
0.0
0.0
0.00332225913621
0.0132890365449
0.14950166113
0.186046511628
0.0166112956811
0.176079734219
0.00332225913621
0.00996677740864
0.00664451827243
0.00664451827243
0.0166112956811
0.0
0.0
0.00332225913621
0.0166112956811
0.478405315615
0.68438538206
0.00664451827243
0.0299003322259
0.00332225913621
0.0299003322259
0.272425249169
0.272425249169
0.0132890365449
0.0132890365449
0.093023255814
0.428571428571
0.262458471761
0.0996677740864
0.0
0.00664451827243
0.00332225913621
0.00332225913621
0.0
0.0
0.0
0.0232558139535
0.0232558139535
0.0
0.00664451827243
0.00664451827243
0.00664451827243
0.00332225913621
0.0166112956811
0.0996677740864
0.0132890365449
0.00332225913621
0.0166112956811
0.00664451827243
0.0232558139535
0.00332225913621
0.0
0.0232558139535
0.225913621262
0.00664451827243
0.481727574751
0.0132890365449
0.0
0.00664451827243
0.0
0.0
0.0
0.46511627907
0.176079734219
0.136212624585
0.136212624585
0.00332225913621
0.0265780730897
0.0265780730897
0.00664451827243
0.00332225913621
0.00332225913621
0.0498338870432
0.275747508306
0.0
0.129568106312
0.0
0.00996677740864
0.0232558139535
0.0265780730897
0.0199335548173
0.00664451827243
0.152823920266
0.00996677740864
0.302325581395
0.00664451827243
0.0132890365449
0.00664451827243
0.00664451827243
0.00664451827243
0.00664451827243
0.0132890365449
0.0132890365449
0.0166112956811
0.00664451827243
0.0299003322259
0.0398671096346
0.129568106312
0.129568106312
0.664451827243
0.0365448504983
0.0265780730897
0.0797342192691
0.0299003322259
0.0299003322259
0.305647840532
0.00332225913621
0.00664451827243
0.00996677740864
0.0
0.00332225913621
0.00332225913621
0.0132890365449
0.00664451827243
0.00332225913621
0.0199335548173
0.00996677740864
0.0132890365449
0.0265780730897
0.325581395349
0.325581395349
0.0166112956811
0.0
0.0
0.0
0.0132890365449
0.00664451827243
0.0132890365449
0.179401993355
0.205980066445
0.0166112956811
0.0166112956811
0.0332225913621
0.0365448504983
0.362126245847
0.00332225913621
0.0132890365449
0.0132890365449
0.0332225913621
0.0
0.00332225913621
0.0
0.00996677740864
0.00996677740864
0.0
0.0
0.00664451827243
0.00664451827243
0.132890365449
0.0132890365449
0.0132890365449
0.0132890365449
0.0
0.00664451827243
0.00664451827243
0.0132890365449
0.00996677740864
0.0166112956811
0.126245847176
0.00664451827243
0.00332225913621
0.00664451827243
0.0
0.0132890365449
0.00996677740864
0.00332225913621
0.00332225913621
0.00664451827243
0.0
0.0132890365449
0.0
0.00664451827243
0.00996677740864
0.584717607973
0.159468438538
0.00664451827243
0.0564784053156
0.00332225913621
0.00664451827243
0.0
0.00332225913621
0.508305647841
0.259136212625
0.00332225913621
0.00332225913621
0.0166112956811
0.0265780730897
0.00996677740864
0.00996677740864
0.00332225913621
0.295681063123
0.0166112956811
0.0
0.0232558139535
0.136212624585
0.205980066445
0.222591362126
0.21926910299
0.345514950166
0.345514950166
0.295681063123
0.0132890365449
0.328903654485
0.00332225913621
0.00332225913621
0.661129568106
0.0
0.0166112956811
0.279069767442
0.00332225913621
0.0132890365449
0.00664451827243
0.0132890365449
0.00332225913621
0.0730897009967
0.0299003322259
0.0199335548173
0.146179401993
0.046511627907
0.0265780730897
0.0265780730897
0.401993355482
0.0332225913621
0.0963455149502
0.063122923588
0.00664451827243
0.00996677740864
0.00664451827243
0.0365448504983
0.199335548173
0.156146179402
0.335548172757
0.119601328904
0.448504983389
0.0132890365449
0.136212624585
0.00332225913621
0.00332225913621
0.00996677740864
0.00996677740864
0.00332225913621
0.212624584718
0.169435215947
0.00664451827243
0.00332225913621
0.00664451827243
0.00332225913621
0.146179401993
0.00664451827243
0.00996677740864
0.0
0.0132890365449
0.0132890365449
0.0
0.00332225913621
0.0
0.0
0.0166112956811
0.00332225913621
0.00332225913621
0.0299003322259
0.0299003322259
0.00664451827243
0.0166112956811
0.0
0.00332225913621
0.0
0.0
0.186046511628
0.00332225913621
0.00332225913621
0.0299003322259
0.0
0.0166112956811
0.0
0.0132890365449
0.262458471761
0.262458471761
0.265780730897
0.0764119601329
0.00664451827243
0.00332225913621
0.0
0.0265780730897
0.00332225913621
0.00996677740864
0.0199335548173
0.00332225913621
0.0132890365449
0.0232558139535
0.00996677740864
0.172757475083
0.00996677740864
0.00664451827243
0.0199335548173
0.00332225913621
0.0
0.0897009966777
0.00996677740864
0.43853820598
0.43853820598
0.00996677740864
0.00996677740864
0.0132890365449
0.109634551495
0.00332225913621
0.0265780730897
0.0265780730897
0.00664451827243
0.00996677740864
0.00664451827243
0.00664451827243
0.00332225913621
0.0
0.0132890365449
0.00332225913621
0.00332225913621
0.0
0.00664451827243
0.093023255814
0.0398671096346
0.00996677740864
0.00332225913621
0.0132890365449
0.159468438538
0.0
0.0
0.0132890365449
0.0166112956811
0.0132890365449
0.00332225913621
0.0
0.116279069767
0.00332225913621
0.00332225913621
0.0
0.00664451827243
0.0
0.0132890365449
0.156146179402
0.156146179402
0.36877076412
0.116279069767
0.00332225913621
0.0199335548173
0.00332225913621
0.0132890365449
0.0
0.159468438538
0.00332225913621
0.00332225913621
0.00332225913621
0.0
0.00332225913621
0.0
0.0
0.00996677740864
0.0
0.0
0.112956810631
0.0132890365449
0.00664451827243
0.0199335548173
1.1561461794
0.00996677740864
0.00664451827243
0.0
0.205980066445
0.43853820598
0.415282392027
0.215946843854
0.262458471761
0.0498338870432
0.0332225913621
0.0897009966777
0.046511627907
0.0132890365449
0.322259136213
0.31561461794
0.00664451827243
0.0265780730897
0.275747508306
0.428571428571
0.528239202658
0.737541528239
0.0199335548173
0.0132890365449
0.00996677740864
0.00664451827243
0.152823920266
0.0830564784053
0.0
0.00332225913621
0.00332225913621
0.00996677740864
0.0
0.00664451827243
0.00332225913621
0.362126245847
0.00664451827243
0.0166112956811
0.189368770764
0.00664451827243
0.441860465116
0.225913621262
0.00996677740864
0.00996677740864
0.0132890365449
0.00664451827243
0.0
0.00332225913621
0.102990033223
0.152823920266
0.00664451827243
0.00996677740864
0.00332225913621
0.209302325581
0.209302325581
0.1926910299
0.00664451827243
0.176079734219
0.00332225913621
0.00332225913621
0.0132890365449
0.0
0.00332225913621
0.00332225913621
0.00664451827243
0.0332225913621
0.0
0.00332225913621
0.328903654485
0.0232558139535
0.0
0.0232558139535
0.00664451827243
0.0
0.0
0.0166112956811
0.00996677740864
0.00332225913621
0.186046511628
0.0830564784053
0.00332225913621
0.0132890365449
0.0132890365449
0.0431893687708
0.0132890365449
0.0132890365449
0.0
0.116279069767
0.0498338870432
0.00664451827243
0.00332225913621
0.00664451827243
0.00664451827243
0.292358803987
0.00332225913621
0.00664451827243
0.408637873754
0.41196013289
0.00664451827243
0.0199335548173
0.116279069767
0.0564784053156
0.0996677740864
0.0996677740864
0.0
0.00996677740864
0.00332225913621
0.00996677740864
0.0
0.00996677740864
0.0199335548173
0.0132890365449
0.0132890365449
0.0132890365449
0.00996677740864
0.0365448504983
0.00996677740864
0.611295681063
0.611295681063
0.0199335548173
0.0
0.448504983389
0.0
0.0199335548173
0.0
0.365448504983
0.0996677740864
0.00332225913621
0.0
0.0
0.00996677740864
0.00664451827243
0.00664451827243
0.00996677740864
0.0
0.0166112956811
0.0166112956811
0.00332225913621
0.00332225913621
0.00996677740864
0.0
0.00664451827243
0.0
0.0
0.00332225913621
0.0265780730897
0.0
0.322259136213
0.152823920266
0.0365448504983
0.0
0.388704318937
0.00664451827243
0.00664451827243
0.239202657807
0.0
0.0132890365449
0.046511627907
0.00332225913621
0.00332225913621
0.28903654485
0.0
0.0
0.00664451827243
0.0
0.0
0.00332225913621
0.00332225913621
0.00332225913621
0.0
0.00332225913621
0.0199335548173
0.441860465116
0.00996677740864
0.12292358804
0.00332225913621
0.166112956811
0.0166112956811
0.41196013289
0.571428571429
0.156146179402
0.00332225913621
0.00996677740864
0.196013289037
0.00996677740864
0.00664451827243
0.00996677740864
0.0166112956811
0.0
0.0132890365449
0.136212624585
0.362126245847
0.0398671096346
0.0
0.00664451827243
0.332225913621
0.00996677740864
0.0232558139535
0.0132890365449
0.232558139535
0.56146179402
0.232558139535
0.415282392027
0.00664451827243
0.0132890365449
0.00664451827243
0.0
0.0
0.00664451827243
0.0
0.0
0.00332225913621
0.00332225913621
0.0
0.00996677740864
0.0132890365449
0.0132890365449
0.00996677740864
0.269102990033
0.0265780730897
0.0132890365449
0.0232558139535
0.00664451827243
0.00996677740864
0.0
0.14950166113
0.00996677740864
0.00996677740864
0.0199335548173
0.00996677740864
0.833887043189
0.0166112956811
0.0132890365449
0.318936877076
0.00332225913621
0.0199335548173
0.0265780730897
0.0598006644518
0.0
0.0199335548173
0.00332225913621
0.00664451827243
0.00664451827243
0.0166112956811
0.0132890365449
0.0232558139535
0.0132890365449
0.00664451827243
0.00332225913621
0.0
0.00332225913621
0.1926910299
0.1926910299
0.0166112956811
0.0
0.00332225913621
0.0431893687708
0.00332225913621
0.0166112956811
0.00332225913621
0.0
0.0
0.00664451827243
0.00996677740864
0.00996677740864
0.00664451827243
0.0199335548173
0.0132890365449
0.179401993355
0.262458471761
0.252491694352
0.0
0.0730897009967
0.156146179402
0.0730897009967
0.0730897009967
0.232558139535
0.0332225913621
0.0730897009967
0.00332225913621
0.0265780730897
0.0963455149502
0.0664451827243
0.255813953488
0.00664451827243
0.00996677740864
0.129568106312
0.00664451827243
0.00332225913621
0.0
0.00996677740864
0.0
0.0
0.00664451827243
0.21926910299
1.06644518272
0.518272425249
0.0
0.046511627907
0.093023255814
0.182724252492
0.00664451827243
0.00664451827243
0.00996677740864
0.189368770764
0.0199335548173
0.00996677740864
0.0132890365449
0.0764119601329
0.0764119601329
0.1926910299
0.119601328904
0.0132890365449
0.186046511628
0.0564784053156
0.00996677740864
0.00996677740864
0.0
0.0166112956811
0.262458471761
0.00332225913621
0.624584717608
0.0166112956811
0.0166112956811
0.00332225913621
0.00996677740864
0.00332225913621
0.00332225913621
0.0132890365449
0.392026578073
0.398671096346
0.312292358804
0.275747508306
0.0299003322259
0.564784053156
0.14950166113
0.345514950166
0.0166112956811
0.00664451827243
0.0299003322259
0.0166112956811
0.00332225913621
0.00332225913621
0.0
0.0
0.0199335548173
0.385382059801
0.0132890365449
0.0
0.0
0.00664451827243
0.00996677740864
0.0166112956811
0.0132890365449
0.0
0.0199335548173
0.0564784053156
0.408637873754
0.00332225913621
0.0132890365449
0.129568106312
0.129568106312
0.0132890365449
0.385382059801
0.0
0.00996677740864
0.0
0.00996677740864
0.00664451827243
0.00996677740864
0.162790697674
0.162790697674
0.00664451827243
0.0
0.0
0.0
0.0232558139535
0.0132890365449
0.222591362126
0.0897009966777
0.0498338870432
0.0664451827243
0.325581395349
0.00332225913621
0.0132890365449
0.0598006644518
0.36877076412
0.36877076412
0.425249169435
0.00332225913621
0.00996677740864
0.00996677740864
0.00664451827243
0.0232558139535
0.0132890365449
0.0
0.00996677740864
0.00996677740864
0.00332225913621
0.00332225913621
0.0132890365449
0.0132890365449
0.00332225913621
0.00332225913621
0.0830564784053
0.0
0.00664451827243
0.0
0.00332225913621
0.00996677740864
0.0132890365449
0.136212624585
0.0166112956811
0.166112956811
0.00664451827243
0.00332225913621
0.142857142857
0.142857142857
0.0265780730897
0.00332225913621
0.0265780730897
0.730897009967
0.0299003322259
0.262458471761
0.269102990033
0.119601328904
0.0166112956811
0.0166112956811
0.0
0.0166112956811
0.179401993355
0.162790697674
0.415282392027
0.41196013289
0.388704318937
0.388704318937
0.00332225913621
0.00332225913621
0.00664451827243
0.0
0.0
0.0166112956811
0.0830564784053
0.00332225913621
0.0199335548173
0.0132890365449
0.00332225913621
0.00664451827243
0.0132890365449
0.671096345515
0.00996677740864
0.0199335548173
0.0265780730897
0.00664451827243
0.0
0.0
0.00332225913621
0.0
0.00664451827243
0.00664451827243
0.0199335548173
0.00332225913621
0.00332225913621
0.239202657807
0.00996677740864
0.0265780730897
0.21926910299
0.21926910299
0.0
0.00332225913621
0.00332225913621
0.00664451827243
0.0166112956811
0.00996677740864
0.00664451827243
0.00996677740864
0.00996677740864
0.00996677740864
0.0
0.0
0.0
0.119601328904
0.365448504983
0.0531561461794
0.0332225913621
0.132890365449
0.0
0.00996677740864
0.00996677740864
0.0199335548173
0.0
0.00332225913621
0.00996677740864
0.109634551495
0.00664451827243
0.00332225913621
0.302325581395
0.159468438538
0.0132890365449
0.0132890365449
0.119601328904
0.0199335548173
0.0332225913621
0.0199335548173
0.581395348837
0.0797342192691
0.0232558139535
0.0299003322259
0.338870431894
0.495016611296
0.495016611296
0.0498338870432
0.106312292359
0.106312292359
0.0830564784053
0.0265780730897
0.046511627907
0.0
0.647840531561
0.0199335548173
0.475083056478
0.375415282392
0.0166112956811
0.0365448504983
0.00332225913621
0.00332225913621
0.0232558139535
0.0232558139535
0.0132890365449
0.0265780730897
0.186046511628
0.0664451827243
0.00664451827243
0.112956810631
0.0166112956811
0.0132890365449
0.00664451827243
0.382059800664
0.0132890365449
0.212624584718
0.0166112956811
0.0697674418605
0.00332225913621
0.00996677740864
0.0232558139535
0.0132890365449
0.0132890365449
0.00996677740864
0.00332225913621
0.00332225913621
0.00332225913621
0.00664451827243
0.00332225913621
0.046511627907
0.0332225913621
0.00332225913621
0.0232558139535
0.00664451827243
0.0
0.00332225913621
0.0
0.0166112956811
0.00332225913621
0.0199335548173
0.0166112956811
0.0299003322259
0.0
0.00332225913621
0.00332225913621
0.00332225913621
0.0
0.0398671096346
0.0166112956811
0.0
0.00664451827243
0.00664451827243
0.312292358804
0.00996677740864
0.0166112956811
0.00996677740864
0.514950166113
0.00664451827243
0.00996677740864
0.0
0.189368770764
0.0
0.00332225913621
0.00664451827243
0.00996677740864
0.0963455149502
0.106312292359
0.00664451827243
0.00664451827243
0.0166112956811
0.0166112956811
0.0166112956811
0.0
0.00996677740864
0.00332225913621
0.00332225913621
0.0
0.00664451827243
0.0365448504983
0.272425249169
0.00664451827243
0.00664451827243
0.0365448504983
0.471760797342
0.292358803987
0.441860465116
0.0498338870432
0.00996677740864
0.279069767442
0.00332225913621
0.00332225913621
0.00332225913621
0.00332225913621
0.0299003322259
0.00664451827243
0.00996677740864
0.139534883721
0.14950166113
0.00664451827243
0.00996677740864
0.0132890365449
0.00996677740864
0.00332225913621
0.00332225913621
0.00996677740864
0.0232558139535
0.0199335548173
0.00996677740864
0.0166112956811
0.0166112956811
0.358803986711
0.0166112956811
0.0166112956811
0.385382059801
0.262458471761
0.0166112956811
0.0531561461794
0.0598006644518
0.0132890365449
0.0132890365449
0.0132890365449
0.0
0.0
0.00996677740864
0.0365448504983
0.136212624585
0.398671096346
0.335548172757
0.0299003322259
0.00996677740864
0.00996677740864
0.0265780730897
0.0
0.0
0.0132890365449
0.00332225913621
0.00332225913621
0.0132890365449
0.00664451827243
0.00332225913621
0.00332225913621
0.00664451827243
0.0265780730897
0.0265780730897
0.00996677740864
0.0166112956811
0.00664451827243
0.00664451827243
0.0299003322259
0.199335548173
0.199335548173
0.0232558139535
0.259136212625
0.0265780730897
0.524916943522
0.0398671096346
0.0166112956811
0.0132890365449
0.335548172757
0.0265780730897
0.0166112956811
0.00332225913621
0.0598006644518
0.0431893687708
0.0166112956811
0.0265780730897
0.481727574751
0.418604651163
0.0
0.0
0.0
0.0
0.0
0.0
0.00332225913621
0.225913621262
0.00664451827243
0.0
0.00664451827243
0.00996677740864
0.0132890365449
0.0963455149502
0.166112956811
0.0232558139535
0.00996677740864
0.0132890365449
0.0132890365449
0.897009966777
0.0
0.00664451827243
0.0132890365449
0.00332225913621
0.00332225913621
0.00664451827243
0.0166112956811
0.382059800664
0.00664451827243
0.0
0.0
0.0
0.0132890365449
0.395348837209
0.00996677740864
0.00664451827243
0.00332225913621
0.00664451827243
0.0365448504983
0.00664451827243
0.00332225913621
0.0232558139535
0.00664451827243
0.119601328904
0.00996677740864
0.332225913621
0.00332225913621
0.0
0.209302325581
0.00332225913621
0.00332225913621
0.0
0.00332225913621
0.0
0.0
0.0
0.0
0.0332225913621
0.0132890365449
0.00332225913621
0.00332225913621
0.00996677740864
0.00332225913621
0.0
0.00664451827243
0.0
0.0332225913621
0.166112956811
0.312292358804
0.0199335548173
0.0863787375415
0.0863787375415
0.0332225913621
0.0398671096346
0.282392026578
0.00664451827243
0.00664451827243
0.302325581395
0.0
0.0
0.0531561461794
0.0232558139535
0.00996677740864
0.00996677740864
0.0166112956811
0.102990033223
0.0332225913621
0.109634551495
0.0431893687708
0.0365448504983
0.0265780730897
0.0365448504983
0.00996677740864
0.063122923588
0.375415282392
0.0132890365449
0.0132890365449
0.00996677740864
0.252491694352
0.843853820598
0.00332225913621
0.00332225913621
0.00996677740864
0.0132890365449
0.00664451827243
0.0431893687708
0.00996677740864
0.00332225913621
0.00332225913621
0.00332225913621
0.0232558139535
0.00664451827243
0.142857142857
0.332225913621
0.0232558139535
0.0265780730897
0.0265780730897
0.0132890365449
0.106312292359
0.00996677740864
0.308970099668
0.0730897009967
0.00664451827243
0.0398671096346
0.0166112956811
0.00996677740864
0.0132890365449
0.0398671096346
0.388704318937
0.385382059801
0.0332225913621
0.0863787375415
0.0365448504983
0.0365448504983
0.0232558139535
0.196013289037
0.00664451827243
0.106312292359
0.00332225913621
0.00332225913621
0.00664451827243
0.00664451827243
0.00332225913621
0.00332225913621
0.00664451827243
0.00996677740864
0.0
0.00664451827243
0.00996677740864
0.046511627907
0.00996677740864
0.00996677740864
0.0166112956811
0.00332225913621
0.0132890365449
0.00996677740864
0.0132890365449
0.00332225913621
0.00332225913621
0.00332225913621
0.0
0.0132890365449
0.0166112956811
0.0199335548173
0.0166112956811
0.0199335548173
0.0199335548173
0.0199335548173
0.00664451827243
0.00996677740864
0.00996677740864
0.0199335548173
0.00996677740864
0.0332225913621
0.132890365449
0.00332225913621
0.00996677740864
0.00996677740864
0.00664451827243
0.0199335548173
0.00664451827243
0.0166112956811
0.0
0.00996677740864
0.00332225913621
0.00664451827243
0.00664451827243
0.00332225913621
0.00996677740864
0.0166112956811
0.0232558139535
0.0265780730897
0.0265780730897
0.00996677740864
0.0265780730897
0.235880398671
0.00996677740864
0.0996677740864
0.0299003322259
0.448504983389
0.00664451827243
0.00664451827243
0.0232558139535
0.156146179402
0.162790697674
0.0132890365449
0.00332225913621
0.00332225913621
0.00332225913621
0.634551495017
0.0232558139535
0.0299003322259
0.0332225913621
0.00664451827243
0.504983388704
0.0166112956811
0.00996677740864
0.00996677740864
0.00996677740864
0.428571428571
0.0
0.00664451827243
0.531561461794
0.43853820598
0.0664451827243
0.0598006644518
0.0265780730897
0.272425249169
0.0299003322259
0.0299003322259
0.0299003322259
0.0166112956811
0.0199335548173
0.0
0.0
0.0232558139535
0.0398671096346
0.362126245847
0.0431893687708
0.00996677740864
0.00332225913621
0.00664451827243
0.0
0.0166112956811
0.0
0.046511627907
0.0132890365449
0.34219269103
0.0431893687708
0.225913621262
1.08305647841
0.0132890365449
0.00996677740864
0.0132890365449
0.0199335548173
0.0232558139535
0.428571428571
0.0
0.00332225913621
0.00332225913621
0.0598006644518
0.0697674418605
0.21926910299
0.0
0.00664451827243
0.109634551495
0.00332225913621
0.00332225913621
0.0
0.0
0.0
0.0
0.00332225913621
0.152823920266
0.132890365449
0.119601328904
0.109634551495
0.176079734219
0.0
0.00664451827243
