all_RELA
0.0
0.318936877076
0.0166112956811
0.212624584718
0.205980066445
0.179401993355
0.179401993355
0.046511627907
0.179401993355
0.179401993355
0.0199335548173
1.03322259136
0.0365448504983
0.0365448504983
0.548172757475
0.548172757475
0.0332225913621
0.046511627907
0.0332225913621
0.172757475083
0.132890365449
0.00664451827243
0.00332225913621
0.00996677740864
0.00332225913621
0.0
0.00332225913621
0.0132890365449
0.00996677740864
0.046511627907
0.046511627907
0.0199335548173
0.00332225913621
0.00664451827243
0.172757475083
0.0897009966777
0.0564784053156
0.00332225913621
0.00996677740864
0.405315614618
0.215946843854
0.215946843854
0.215946843854
0.00664451827243
0.00664451827243
0.222591362126
0.222591362126
0.647840531561
0.53488372093
0.0166112956811
0.0199335548173
0.00332225913621
0.0132890365449
0.0166112956811
0.0132890365449
0.139534883721
0.0
0.00996677740864
0.00664451827243
0.00664451827243
0.0398671096346
0.229235880399
0.159468438538
0.159468438538
0.0996677740864
0.0996677740864
0.451827242525
0.24584717608
0.242524916944
0.0365448504983
0.136212624585
0.0332225913621
0.0
0.235880398671
0.232558139535
0.225913621262
0.0199335548173
0.0199335548173
0.0166112956811
0.00664451827243
0.0199335548173
0.0265780730897
0.0265780730897
0.00996677740864
0.00996677740864
0.00996677740864
0.0
0.189368770764
0.189368770764
0.0132890365449
0.0431893687708
0.0431893687708
0.0897009966777
0.112956810631
0.196013289037
0.129568106312
0.063122923588
0.0664451827243
0.119601328904
0.00332225913621
0.0132890365449
0.0365448504983
0.0132890365449
0.0132890365449
0.681063122924
0.681063122924
0.681063122924
0.215946843854
0.215946843854
0.0199335548173
0.0398671096346
0.0398671096346
0.594684385382
0.0
0.0199335548173
0.378737541528
0.398671096346
0.262458471761
0.252491694352
0.843853820598
0.0132890365449
0.0498338870432
0.405315614618
0.594684385382
0.235880398671
0.235880398671
0.102990033223
0.0232558139535
0.146179401993
0.146179401993
0.259136212625
0.0132890365449
0.724252491694
0.00996677740864
0.0199335548173
0.00664451827243
0.093023255814
0.116279069767
0.0498338870432
0.385382059801
0.0132890365449
0.0431893687708
0.46511627907
0.468438538206
0.468438538206
0.142857142857
0.0232558139535
0.162790697674
0.471760797342
0.0897009966777
0.0598006644518
0.0132890365449
0.0265780730897
0.00332225913621
0.00664451827243
0.362126245847
0.126245847176
0.0166112956811
0.0132890365449
0.00996677740864
0.00996677740864
0.0132890365449
0.0265780730897
0.00332225913621
0.335548172757
0.0897009966777
0.0897009966777
0.0963455149502
0.0963455149502
0.511627906977
0.511627906977
0.093023255814
0.0963455149502
0.00996677740864
0.00664451827243
0.00996677740864
0.182724252492
0.00664451827243
0.172757475083
0.00332225913621
0.00996677740864
0.239202657807
0.272425249169
0.00332225913621
0.00332225913621
0.222591362126
0.0764119601329
0.00996677740864
0.0365448504983
0.0199335548173
0.0199335548173
0.00332225913621
0.0299003322259
0.0299003322259
0.0299003322259
0.00996677740864
0.275747508306
0.242524916944
0.162790697674
0.162790697674
0.00332225913621
0.00664451827243
0.0863787375415
0.0863787375415
0.0199335548173
0.0199335548173
0.00332225913621
0.00996677740864
0.362126245847
0.109634551495
0.109634551495
0.0
0.0199335548173
0.00996677740864
0.00996677740864
0.00332225913621
0.0
0.00664451827243
0.00996677740864
0.0
0.00664451827243
0.00332225913621
0.475083056478
0.475083056478
0.109634551495
0.252491694352
0.269102990033
0.00996677740864
0.00996677740864
0.0232558139535
0.00996677740864
0.136212624585
0.0132890365449
0.0
0.00332225913621
0.00664451827243
0.00664451827243
0.0
0.00664451827243
0.0
0.0
0.0166112956811
0.00664451827243
0.0
0.00332225913621
0.0132890365449
0.00996677740864
0.0132890365449
0.0132890365449
0.186046511628
0.00332225913621
0.00332225913621
0.0
0.00664451827243
0.0
0.00332225913621
0.00332225913621
0.0
0.00332225913621
0.275747508306
0.182724252492
0.0132890365449
0.0132890365449
0.0
0.00332225913621
0.0963455149502
0.0963455149502
0.00996677740864
0.0
0.00332225913621
0.0431893687708
0.00996677740864
0.00996677740864
0.00332225913621
0.00664451827243
0.249169435216
0.116279069767
0.209302325581
0.468438538206
0.0132890365449
0.00996677740864
0.00664451827243
0.00664451827243
0.0
0.0
0.00996677740864
0.0166112956811
0.00332225913621
0.00664451827243
0.0132890365449
0.00332225913621
0.109634551495
0.093023255814
0.156146179402
0.156146179402
0.00664451827243
0.00332225913621
0.0
0.00664451827243
0.00664451827243
0.00332225913621
0.0132890365449
0.00664451827243
0.00332225913621
0.0
0.0
0.491694352159
0.488372093023
0.448504983389
0.382059800664
0.46511627907
0.0265780730897
0.0664451827243
0.0166112956811
0.388704318937
0.451827242525
0.0730897009967
0.0730897009967
0.0
0.00332225913621
0.00996677740864
0.0
0.0
0.0
0.0
0.627906976744
0.627906976744
0.0
0.00332225913621
0.00332225913621
0.0498338870432
0.00996677740864
0.0
0.0
0.00664451827243
0.00664451827243
0.0
0.00664451827243
0.00664451827243
0.00664451827243
0.186046511628
0.548172757475
0.00996677740864
0.0232558139535
0.00664451827243
0.00996677740864
0.00664451827243
0.0199335548173
0.800664451827
0.56146179402
0.00664451827243
0.0265780730897
0.00664451827243
0.0
0.00332225913621
0.00664451827243
0.00332225913621
0.0
0.262458471761
0.0199335548173
0.106312292359
0.106312292359
0.12292358804
0.12292358804
0.102990033223
0.102990033223
0.106312292359
0.106312292359
0.106312292359
0.388704318937
0.355481727575
0.00664451827243
0.0299003322259
0.132890365449
0.142857142857
0.0
0.00664451827243
0.262458471761
0.093023255814
0.382059800664
0.34219269103
0.34219269103
0.259136212625
0.259136212625
0.388704318937
0.395348837209
0.395348837209
0.398671096346
0.0764119601329
0.265780730897
0.202657807309
0.249169435216
0.0199335548173
0.401993355482
0.382059800664
0.797342192691
0.166112956811
0.787375415282
0.00332225913621
0.112956810631
0.1926910299
0.172757475083
0.375415282392
0.0232558139535
0.0531561461794
0.0531561461794
0.0232558139535
0.0132890365449
0.00664451827243
0.0
0.176079734219
0.106312292359
0.0
0.0
0.156146179402
0.199335548173
0.199335548173
0.00332225913621
0.00332225913621
0.00332225913621
0.421926910299
0.00996677740864
0.0232558139535
0.0
0.0
0.0199335548173
0.00332225913621
0.00664451827243
0.00332225913621
0.00332225913621
0.00332225913621
0.00332225913621
0.0132890365449
0.0132890365449
0.0132890365449
0.0
0.00996677740864
0.139534883721
0.0365448504983
0.0365448504983
0.102990033223
0.00996677740864
0.00664451827243
0.093023255814
0.00664451827243
0.00664451827243
0.00332225913621
0.0132890365449
0.0963455149502
0.0498338870432
0.00664451827243
0.0531561461794
0.116279069767
0.139534883721
0.139534883721
0.0996677740864
0.00664451827243
0.00332225913621
0.239202657807
0.239202657807
0.0897009966777
0.00332225913621
0.239202657807
0.239202657807
0.0166112956811
0.0
0.0
0.063122923588
0.063122923588
0.00664451827243
0.0
0.112956810631
0.00996677740864
0.00996677740864
0.00664451827243
0.0
0.00664451827243
0.00332225913621
0.00332225913621
0.0132890365449
0.00996677740864
0.00996677740864
0.0
0.0
0.162790697674
0.00996677740864
0.0
0.00332225913621
0.00332225913621
0.0
0.0
0.0
0.0132890365449
0.0
0.00664451827243
0.00332225913621
0.00664451827243
0.00996677740864
0.00332225913621
0.00332225913621
0.046511627907
0.046511627907
0.046511627907
0.046511627907
0.24584717608
0.24584717608
0.00664451827243
0.21926910299
0.0199335548173
0.212624584718
0.408637873754
0.126245847176
0.14950166113
0.14950166113
0.345514950166
0.348837209302
0.00332225913621
0.00332225913621
0.00664451827243
0.0265780730897
0.116279069767
0.063122923588
0.046511627907
0.046511627907
0.046511627907
0.0498338870432
0.0498338870432
0.0132890365449
0.242524916944
0.169435215947
0.0598006644518
0.0598006644518
0.0598006644518
0.0598006644518
0.00996677740864
0.00996677740864
0.0232558139535
0.348837209302
0.348837209302
0.299003322259
0.146179401993
0.00996677740864
0.0
0.0
0.255813953488
0.0
0.00664451827243
0.0132890365449
0.0
0.00996677740864
0.00664451827243
0.00664451827243
0.00332225913621
0.0
0.00664451827243
0.00332225913621
0.00664451827243
0.00664451827243
0.00332225913621
0.00996677740864
0.00996677740864
0.00664451827243
0.00332225913621
0.0
0.00332225913621
0.00332225913621
0.00996677740864
0.00332225913621
0.00996677740864
0.166112956811
0.166112956811
0.162790697674
0.0
0.00996677740864
0.0132890365449
0.00664451827243
0.00332225913621
0.00332225913621
0.0132890365449
0.00996677740864
0.00332225913621
0.225913621262
0.225913621262
0.146179401993
0.215946843854
0.169435215947
0.0
0.0166112956811
0.0166112956811
0.0
0.0132890365449
0.0132890365449
0.395348837209
0.0265780730897
0.0132890365449
0.179401993355
0.172757475083
0.0232558139535
0.0232558139535
0.578073089701
0.00996677740864
0.0299003322259
0.00664451827243
0.0166112956811
0.242524916944
0.0664451827243
0.0
0.0132890365449
0.00332225913621
0.0
0.0232558139535
0.00332225913621
0.00332225913621
0.292358803987
0.0897009966777
0.00996677740864
0.00996677740864
0.0132890365449
0.00664451827243
0.00996677740864
0.0132890365449
0.00332225913621
0.00332225913621
0.00996677740864
0.00332225913621
0.0
0.0
0.0232558139535
0.0232558139535
0.0199335548173
0.00332225913621
0.0
0.0
0.0830564784053
0.0132890365449
0.00996677740864
0.00996677740864
0.00664451827243
0.0166112956811
0.00332225913621
0.00996677740864
0.0132890365449
0.00664451827243
0.00332225913621
0.0830564784053
0.418604651163
0.418604651163
0.418604651163
0.418604651163
0.395348837209
0.179401993355
0.00664451827243
0.00996677740864
0.0431893687708
0.0431893687708
0.00996677740864
0.0
0.0166112956811
0.0166112956811
0.00996677740864
0.00996677740864
0.0431893687708
0.176079734219
0.176079734219
0.176079734219
0.12292358804
0.129568106312
0.0166112956811
0.0
0.0
0.129568106312
0.129568106312
0.295681063123
0.0299003322259
0.00664451827243
0.528239202658
0.0
0.00332225913621
0.00332225913621
0.00332225913621
0.00332225913621
0.00332225913621
0.00664451827243
0.0166112956811
0.0365448504983
0.0199335548173
0.00664451827243
0.00332225913621
0.00332225913621
0.0166112956811
0.00996677740864
0.0232558139535
0.00664451827243
0.0963455149502
0.0963455149502
0.00332225913621
0.00332225913621
0.00332225913621
0.0332225913621
0.00332225913621
0.0830564784053
0.00996677740864
0.269102990033
0.0199335548173
0.0299003322259
0.813953488372
0.817275747508
0.817275747508
0.0
0.179401993355
0.209302325581
0.106312292359
0.119601328904
0.0199335548173
0.102990033223
0.102990033223
0.102990033223
0.00996677740864
0.0332225913621
0.0132890365449
0.0199335548173
0.00664451827243
0.00332225913621
0.0431893687708
0.0431893687708
0.00996677740864
0.00664451827243
0.00332225913621
0.00332225913621
0.00332225913621
0.0132890365449
0.0132890365449
0.196013289037
0.00664451827243
0.00332225913621
0.182724252492
0.225913621262
0.225913621262
0.225913621262
0.229235880399
0.0
0.0166112956811
0.0199335548173
0.119601328904
0.242524916944
0.00664451827243
0.132890365449
0.0166112956811
0.475083056478
0.0
0.00332225913621
0.0299003322259
0.0232558139535
0.0166112956811
0.0
0.00996677740864
0.00996677740864
0.0
0.0
0.0
0.0166112956811
0.00332225913621
0.00996677740864
0.0265780730897
0.0299003322259
0.0166112956811
0.00996677740864
0.421926910299
0.418604651163
0.14950166113
0.0232558139535
0.0
0.00332225913621
0.146179401993
0.225913621262
0.119601328904
0.421926910299
0.00332225913621
0.0498338870432
0.00664451827243
0.00332225913621
0.0
0.205980066445
0.0
0.0199335548173
0.00664451827243
0.581395348837
0.0
0.0
0.00664451827243
0.0166112956811
0.0199335548173
0.0
0.0299003322259
0.00996677740864
0.651162790698
0.00664451827243
0.00332225913621
0.0
0.0
0.00332225913621
0.00332225913621
0.0
0.00664451827243
0.00332225913621
0.0
0.0
0.046511627907
0.046511627907
0.093023255814
0.093023255814
0.00664451827243
0.00664451827243
0.00996677740864
0.00996677740864
0.0
0.0
0.0132890365449
0.0
0.0
0.0
0.0
0.0
0.0
0.0
0.0
0.0
0.0
0.0
0.0
0.0
0.0
0.0
0.0
0.0
0.0
0.0
0.0
0.0
0.0
0.0
0.0
0.0
0.0
0.0
0.0
0.0
0.0
0.0
0.0
0.0
0.0
0.0
0.0
0.0
0.0
0.0
0.116279069767
0.421926910299
0.176079734219
0.00664451827243
0.116279069767
0.312292358804
0.00996677740864
0.0
0.00996677740864
0.00332225913621
0.00996677740864
0.12292358804
0.312292358804
0.358803986711
0.00996677740864
0.0166112956811
0.00996677740864
0.00664451827243
0.00664451827243
0.00664451827243
0.00332225913621
0.0
0.0
0.0
0.823920265781
0.235880398671
0.222591362126
0.205980066445
0.209302325581
0.0132890365449
0.0
0.647840531561
0.00664451827243
0.00664451827243
0.00996677740864
0.00664451827243
0.0166112956811
0.209302325581
0.209302325581
0.209302325581
0.0
0.0132890365449
0.0132890365449
0.00664451827243
0.00332225913621
0.0
0.00664451827243
0.0
0.0132890365449
0.0132890365449
0.0
0.0
0.0
0.00332225913621
0.00332225913621
0.0
0.00996677740864
0.00664451827243
0.00996677740864
0.00664451827243
0.0
0.172757475083
0.182724252492
0.0897009966777
0.0897009966777
0.00996677740864
0.0
0.00996677740864
0.00664451827243
0.445182724252
0.00332225913621
0.0
0.00664451827243
0.0166112956811
0.0
0.0199335548173
0.0332225913621
0.0
0.0797342192691
0.0265780730897
0.1926910299
0.00332225913621
0.501661129568
0.00332225913621
0.00332225913621
0.00332225913621
0.00664451827243
0.0199335548173
0.202657807309
0.0132890365449
0.00664451827243
0.0
0.00996677740864
0.00996677740864
0.00996677740864
0.00996677740864
0.00664451827243
0.00664451827243
0.00664451827243
0.0
0.0
0.00332225913621
0.0199335548173
0.415282392027
0.647840531561
0.00664451827243
0.132890365449
0.0664451827243
0.0664451827243
0.00332225913621
0.265780730897
0.345514950166
0.00664451827243
0.00332225913621
0.0132890365449
0.0
0.136212624585
0.129568106312
0.129568106312
0.109634551495
0.109634551495
0.00664451827243
0.00664451827243
0.00332225913621
0.31561461794
0.00664451827243
0.00664451827243
0.0764119601329
0.0730897009967
0.0
0.102990033223
0.109634551495
0.106312292359
0.12292358804
0.262458471761
0.598006644518
0.598006644518
0.598006644518
0.601328903654
0.475083056478
0.0199335548173
0.0
0.574750830565
0.578073089701
0.00332225913621
0.00332225913621
0.0
0.00996677740864
0.209302325581
0.196013289037
0.152823920266
0.152823920266
0.14950166113
0.0166112956811
0.0697674418605
0.408637873754
0.215946843854
0.508305647841
0.85049833887
0.129568106312
0.129568106312
0.401993355482
0.0
0.0
0.0166112956811
0.00332225913621
0.0697674418605
0.0730897009967
0.102990033223
0.0132890365449
0.00332225913621
0.00664451827243
0.00664451827243
0.00664451827243
0.00996677740864
0.0166112956811
0.0166112956811
0.00332225913621
0.0166112956811
0.142857142857
0.142857142857
0.0166112956811
0.00664451827243
0.568106312292
0.511627906977
0.514950166113
0.21926910299
0.508305647841
0.00996677740864
0.212624584718
0.00332225913621
0.0598006644518
0.00996677740864
0.156146179402
0.312292358804
0.308970099668
0.0
0.0232558139535
0.641196013289
0.0166112956811
0.0199335548173
0.0332225913621
0.0365448504983
0.0265780730897
0.00664451827243
0.0
0.0
0.126245847176
0.0
0.0
0.0166112956811
0.0166112956811
0.00996677740864
0.00332225913621
0.00332225913621
0.544850498339
0.544850498339
0.0897009966777
0.129568106312
0.554817275748
0.295681063123
0.0265780730897
0.00996677740864
0.458471760797
0.0265780730897
0.00332225913621
0.00332225913621
0.0132890365449
0.0166112956811
0.00664451827243
0.00664451827243
0.0132890365449
0.0132890365449
0.169435215947
0.106312292359
0.199335548173
0.199335548173
0.0199335548173
0.00332225913621
0.00664451827243
0.00332225913621
0.00332225913621
0.00664451827243
0.0132890365449
0.0132890365449
0.0
0.00664451827243
0.0132890365449
0.196013289037
0.0199335548173
0.00332225913621
0.0132890365449
0.00664451827243
0.0
0.0
0.0
0.0
0.0
0.00996677740864
0.00332225913621
0.00332225913621
0.00664451827243
0.0398671096346
0.142857142857
0.00664451827243
0.0996677740864
0.00664451827243
0.00332225913621
0.222591362126
0.172757475083
0.365448504983
0.00664451827243
0.00664451827243
0.179401993355
0.179401993355
0.169435215947
0.0132890365449
0.0132890365449
0.0166112956811
0.0132890365449
0.0764119601329
0.0166112956811
0.325581395349
0.00664451827243
1.09634551495
0.0166112956811
0.372093023256
0.372093023256
0.093023255814
0.093023255814
0.12292358804
0.0199335548173
0.0199335548173
0.00664451827243
0.524916943522
0.318936877076
0.478405315615
0.0132890365449
0.0199335548173
0.00996677740864
0.00996677740864
0.00332225913621
0.00332225913621
0.0299003322259
0.146179401993
0.00664451827243
0.0
0.0
0.00332225913621
0.00332225913621
0.00664451827243
0.0332225913621
0.00996677740864
0.00996677740864
0.0
0.129568106312
0.129568106312
0.129568106312
0.0132890365449
0.0166112956811
0.00332225913621
0.0
0.00664451827243
0.00664451827243
0.00664451827243
0.102990033223
0.0232558139535
0.00332225913621
0.00332225913621
0.00664451827243
0.0
0.0
0.0232558139535
0.00332225913621
0.00664451827243
0.00332225913621
0.00664451827243
0.00664451827243
0.00332225913621
0.0
0.0
0.00332225913621
0.0
0.00664451827243
0.00664451827243
0.00664451827243
0.00332225913621
0.00332225913621
0.0
0.00332225913621
0.00996677740864
0.0
0.0
0.00332225913621
0.0166112956811
0.0
0.0
0.00996677740864
0.093023255814
0.093023255814
0.106312292359
0.106312292359
0.00332225913621
0.0
0.00332225913621
0.00996677740864
0.00332225913621
0.00996677740864
0.0
0.0132890365449
0.0132890365449
0.00332225913621
0.063122923588
0.063122923588
0.063122923588
0.0
0.00664451827243
0.00664451827243
0.00332225913621
0.0132890365449
0.0
0.0
0.00664451827243
0.00332225913621
0.0132890365449
0.00664451827243
0.0764119601329
0.0132890365449
0.00332225913621
0.451827242525
0.335548172757
0.312292358804
0.312292358804
0.00332225913621
0.305647840532
0.0
0.00332225913621
0.00664451827243
0.00664451827243
0.00664451827243
0.172757475083
0.172757475083
0.00332225913621
0.00996677740864
0.00996677740864
0.0232558139535
0.0232558139535
0.0332225913621
0.0232558139535
0.225913621262
0.00996677740864
0.0166112956811
0.272425249169
0.0863787375415
0.0365448504983
0.282392026578
0.345514950166
0.345514950166
0.0664451827243
0.0
0.0
0.00664451827243
0.0132890365449
0.00664451827243
0.00664451827243
0.00996677740864
0.00664451827243
0.0897009966777
0.093023255814
0.0132890365449
0.0863787375415
0.0
0.388704318937
0.0132890365449
0.265780730897
0.0132890365449
0.0
0.0265780730897
0.0265780730897
0.0
0.00996677740864
0.0
0.252491694352
0.00332225913621
0.00332225913621
0.00332225913621
0.0
0.641196013289
0.634551495017
0.0
0.00664451827243
0.199335548173
0.0
0.229235880399
0.00332225913621
0.0132890365449
0.352159468439
0.146179401993
0.196013289037
0.00332225913621
0.0132890365449
0.0132890365449
0.159468438538
0.00332225913621
0.00332225913621
0.0
0.0
0.0
0.00996677740864
0.0265780730897
0.146179401993
0.0166112956811
0.0166112956811
0.0166112956811
0.0
0.0
0.362126245847
0.12292358804
0.262458471761
0.0963455149502
0.00332225913621
0.00664451827243
0.00996677740864
0.0
0.0
0.00664451827243
0.126245847176
0.00664451827243
0.00664451827243
0.358803986711
0.0
0.0
0.737541528239
0.299003322259
0.299003322259
0.00996677740864
0.0199335548173
0.302325581395
0.00664451827243
0.0
0.0
0.00332225913621
0.00332225913621
0.0166112956811
0.0166112956811
0.0
0.00996677740864
0.00664451827243
0.063122923588
0.667774086379
0.78073089701
0.385382059801
0.00664451827243
0.189368770764
0.415282392027
0.415282392027
0.332225913621
0.332225913621
0.126245847176
0.00996677740864
0.707641196013
0.249169435216
0.0
0.0
0.00332225913621
0.00332225913621
0.00332225913621
1.04983388704
0.102990033223
0.0299003322259
0.0797342192691
0.106312292359
0.0199335548173
0.00332225913621
0.00332225913621
0.00664451827243
0.0
0.0
0.0199335548173
0.0199335548173
0.0166112956811
0.0498338870432
0.0498338870432
0.202657807309
0.0232558139535
0.0
0.0
0.106312292359
0.225913621262
0.162790697674
0.0132890365449
0.259136212625
0.176079734219
0.112956810631
0.00332225913621
0.00332225913621
0.0299003322259
0.0132890365449
0.126245847176
0.119601328904
0.0132890365449
0.129568106312
0.21926910299
0.00332225913621
0.00332225913621
0.00332225913621
0.0
0.0
0.00664451827243
0.269102990033
0.269102990033
0.116279069767
0.116279069767
0.112956810631
0.199335548173
0.176079734219
0.172757475083
0.232558139535
0.28903654485
0.28903654485
0.112956810631
0.146179401993
0.12292358804
0.00332225913621
0.00332225913621
0.162790697674
0.00664451827243
0.435215946844
0.0
0.0
0.388704318937
0.00332225913621
0.00332225913621
0.00332225913621
0.0232558139535
0.14950166113
0.00664451827243
0.00332225913621
0.126245847176
0.229235880399
0.269102990033
0.269102990033
0.00664451827243
0.332225913621
0.332225913621
0.00664451827243
0.0
0.0232558139535
0.00996677740864
0.00996677740864
0.00996677740864
0.495016611296
0.495016611296
0.318936877076
0.136212624585
0.136212624585
0.126245847176
0.00664451827243
0.00332225913621
0.0
0.0
0.00996677740864
0.00332225913621
0.00332225913621
0.00332225913621
0.0
0.0199335548173
0.418604651163
0.418604651163
0.418604651163
0.00332225913621
0.00996677740864
0.0
0.126245847176
0.166112956811
0.285714285714
0.0132890365449
0.00332225913621
0.00996677740864
0.0166112956811
0.0166112956811
0.112956810631
0.126245847176
0.00664451827243
0.0365448504983
0.312292358804
0.00996677740864
0.24584717608
0.24584717608
0.24584717608
0.24584717608
0.833887043189
0.129568106312
0.129568106312
0.00332225913621
0.00996677740864
0.00996677740864
0.189368770764
0.0332225913621
0.00996677740864
0.00996677740864
0.00996677740864
0.00664451827243
0.0
0.00664451827243
0.00996677740864
0.229235880399
0.229235880399
0.229235880399
0.514950166113
0.239202657807
0.681063122924
0.229235880399
0.0332225913621
0.00332225913621
0.0
0.00996677740864
0.0
0.00664451827243
0.00664451827243
0.00332225913621
0.0166112956811
0.00664451827243
0.00664451827243
0.00664451827243
0.00332225913621
0.00996677740864
0.00332225913621
0.00332225913621
0.0
0.00332225913621
0.0132890365449
0.24584717608
0.272425249169
0.867109634551
0.8073089701
0.106312292359
0.106312292359
0.00332225913621
0.00332225913621
0.186046511628
0.00332225913621
0.338870431894
0.00332225913621
0.00332225913621
0.00332225913621
0.0166112956811
0.00996677740864
0.0764119601329
0.00996677740864
0.00996677740864
0.0
0.00332225913621
0.00332225913621
0.00664451827243
0.00664451827243
0.468438538206
0.468438538206
0.485049833887
0.485049833887
0.548172757475
0.548172757475
0.14950166113
0.142857142857
0.142857142857
0.0199335548173
0.312292358804
0.209302325581
0.00332225913621
0.00332225913621
0.495016611296
0.495016611296
0.495016611296
0.495016611296
0.00332225913621
0.093023255814
0.112956810631
0.00332225913621
0.00332225913621
0.00332225913621
0.00332225913621
0.00332225913621
0.132890365449
0.338870431894
0.00996677740864
0.0
0.0
0.172757475083
0.172757475083
0.00996677740864
0.00664451827243
0.00332225913621
0.172757475083
0.156146179402
0.156146179402
0.156146179402
0.00664451827243
0.0498338870432
0.00664451827243
0.0132890365449
0.0
0.0
0.00332225913621
0.00332225913621
0.0132890365449
0.348837209302
0.00996677740864
0.00996677740864
0.00664451827243
0.372093023256
0.352159468439
0.352159468439
0.352159468439
0.00664451827243
0.0
0.265780730897
0.00332225913621
0.312292358804
0.358803986711
0.0
0.0
0.00332225913621
0.0
0.0166112956811
0.00332225913621
0.00996677740864
0.0
0.0
0.0
0.0
0.0
0.0
0.0132890365449
0.162790697674
0.159468438538
0.0
0.00664451827243
0.00332225913621
0.00664451827243
0.00664451827243
0.00664451827243
0.00664451827243
0.0
0.00996677740864
0.00332225913621
0.189368770764
0.0199335548173
0.00332225913621
0.00664451827243
0.0
0.00664451827243
0.00664451827243
0.0232558139535
0.0232558139535
0.00664451827243
0.0166112956811
0.00332225913621
0.734219269103
0.445182724252
0.458471760797
0.458471760797
0.00996677740864
0.0697674418605
0.418604651163
0.418604651163
0.176079734219
0.00332225913621
0.0697674418605
0.00332225913621
0.0132890365449
0.0166112956811
0.385382059801
0.199335548173
0.199335548173
0.199335548173
0.0996677740864
0.355481727575
0.0132890365449
0.239202657807
0.0564784053156
0.162790697674
0.212624584718
0.00664451827243
0.00332225913621
0.0132890365449
0.0132890365449
0.235880398671
0.215946843854
0.269102990033
0.0199335548173
0.299003322259
0.169435215947
0.00332225913621
0.093023255814
0.116279069767
0.0
0.00664451827243
0.0132890365449
0.116279069767
0.116279069767
0.116279069767
0.116279069767
0.159468438538
0.0199335548173
0.31561461794
0.0132890365449
0.0332225913621
0.0332225913621
0.308970099668
0.265780730897
0.0564784053156
0.0564784053156
0.558139534884
0.046511627907
0.166112956811
0.166112956811
0.129568106312
0.0797342192691
0.0797342192691
0.00332225913621
0.0598006644518
0.0498338870432
0.0
0.00332225913621
0.00996677740864
0.179401993355
0.182724252492
0.0830564784053
0.0764119601329
0.0996677740864
0.0996677740864
0.0996677740864
0.0996677740864
0.0996677740864
0.0996677740864
0.00664451827243
0.0
0.0
0.0
0.00332225913621
0.00332225913621
0.0232558139535
0.00332225913621
0.00332225913621
0.00996677740864
0.418604651163
0.0299003322259
0.00664451827243
0.358803986711
0.0166112956811
0.0199335548173
0.0
0.0531561461794
0.68438538206
0.617940199336
0.152823920266
0.225913621262
0.176079734219
0.146179401993
0.299003322259
0.063122923588
0.598006644518
0.0199335548173
0.0
0.0
0.0132890365449
0.0531561461794
0.0199335548173
0.00996677740864
0.00332225913621
0.0199335548173
0.0132890365449
0.00996677740864
0.00664451827243
0.093023255814
0.651162790698
0.651162790698
0.093023255814
0.0132890365449
0.00332225913621
0.00332225913621
0.00332225913621
0.00332225913621
0.00332225913621
0.345514950166
0.345514950166
0.345514950166
0.0398671096346
0.162790697674
0.112956810631
0.186046511628
0.186046511628
0.375415282392
0.0897009966777
0.0166112956811
0.41196013289
0.41196013289
0.415282392027
0.388704318937
0.388704318937
0.00664451827243
0.0132890365449
0.205980066445
0.00664451827243
0.00332225913621
0.0199335548173
0.00664451827243
0.00664451827243
0.0996677740864
0.0996677740864
0.0996677740864
0.179401993355
0.112956810631
0.112956810631
0.112956810631
0.0
0.00664451827243
0.0
0.12292358804
0.202657807309
0.159468438538
0.00664451827243
0.00664451827243
0.00664451827243
0.0
0.0
0.0
0.0
0.0199335548173
0.00664451827243
0.0166112956811
0.0963455149502
0.0963455149502
0.0963455149502
0.0531561461794
0.00664451827243
0.0
0.0
0.00996677740864
0.0398671096346
0.0398671096346
0.0132890365449
0.00996677740864
0.0963455149502
0.425249169435
0.31561461794
0.139534883721
0.508305647841
0.312292358804
0.415282392027
0.259136212625
0.259136212625
0.295681063123
0.0564784053156
0.0564784053156
0.305647840532
0.232558139535
0.232558139535
0.584717607973
0.00664451827243
0.322259136213
0.046511627907
0.046511627907
0.093023255814
0.093023255814
0.392026578073
0.0132890365449
0.139534883721
0.139534883721
0.209302325581
0.205980066445
0.205980066445
0.21926910299
0.00332225913621
0.00332225913621
0.571428571429
0.578073089701
0.415282392027
0.126245847176
0.166112956811
0.0132890365449
0.00332225913621
0.0166112956811
0.176079734219
0.182724252492
0.295681063123
0.295681063123
0.00664451827243
0.441860465116
0.441860465116
0.445182724252
0.0897009966777
0.0265780730897
0.0265780730897
0.0265780730897
0.109634551495
0.109634551495
0.41196013289
0.0730897009967
0.0863787375415
0.106312292359
0.159468438538
0.159468438538
0.00332225913621
0.0498338870432
0.129568106312
0.00664451827243
0.0199335548173
0.00664451827243
0.0199335548173
0.0265780730897
0.00996677740864
0.0
0.0
0.0132890365449
0.205980066445
0.28903654485
0.28903654485
0.548172757475
0.00996677740864
0.36877076412
0.0897009966777
0.172757475083
0.677740863787
0.292358803987
0.28903654485
0.275747508306
0.803986710963
0.338870431894
0.00332225913621
0.00664451827243
0.0398671096346
0.00664451827243
0.0132890365449
0.00996677740864
0.0
0.00332225913621
0.0166112956811
0.00996677740864
0.873754152824
0.00996677740864
0.00332225913621
0.00664451827243
0.0
0.0166112956811
0.00664451827243
0.00332225913621
0.00332225913621
0.0
0.0
0.0
0.00996677740864
0.00996677740864
0.0
0.00664451827243
0.0
0.41196013289
0.401993355482
0.142857142857
0.00664451827243
0.0
0.00332225913621
0.0166112956811
0.102990033223
0.00996677740864
0.00332225913621
0.00332225913621
0.285714285714
0.0
0.0
0.0
0.00332225913621
0.0797342192691
0.0
0.00332225913621
0.00996677740864
0.0
0.0199335548173
0.0
0.0132890365449
0.0132890365449
0.0
0.0
0.0
0.0
0.0
0.00664451827243
0.0132890365449
0.00996677740864
0.0
0.00332225913621
0.0232558139535
0.0232558139535
0.00332225913621
0.00664451827243
0.00996677740864
0.0132890365449
0.00332225913621
0.0
0.00996677740864
0.00332225913621
0.00664451827243
0.00332225913621
0.0
0.0
0.00332225913621
0.00332225913621
0.0
0.0132890365449
0.0
0.00332225913621
0.00664451827243
0.00332225913621
0.0897009966777
0.0166112956811
0.00996677740864
0.0
0.0166112956811
0.0299003322259
0.172757475083
0.172757475083
0.172757475083
0.00664451827243
0.00332225913621
0.405315614618
0.00996677740864
0.00664451827243
0.00332225913621
0.0166112956811
0.00664451827243
0.00332225913621
0.00332225913621
0.00996677740864
0.0
0.00996677740864
0.0132890365449
0.00996677740864
0.179401993355
0.0166112956811
0.0332225913621
0.498338870432
0.56146179402
0.528239202658
0.0398671096346
0.0
0.0
0.00664451827243
0.00664451827243
0.00332225913621
0.126245847176
0.0764119601329
0.0764119601329
0.102990033223
0.478405315615
0.00332225913621
0.00332225913621
0.00332225913621
0.00996677740864
0.00332225913621
0.00332225913621
0.00332225913621
0.139534883721
0.0996677740864
0.0996677740864
0.186046511628
0.212624584718
0.212624584718
0.318936877076
0.318936877076
0.172757475083
0.24584717608
0.242524916944
0.205980066445
0.0166112956811
0.00332225913621
0.109634551495
0.109634551495
0.109634551495
0.00996677740864
0.00332225913621
0.0
0.551495016611
0.00664451827243
0.0199335548173
0.34219269103
0.0265780730897
0.0166112956811
0.0897009966777
0.0
0.0
0.00332225913621
0.0
0.0132890365449
0.259136212625
0.152823920266
0.209302325581
0.24584717608
0.00664451827243
0.00664451827243
0.00332225913621
0.159468438538
0.00996677740864
0.0132890365449
0.00996677740864
0.0132890365449
0.00332225913621
0.00996677740864
0.00996677740864
0.00664451827243
0.0132890365449
0.00332225913621
0.471760797342
0.0199335548173
0.305647840532
0.0299003322259
0.0199335548173
0.0299003322259
0.0132890365449
0.0132890365449
0.0
0.252491694352
0.90365448505
0.252491694352
0.152823920266
0.152823920266
0.24584717608
0.186046511628
0.186046511628
0.182724252492
0.24584717608
0.189368770764
0.0265780730897
0.0132890365449
0.202657807309
0.840531561462
0.00664451827243
0.172757475083
0.322259136213
0.322259136213
0.279069767442
0.279069767442
0.00664451827243
0.00664451827243
0.00664451827243
0.00664451827243
0.00332225913621
0.0299003322259
0.0299003322259
0.00996677740864
0.1926910299
0.0199335548173
0.132890365449
0.132890365449
0.00664451827243
0.0
0.0
0.0
0.21926910299
0.21926910299
0.478405315615
0.0
0.00332225913621
0.14950166113
0.205980066445
0.205980066445
0.0299003322259
0.0232558139535
0.00332225913621
0.00332225913621
0.00332225913621
0.00332225913621
0.172757475083
0.172757475083
0.0199335548173
0.00664451827243
0.571428571429
0.00332225913621
0.00664451827243
0.0
0.0
0.00332225913621
0.00996677740864
0.0166112956811
0.00664451827243
0.0166112956811
0.00664451827243
0.00664451827243
0.00332225913621
0.611295681063
0.0232558139535
0.285714285714
0.046511627907
0.0132890365449
0.0132890365449
0.00996677740864
0.282392026578
0.00332225913621
0.0
0.0
0.00332225913621
0.179401993355
0.0132890365449
0.0166112956811
0.0132890365449
0.0132890365449
0.0132890365449
0.0166112956811
0.00664451827243
0.0
0.0132890365449
0.0
0.0232558139535
0.0199335548173
0.255813953488
0.255813953488
0.255813953488
0.0
0.00996677740864
0.00996677740864
0.0431893687708
0.00332225913621
0.225913621262
0.225913621262
0.225913621262
0.0564784053156
0.0830564784053
0.0830564784053
0.322259136213
0.322259136213
0.00996677740864
0.0232558139535
0.0199335548173
0.0199335548173
0.0199335548173
0.285714285714
0.285714285714
0.285714285714
0.681063122924
0.681063122924
0.292358803987
0.292358803987
0.0132890365449
0.0
0.0
0.0
0.421926910299
0.00996677740864
0.00996677740864
0.0
0.00996677740864
0.00332225913621
0.0
0.00664451827243
0.0199335548173
0.0
0.00664451827243
0.0730897009967
0.129568106312
0.136212624585
0.0166112956811
0.00332225913621
0.00664451827243
0.00996677740864
0.202657807309
0.199335548173
0.0299003322259
0.119601328904
0.00664451827243
0.451827242525
0.0265780730897
0.00996677740864
0.162790697674
0.126245847176
0.126245847176
0.425249169435
0.00332225913621
0.159468438538
0.0697674418605
0.225913621262
0.282392026578
0.0132890365449
0.0265780730897
0.0
0.00996677740864
0.46511627907
0.46511627907
0.00664451827243
0.12292358804
0.0
0.0
0.0
0.00664451827243
0.00664451827243
0.0
0.0199335548173
0.00332225913621
0.0863787375415
0.0
0.0697674418605
0.00332225913621
0.00664451827243
0.0132890365449
0.0132890365449
0.0
0.00332225913621
0.199335548173
0.199335548173
0.199335548173
0.00664451827243
0.0
0.162790697674
0.870431893688
0.870431893688
0.873754152824
0.873754152824
0.0199335548173
0.0199335548173
0.205980066445
0.205980066445
0.0
0.00332225913621
0.93023255814
0.00664451827243
0.0
0.0
0.0
0.0
0.0132890365449
0.0132890365449
0.00664451827243
0.00664451827243
0.00664451827243
0.0
0.428571428571
0.428571428571
0.0
0.0
0.0
0.255813953488
0.212624584718
0.152823920266
0.0299003322259
0.00996677740864
0.00996677740864
0.00996677740864
0.00996677740864
0.00996677740864
0.00996677740864
0.0132890365449
0.0132890365449
0.235880398671
0.235880398671
0.235880398671
0.0199335548173
0.046511627907
0.0265780730897
0.00664451827243
0.00664451827243
0.00664451827243
0.0
0.00664451827243
0.0232558139535
0.00664451827243
0.00664451827243
0.0
0.0132890365449
0.00332225913621
0.00664451827243
0.00996677740864
0.199335548173
0.215946843854
0.0265780730897
0.0265780730897
0.179401993355
0.00996677740864
0.0166112956811
0.0
0.00664451827243
0.00332225913621
0.00664451827243
0.00332225913621
0.00996677740864
0.00996677740864
0.00332225913621
0.00332225913621
0.285714285714
0.0299003322259
0.458471760797
0.239202657807
0.239202657807
0.239202657807
0.136212624585
0.189368770764
0.162790697674
0.292358803987
0.229235880399
0.126245847176
0.126245847176
0.681063122924
0.265780730897
0.262458471761
0.169435215947
0.501661129568
0.229235880399
0.00996677740864
0.00332225913621
0.00332225913621
0.00332225913621
0.00332225913621
0.129568106312
0.398671096346
0.398671096346
0.00664451827243
0.00664451827243
0.00664451827243
0.0
0.0199335548173
0.0232558139535
0.0
0.00664451827243
0.00332225913621
0.102990033223
0.00664451827243
0.0132890365449
0.00332225913621
0.00332225913621
0.00664451827243
0.00332225913621
0.0199335548173
0.00996677740864
0.00996677740864
0.0697674418605
0.225913621262
0.00996677740864
0.252491694352
0.0
0.0
0.00664451827243
0.0232558139535
0.172757475083
0.176079734219
0.112956810631
0.0166112956811
0.0166112956811
0.00332225913621
0.00664451827243
0.00332225913621
0.00664451827243
0.00664451827243
0.0132890365449
0.00332225913621
0.0730897009967
0.0730897009967
0.0
0.00332225913621
0.00996677740864
0.00664451827243
0.00996677740864
0.345514950166
0.332225913621
0.332225913621
0.00332225913621
0.0
0.0166112956811
0.00664451827243
0.00332225913621
0.0
0.00996677740864
0.398671096346
0.398671096346
0.00332225913621
0.00332225913621
0.0166112956811
0.0
0.0
0.00332225913621
0.00332225913621
0.00996677740864
0.0166112956811
0.00332225913621
0.0
0.0132890365449
0.00996677740864
0.0365448504983
0.0863787375415
0.00664451827243
0.00664451827243
0.0
0.00332225913621
0.31561461794
0.292358803987
0.00996677740864
0.00332225913621
0.00332225913621
0.063122923588
0.372093023256
0.0
0.0
0.00332225913621
0.112956810631
0.0199335548173
0.0199335548173
0.0
0.00664451827243
0.0299003322259
0.0299003322259
0.046511627907
0.046511627907
0.126245847176
0.126245847176
0.953488372093
0.136212624585
0.0
0.0
0.0
0.00332225913621
0.00332225913621
0.478405315615
0.478405315615
0.584717607973
0.0
0.00332225913621
0.0199335548173
0.0
0.00664451827243
0.00664451827243
0.00332225913621
0.139534883721
0.112956810631
0.00664451827243
0.0
0.0
0.0
0.232558139535
0.159468438538
0.129568106312
0.129568106312
0.0132890365449
0.00996677740864
0.295681063123
0.355481727575
0.189368770764
0.00332225913621
0.00332225913621
0.139534883721
0.00332225913621
0.229235880399
0.229235880399
0.0
0.126245847176
0.126245847176
0.0
0.00664451827243
0.00332225913621
0.00332225913621
0.00332225913621
0.00332225913621
0.00996677740864
0.00996677740864
0.046511627907
0.0265780730897
0.445182724252
0.445182724252
0.318936877076
0.169435215947
0.166112956811
0.00664451827243
0.109634551495
0.285714285714
0.0398671096346
0.501661129568
0.0365448504983
0.0132890365449
0.00996677740864
0.398671096346
0.285714285714
0.282392026578
0.00664451827243
0.046511627907
0.0
0.182724252492
0.179401993355
0.179401993355
0.28903654485
0.299003322259
0.0132890365449
0.0132890365449
0.292358803987
0.279069767442
0.136212624585
0.0431893687708
0.0
0.0
0.0
0.0
0.0
0.00664451827243
0.00664451827243
0.0132890365449
0.00332225913621
0.541528239203
0.00332225913621
0.00996677740864
0.00996677740864
0.00332225913621
0.199335548173
0.199335548173
0.0
0.00332225913621
0.00332225913621
0.0166112956811
0.166112956811
0.166112956811
0.00664451827243
0.205980066445
0.00996677740864
0.365448504983
0.00996677740864
0.00996677740864
0.179401993355
0.179401993355
0.156146179402
0.0730897009967
0.0963455149502
0.318936877076
0.318936877076
0.913621262458
0.591362126246
0.591362126246
0.00332225913621
0.0132890365449
0.41196013289
0.292358803987
0.0
0.0
0.0
0.644518272425
0.0332225913621
0.182724252492
0.166112956811
0.0697674418605
0.0697674418605
0.0697674418605
0.0697674418605
0.0199335548173
0.0
0.0
0.0
0.0
0.0
0.0
0.0
0.00664451827243
0.172757475083
0.235880398671
0.00996677740864
0.0132890365449
0.0132890365449
0.0
0.249169435216
0.24584717608
0.0
0.00664451827243
0.00664451827243
0.00664451827243
0.00332225913621
0.00996677740864
0.00996677740864
0.00332225913621
0.0265780730897
0.00996677740864
0.00996677740864
0.0
0.00996677740864
0.00996677740864
0.00996677740864
0.00664451827243
0.0232558139535
0.00664451827243
0.00332225913621
0.0166112956811
0.00332225913621
0.0265780730897
0.0
0.0166112956811
0.0132890365449
0.0232558139535
0.00664451827243
0.159468438538
0.0166112956811
0.0166112956811
0.199335548173
0.488372093023
0.0132890365449
0.0132890365449
0.0132890365449
0.0132890365449
0.0132890365449
0.0132890365449
0.0730897009967
0.0730897009967
0.136212624585
0.0132890365449
0.0299003322259
0.00332225913621
0.292358803987
0.0299003322259
0.504983388704
0.501661129568
0.00996677740864
0.00996677740864
0.00996677740864
0.0166112956811
0.00996677740864
0.0398671096346
0.00332225913621
0.0132890365449
0.0697674418605
0.0697674418605
0.0697674418605
0.225913621262
0.063122923588
0.478405315615
0.182724252492
0.182724252492
0.0265780730897
0.0166112956811
0.166112956811
0.00664451827243
0.0132890365449
0.063122923588
0.132890365449
0.132890365449
0.132890365449
0.132890365449
0.109634551495
0.272425249169
0.0863787375415
0.0299003322259
0.00996677740864
0.0199335548173
0.325581395349
0.322259136213
0.395348837209
0.00996677740864
0.00996677740864
0.0
0.0132890365449
0.774086378738
0.12292358804
0.116279069767
0.0166112956811
0.338870431894
0.179401993355
0.408637873754
0.0664451827243
0.0664451827243
0.0664451827243
0.0697674418605
0.352159468439
0.102990033223
0.0996677740864
0.0265780730897
0.235880398671
0.0199335548173
0.126245847176
0.0332225913621
0.0332225913621
0.093023255814
0.093023255814
0.093023255814
0.112956810631
0.046511627907
0.259136212625
0.259136212625
0.0265780730897
0.0365448504983
0.0598006644518
0.0531561461794
0.299003322259
0.299003322259
0.0232558139535
0.0598006644518
0.0598006644518
0.0365448504983
0.232558139535
0.229235880399
0.225913621262
0.647840531561
0.647840531561
0.0963455149502
0.12292358804
0.574750830565
0.222591362126
0.199335548173
0.189368770764
0.651162790698
0.282392026578
0.308970099668
0.176079734219
0.504983388704
0.508305647841
0.00332225913621
0.0232558139535
0.784053156146
0.0797342192691
0.0265780730897
0.102990033223
0.0863787375415
0.129568106312
0.0
0.0199335548173
0.0199335548173
0.0199335548173
0.279069767442
0.176079734219
0.146179401993
0.146179401993
0.116279069767
0.355481727575
0.0199335548173
0.0199335548173
0.00664451827243
0.196013289037
0.00664451827243
0.0730897009967
0.0730897009967
0.0
0.0
0.0199335548173
0.00664451827243
0.00664451827243
0.0
0.0
0.00332225913621
0.0
0.0
0.0199335548173
0.132890365449
0.132890365449
0.478405315615
0.478405315615
0.209302325581
0.239202657807
0.21926910299
0.12292358804
0.12292358804
0.0
0.106312292359
0.00332225913621
0.202657807309
0.14950166113
0.14950166113
0.14950166113
0.132890365449
0.21926910299
0.212624584718
0.255813953488
0.0830564784053
0.0830564784053
0.0830564784053
0.186046511628
0.186046511628
0.212624584718
0.212624584718
0.00664451827243
0.00332225913621
0.229235880399
0.00996677740864
0.36877076412
0.0232558139535
0.0232558139535
0.00664451827243
0.00664451827243
0.0132890365449
0.0132890365449
0.00664451827243
0.00332225913621
0.475083056478
0.00996677740864
0.0
0.0166112956811
0.0199335548173
0.00996677740864
0.0365448504983
0.0365448504983
0.0664451827243
0.41196013289
0.41196013289
0.109634551495
0.109634551495
0.0398671096346
0.0232558139535
0.00664451827243
0.00664451827243
0.00996677740864
0.0132890365449
0.00664451827243
0.0
0.00664451827243
0.142857142857
0.308970099668
0.0332225913621
0.269102990033
0.269102990033
0.0132890365449
0.0132890365449
0.222591362126
0.0
0.00332225913621
0.00332225913621
0.0265780730897
0.0166112956811
0.0
0.338870431894
0.265780730897
0.0398671096346
0.00996677740864
0.0
0.0
0.00332225913621
0.00664451827243
0.126245847176
0.129568106312
0.129568106312
0.00664451827243
0.00664451827243
0.0166112956811
0.0166112956811
0.00996677740864
0.159468438538
0.00664451827243
0.00996677740864
0.00664451827243
0.0
0.0199335548173
0.0199335548173
0.162790697674
0.166112956811
0.272425249169
0.272425249169
0.00996677740864
0.209302325581
0.00332225913621
0.00332225913621
0.00664451827243
0.322259136213
0.322259136213
0.186046511628
0.471760797342
0.46511627907
0.358803986711
0.0132890365449
0.0265780730897
0.102990033223
0.0265780730897
0.00664451827243
0.0365448504983
0.00996677740864
0.00664451827243
0.00996677740864
0.00332225913621
0.0
0.00332225913621
0.0132890365449
0.0132890365449
0.0232558139535
0.0132890365449
0.0863787375415
0.112956810631
0.112956810631
0.0
0.0
0.126245847176
0.00332225913621
0.102990033223
0.00996677740864
0.00664451827243
0.0
0.0
0.00332225913621
0.00996677740864
0.00332225913621
0.00332225913621
0.00332225913621
0.0
0.0166112956811
0.0232558139535
0.00664451827243
0.00996677740864
0.00996677740864
0.0132890365449
0.295681063123
0.0132890365449
0.0398671096346
0.269102990033
0.0398671096346
0.00332225913621
0.518272425249
0.215946843854
0.431893687708
0.14950166113
0.0332225913621
0.00996677740864
0.00996677740864
0.093023255814
0.0166112956811
0.0166112956811
0.0
0.24584717608
0.0531561461794
0.182724252492
0.182724252492
0.162790697674
0.328903654485
0.00996677740864
0.00996677740864
0.0166112956811
0.00332225913621
0.176079734219
0.136212624585
0.0897009966777
0.0
0.00996677740864
0.00996677740864
0.275747508306
0.00664451827243
0.00664451827243
0.571428571429
0.558139534884
0.00332225913621
0.0
0.0
0.129568106312
0.166112956811
0.169435215947
0.0232558139535
0.0299003322259
0.00996677740864
0.00996677740864
0.0
0.112956810631
0.116279069767
0.116279069767
0.00664451827243
0.00664451827243
0.302325581395
0.0132890365449
0.0166112956811
0.152823920266
0.0265780730897
0.0199335548173
0.0265780730897
0.0265780730897
0.132890365449
0.0598006644518
0.664451827243
0.445182724252
0.0299003322259
0.0365448504983
0.0365448504983
0.0830564784053
0.0830564784053
0.0199335548173
0.308970099668
0.00332225913621
0.0
0.00332225913621
0.00332225913621
0.00332225913621
0.458471760797
0.441860465116
0.431893687708
0.00664451827243
0.0
0.0
0.0166112956811
0.00664451827243
0.0
0.172757475083
0.063122923588
0.215946843854
0.00332225913621
0.325581395349
0.0132890365449
0.0132890365449
0.00664451827243
0.179401993355
0.00996677740864
0.179401993355
0.152823920266
0.172757475083
0.00664451827243
0.00332225913621
0.0132890365449
0.00996677740864
0.0132890365449
0.0
0.312292358804
0.0664451827243
0.179401993355
0.205980066445
0.0299003322259
0.0299003322259
0.00332225913621
0.0
0.0
0.172757475083
0.172757475083
0.172757475083
0.172757475083
0.362126245847
0.362126245847
0.0365448504983
0.0365448504983
0.0
0.00664451827243
0.0166112956811
0.00996677740864
0.481727574751
0.00996677740864
0.00332225913621
0.00332225913621
0.00332225913621
0.00996677740864
0.00664451827243
0.00996677740864
0.0
0.00332225913621
0.00664451827243
0.132890365449
0.00332225913621
0.00332225913621
0.0996677740864
0.0996677740864
0.146179401993
0.0
0.00332225913621
0.00332225913621
0.0365448504983
0.00996677740864
0.00664451827243
0.0199335548173
0.0132890365449
0.0199335548173
0.0199335548173
0.00996677740864
0.00664451827243
0.00996677740864
0.00332225913621
0.00332225913621
0.0
0.00996677740864
0.0
0.504983388704
0.00996677740864
0.0
0.0265780730897
0.0166112956811
0.00996677740864
0.132890365449
0.132890365449
0.00996677740864
0.00996677740864
0.00996677740864
0.36877076412
0.0598006644518
0.0
0.0166112956811
0.00332225913621
0.00332225913621
0.00996677740864
0.0
0.0
0.00332225913621
0.0166112956811
0.00664451827243
0.00332225913621
0.0166112956811
0.518272425249
0.584717607973
0.511627906977
0.378737541528
0.259136212625
0.00332225913621
0.109634551495
0.109634551495
0.00332225913621
0.0132890365449
0.0166112956811
0.132890365449
0.132890365449
0.132890365449
0.132890365449
0.0
0.00996677740864
0.00996677740864
0.225913621262
0.345514950166
0.514950166113
0.518272425249
0.00664451827243
0.0730897009967
0.0730897009967
0.0730897009967
0.318936877076
0.176079734219
0.21926910299
0.225913621262
0.0
0.372093023256
0.395348837209
0.0564784053156
0.0564784053156
0.0797342192691
0.0797342192691
0.365448504983
0.398671096346
0.302325581395
0.00664451827243
0.0166112956811
0.0166112956811
0.116279069767
0.71096345515
0.498338870432
0.495016611296
0.176079734219
0.0897009966777
0.0897009966777
0.00996677740864
0.0265780730897
0.0265780730897
0.0166112956811
0.159468438538
0.159468438538
0.159468438538
0.136212624585
0.259136212625
0.46511627907
0.392026578073
0.199335548173
0.0863787375415
0.431893687708
0.431893687708
0.794019933555
0.14950166113
0.0166112956811
0.0166112956811
0.00996677740864
0.00996677740864
0.46511627907
0.461794019934
0.784053156146
0.0996677740864
0.0598006644518
0.046511627907
0.415282392027
0.415282392027
0.00332225913621
0.279069767442
0.0166112956811
0.00332225913621
0.102990033223
0.102990033223
0.102990033223
0.0166112956811
0.0199335548173
0.0265780730897
0.0
0.511627906977
0.511627906977
0.511627906977
0.0232558139535
0.00332225913621
0.767441860465
0.767441860465
0.564784053156
0.272425249169
0.00332225913621
0.232558139535
0.232558139535
0.232558139535
0.232558139535
0.0132890365449
0.0166112956811
0.142857142857
0.142857142857
0.335548172757
0.166112956811
0.063122923588
0.0664451827243
0.063122923588
0.176079734219
0.00664451827243
0.102990033223
0.0897009966777
0.0299003322259
0.00996677740864
0.0265780730897
0.0265780730897
0.28903654485
0.0299003322259
0.335548172757
0.335548172757
0.119601328904
0.199335548173
0.348837209302
0.348837209302
0.0232558139535
0.0265780730897
0.0166112956811
0.0265780730897
0.0232558139535
0.0265780730897
0.0
0.0
0.0
0.00332225913621
0.00332225913621
0.00996677740864
0.00332225913621
0.0
0.385382059801
0.0
0.00996677740864
0.00996677740864
0.00664451827243
0.00332225913621
0.0
0.00332225913621
0.102990033223
0.0
0.0132890365449
0.00332225913621
0.0132890365449
0.0
0.00664451827243
0.00332225913621
0.0232558139535
0.00996677740864
0.14950166113
0.156146179402
0.119601328904
0.0166112956811
0.00996677740864
0.00996677740864
0.00332225913621
0.00996677740864
0.205980066445
0.202657807309
0.00332225913621
0.00996677740864
0.0
0.0
0.00664451827243
0.0
0.126245847176
0.126245847176
0.186046511628
0.0166112956811
0.00332225913621
0.00996677740864
0.00332225913621
0.00332225913621
0.0232558139535
0.0232558139535
0.00332225913621
0.0
0.00332225913621
0.00332225913621
0.136212624585
0.0199335548173
0.00332225913621
0.00664451827243
0.00664451827243
0.262458471761
0.262458471761
0.046511627907
0.156146179402
0.129568106312
0.146179401993
0.169435215947
0.0166112956811
0.00664451827243
0.0863787375415
0.00332225913621
0.00664451827243
0.00332225913621
0.00996677740864
0.00996677740864
0.00332225913621
0.0299003322259
0.00332225913621
0.0863787375415
0.093023255814
0.093023255814
0.093023255814
0.00664451827243
0.14950166113
0.624584717608
0.112956810631
0.0232558139535
0.0531561461794
0.172757475083
0.0132890365449
0.0166112956811
0.00996677740864
0.0
0.0132890365449
0.00664451827243
0.00996677740864
0.0265780730897
0.00664451827243
0.0265780730897
0.43853820598
0.43853820598
0.0996677740864
0.0996677740864
0.0132890365449
0.0299003322259
0.00664451827243
0.0
0.0
0.0132890365449
0.00996677740864
0.0166112956811
0.0132890365449
0.00332225913621
0.0
0.0963455149502
0.451827242525
0.00996677740864
0.162790697674
0.199335548173
0.0132890365449
0.0132890365449
0.0132890365449
0.00332225913621
0.0132890365449
0.00332225913621
0.00332225913621
0.0
0.222591362126
0.112956810631
0.00996677740864
0.00996677740864
0.0232558139535
0.0232558139535
0.0232558139535
0.0132890365449
0.0132890365449
0.186046511628
0.225913621262
0.225913621262
0.093023255814
0.0764119601329
0.0664451827243
0.222591362126
0.448504983389
0.448504983389
0.448504983389
0.0332225913621
0.0132890365449
0.0
0.0132890365449
0.0
0.0
0.00332225913621
0.00332225913621
0.398671096346
0.196013289037
0.196013289037
0.132890365449
0.132890365449
0.14950166113
0.425249169435
0.0
0.00996677740864
0.00664451827243
0.00332225913621
0.0
0.0
0.00664451827243
0.00664451827243
0.00332225913621
0.0
0.00664451827243
0.00664451827243
0.00332225913621
0.0
0.0132890365449
0.0
0.0
0.0
0.00332225913621
0.0
0.0
0.00332225913621
0.00664451827243
0.358803986711
0.156146179402
0.156146179402
0.12292358804
0.12292358804
0.116279069767
0.0996677740864
0.0332225913621
0.0199335548173
0.00332225913621
0.0166112956811
0.00664451827243
0.00996677740864
0.00332225913621
0.00664451827243
0.0498338870432
0.176079734219
0.176079734219
0.00332225913621
0.0
0.00664451827243
0.0
0.0498338870432
0.00664451827243
0.00332225913621
0.0332225913621
0.00332225913621
0.0431893687708
0.0
0.0
0.0
0.0
0.00664451827243
0.0132890365449
0.0
0.0132890365449
0.00332225913621
0.0
0.00664451827243
0.00332225913621
0.0166112956811
0.102990033223
0.162790697674
0.471760797342
0.471760797342
0.046511627907
0.112956810631
0.132890365449
0.0
0.0132890365449
0.0730897009967
0.0730897009967
0.0730897009967
0.0730897009967
0.0332225913621
0.262458471761
0.24584717608
0.182724252492
0.813953488372
0.401993355482
0.401993355482
0.00664451827243
0.00664451827243
0.196013289037
0.00332225913621
0.518272425249
0.232558139535
0.00332225913621
0.205980066445
0.0
0.252491694352
0.252491694352
0.415282392027
0.14950166113
0.41196013289
0.116279069767
0.322259136213
0.0531561461794
0.0531561461794
0.0199335548173
0.00332225913621
0.00996677740864
0.31561461794
0.196013289037
0.0
0.0132890365449
0.00332225913621
0.119601328904
0.0166112956811
0.724252491694
0.720930232558
0.375415282392
0.378737541528
0.0764119601329
0.0764119601329
0.574750830565
0.0996677740864
0.0199335548173
0.0830564784053
0.0830564784053
0.00996677740864
0.0996677740864
0.0963455149502
0.0963455149502
0.0963455149502
0.0
0.0
0.0
0.0
0.0
0.265780730897
0.00332225913621
0.0
0.00332225913621
0.139534883721
0.00664451827243
0.00332225913621
0.00664451827243
0.00332225913621
0.0
0.0
0.0265780730897
0.00332225913621
0.00332225913621
0.063122923588
0.0
0.0
0.00332225913621
0.0132890365449
0.189368770764
0.189368770764
0.0132890365449
0.139534883721
0.139534883721
0.00996677740864
0.00996677740864
0.00996677740864
0.531561461794
0.242524916944
0.242524916944
0.0
0.0166112956811
0.00332225913621
0.00332225913621
0.0
0.00332225913621
0.116279069767
0.116279069767
0.00332225913621
0.00996677740864
0.0232558139535
0.0
0.00332225913621
0.00332225913621
0.00332225913621
0.00332225913621
0.0
0.00664451827243
0.00332225913621
0.00332225913621
0.00332225913621
0.0
0.00332225913621
0.00664451827243
0.00664451827243
0.00996677740864
0.00664451827243
0.0
0.00664451827243
0.00664451827243
0.00332225913621
0.0199335548173
0.591362126246
0.591362126246
0.102990033223
0.152823920266
0.00332225913621
0.0
0.0
0.00996677740864
0.0
0.00996677740864
0.0
0.00664451827243
0.0166112956811
0.00332225913621
0.0166112956811
0.00996677740864
0.0166112956811
0.00332225913621
0.0199335548173
0.00332225913621
0.00332225913621
0.169435215947
0.156146179402
0.00664451827243
0.156146179402
0.0
0.00996677740864
0.00332225913621
0.00996677740864
0.0963455149502
0.106312292359
0.106312292359
0.0
0.328903654485
0.325581395349
0.558139534884
0.00332225913621
0.00332225913621
0.0
0.00664451827243
0.00332225913621
0.0830564784053
1.20265780731
0.0166112956811
0.332225913621
0.00664451827243
0.0199335548173
0.0996677740864
0.21926910299
0.0132890365449
0.093023255814
0.00996677740864
0.0265780730897
0.0498338870432
0.00996677740864
0.0166112956811
0.00664451827243
0.0132890365449
0.116279069767
0.0664451827243
0.0199335548173
0.325581395349
0.0132890365449
0.00332225913621
0.0232558139535
0.0232558139535
0.358803986711
0.126245847176
0.222591362126
0.222591362126
0.00664451827243
0.00996677740864
0.00664451827243
0.0166112956811
0.408637873754
0.41196013289
0.0265780730897
0.704318936877
0.182724252492
0.0166112956811
0.0299003322259
0.00664451827243
0.00664451827243
0.0996677740864
0.063122923588
0.292358803987
0.046511627907
0.0199335548173
0.00664451827243
0.00332225913621
0.0
0.0232558139535
0.00664451827243
0.00664451827243
0.00664451827243
0.0232558139535
0.0365448504983
0.0365448504983
0.0232558139535
0.00664451827243
0.106312292359
0.0996677740864
0.0863787375415
0.0697674418605
0.0697674418605
0.0132890365449
0.0132890365449
0.00664451827243
0.269102990033
0.0
0.00664451827243
0.00664451827243
0.222591362126
0.199335548173
0.179401993355
0.00996677740864
0.461794019934
0.461794019934
0.461794019934
0.00664451827243
0.00332225913621
0.269102990033
0.209302325581
0.365448504983
0.365448504983
0.00996677740864
0.00332225913621
0.0166112956811
0.554817275748
0.554817275748
0.0
0.0
0.00332225913621
0.34219269103
0.724252491694
0.0132890365449
0.0132890365449
0.36877076412
0.00664451827243
0.0
0.0132890365449
0.0
0.0
0.0
0.0332225913621
0.00332225913621
0.00664451827243
0.0431893687708
0.00332225913621
0.00332225913621
0.0
0.0
0.0
0.14950166113
0.14950166113
0.0132890365449
0.0863787375415
0.0863787375415
0.00332225913621
0.0132890365449
0.0
0.0
0.0
0.0199335548173
0.00996677740864
0.00996677740864
0.0132890365449
0.00332225913621
0.282392026578
0.0199335548173
0.322259136213
0.169435215947
0.169435215947
0.00664451827243
0.0365448504983
0.152823920266
0.0232558139535
0.0
0.0166112956811
0.0199335548173
0.0199335548173
0.00664451827243
0.00664451827243
0.00996677740864
0.0
0.0863787375415
0.00996677740864
0.0232558139535
0.0232558139535
0.176079734219
0.176079734219
0.362126245847
0.362126245847
0.36877076412
0.36877076412
0.295681063123
0.0166112956811
0.00664451827243
0.00996677740864
0.00996677740864
0.00332225913621
0.0
0.0
0.28903654485
0.0
0.0
0.162790697674
0.581395348837
0.196013289037
0.196013289037
0.00332225913621
0.0
0.0166112956811
0.0
0.0
0.00332225913621
0.0
0.00996677740864
0.00332225913621
0.0
0.00996677740864
0.00996677740864
0.0
0.00664451827243
0.00332225913621
0.00332225913621
0.0
0.0
0.00332225913621
0.00332225913621
0.441860465116
0.302325581395
0.109634551495
0.166112956811
0.0132890365449
0.0498338870432
0.119601328904
0.116279069767
0.0
0.132890365449
0.00664451827243
0.00332225913621
0.504983388704
0.152823920266
0.159468438538
0.156146179402
0.0598006644518
0.0
0.0
0.00332225913621
0.00332225913621
0.00664451827243
0.00332225913621
0.0166112956811
0.0332225913621
0.00332225913621
0.0199335548173
0.0
0.00332225913621
0.212624584718
0.00664451827243
0.00664451827243
0.0132890365449
0.0199335548173
0.0
0.0
0.0
0.196013289037
0.0996677740864
0.0996677740864
0.235880398671
0.146179401993
0.0132890365449
0.405315614618
0.0
0.0
0.0
0.00664451827243
0.222591362126
0.225913621262
0.305647840532
0.172757475083
0.172757475083
0.0730897009967
0.00332225913621
0.00332225913621
0.24584717608
0.00332225913621
0.00332225913621
0.0232558139535
0.159468438538
0.00996677740864
0.398671096346
0.455149501661
0.12292358804
0.415282392027
0.36877076412
0.345514950166
0.0
0.046511627907
0.0166112956811
0.0166112956811
0.0132890365449
0.0132890365449
0.00332225913621
0.00332225913621
0.0
0.00664451827243
0.00664451827243
0.0199335548173
0.0
0.00996677740864
0.0
0.0
0.0
0.0
0.00332225913621
0.0332225913621
0.0332225913621
0.0132890365449
0.0365448504983
0.0
0.0232558139535
0.0132890365449
0.0897009966777
0.00332225913621
0.00332225913621
0.102990033223
0.0
0.0
0.00332225913621
0.00664451827243
0.00332225913621
0.00332225913621
0.28903654485
0.28903654485
0.28903654485
0.36877076412
0.0431893687708
0.136212624585
0.398671096346
0.0897009966777
0.0265780730897
0.0132890365449
0.00996677740864
0.308970099668
0.126245847176
0.0797342192691
0.196013289037
0.116279069767
0.116279069767
0.126245847176
0.126245847176
0.0332225913621
0.46511627907
0.00664451827243
0.611295681063
0.242524916944
0.156146179402
0.282392026578
0.282392026578
0.0166112956811
0.00664451827243
0.00664451827243
0.0265780730897
0.0265780730897
0.0
0.00332225913621
0.0132890365449
0.00664451827243
0.00664451827243
0.00664451827243
0.00996677740864
0.00996677740864
0.00332225913621
0.0166112956811
0.0132890365449
0.0132890365449
0.0
0.0132890365449
0.0132890365449
0.00996677740864
0.063122923588
0.0166112956811
0.00332225913621
0.00996677740864
0.00996677740864
0.00996677740864
0.199335548173
0.0265780730897
0.0
0.249169435216
0.252491694352
0.252491694352
0.00664451827243
0.129568106312
0.0
0.0199335548173
0.0199335548173
0.139534883721
0.139534883721
0.0730897009967
0.0963455149502
0.0199335548173
0.0166112956811
0.232558139535
0.00332225913621
0.00664451827243
0.68438538206
0.00996677740864
0.0963455149502
0.00996677740864
0.239202657807
0.209302325581
0.129568106312
0.00996677740864
0.00996677740864
0.00996677740864
0.00996677740864
0.299003322259
0.299003322259
0.378737541528
0.0299003322259
0.0
0.0232558139535
0.0
0.305647840532
0.0
1.06644518272
1.05980066445
0.00332225913621
0.00332225913621
0.0132890365449
0.0232558139535
0.00664451827243
0.322259136213
0.093023255814
0.093023255814
0.0
0.00332225913621
0.0664451827243
0.182724252492
0.00332225913621
0.00664451827243
0.136212624585
0.0132890365449
0.116279069767
0.348837209302
0.352159468439
0.212624584718
0.132890365449
0.132890365449
0.255813953488
0.189368770764
0.0
0.0963455149502
0.00332225913621
0.142857142857
0.162790697674
0.425249169435
0.189368770764
0.571428571429
0.571428571429
0.0299003322259
0.0963455149502
0.176079734219
0.159468438538
0.00664451827243
0.0863787375415
0.0863787375415
0.0564784053156
0.0166112956811
0.093023255814
0.0963455149502
0.0963455149502
0.0963455149502
0.00664451827243
0.00996677740864
0.00996677740864
0.00332225913621
0.00996677740864
0.0132890365449
0.312292358804
0.0132890365449
0.202657807309
0.00332225913621
0.265780730897
0.305647840532
0.305647840532
0.312292358804
0.129568106312
0.392026578073
0.345514950166
0.119601328904
0.0598006644518
0.0132890365449
0.00332225913621
0.0166112956811
0.00996677740864
0.0166112956811
0.0166112956811
0.00664451827243
0.28903654485
0.28903654485
0.0265780730897
0.0265780730897
0.225913621262
0.00664451827243
0.00332225913621
0.00664451827243
0.0
0.0132890365449
0.385382059801
0.328903654485
0.00664451827243
0.00664451827243
0.00332225913621
0.00332225913621
0.00332225913621
0.0232558139535
0.00332225913621
0.00996677740864
0.0
0.408637873754
0.00332225913621
0.00996677740864
0.0265780730897
0.162790697674
0.00664451827243
0.00664451827243
0.00996677740864
0.00996677740864
0.00664451827243
0.0
0.242524916944
0.00664451827243
0.0166112956811
0.162790697674
0.162790697674
0.0232558139535
0.00996677740864
0.0
0.0
0.0166112956811
0.093023255814
0.093023255814
0.0897009966777
0.0897009966777
0.0897009966777
0.0265780730897
0.0431893687708
0.0265780730897
0.046511627907
0.0431893687708
0.0398671096346
0.0398671096346
0.0498338870432
0.112956810631
0.112956810631
0.259136212625
0.162790697674
0.0265780730897
1.05647840532
1.02990033223
0.647840531561
0.425249169435
0.551495016611
0.0797342192691
0.0132890365449
0.0
0.00996677740864
0.00332225913621
0.0166112956811
0.0
0.00332225913621
0.0132890365449
0.0498338870432
0.0498338870432
0.0498338870432
0.0132890365449
0.0598006644518
0.0199335548173
0.00996677740864
0.00664451827243
0.00664451827243
0.0199335548173
0.0199335548173
0.0
0.0199335548173
0.0166112956811
0.0166112956811
0.00664451827243
0.00332225913621
0.00332225913621
0.00664451827243
0.0
0.00332225913621
0.0
0.0
0.299003322259
0.156146179402
0.00332225913621
0.0166112956811
0.0166112956811
0.0
0.0
0.0
0.0
0.00996677740864
0.0132890365449
0.00996677740864
0.00996677740864
0.00332225913621
0.00332225913621
0.136212624585
0.093023255814
0.189368770764
0.0166112956811
0.0
0.00332225913621
0.0166112956811
0.00996677740864
0.0132890365449
0.00664451827243
0.00332225913621
0.498338870432
0.265780730897
0.202657807309
0.196013289037
0.00996677740864
0.046511627907
0.046511627907
0.00332225913621
0.00332225913621
0.00332225913621
0.501661129568
0.00664451827243
0.00664451827243
0.0166112956811
0.272425249169
0.0199335548173
0.581395348837
0.581395348837
0.581395348837
0.581395348837
0.00332225913621
0.179401993355
0.162790697674
0.415282392027
0.31561461794
0.31561461794
0.328903654485
0.554817275748
0.0265780730897
0.0265780730897
0.0166112956811
0.0166112956811
0.0830564784053
0.0863787375415
0.0863787375415
0.0863787375415
0.31561461794
0.0996677740864
0.0963455149502
0.0365448504983
0.0
0.0
0.0132890365449
0.00332225913621
0.0132890365449
0.00996677740864
0.046511627907
0.0166112956811
0.0498338870432
0.0265780730897
0.0232558139535
0.00996677740864
0.0166112956811
0.0332225913621
0.0132890365449
0.00996677740864
0.00664451827243
0.00664451827243
0.00664451827243
0.0
0.00332225913621
0.00332225913621
0.0
0.0
0.00332225913621
0.00332225913621
0.00332225913621
0.00996677740864
0.142857142857
0.674418604651
0.0498338870432
0.00332225913621
0.00664451827243
0.0265780730897
0.136212624585
0.132890365449
0.176079734219
0.176079734219
0.0199335548173
0.239202657807
0.239202657807
0.302325581395
0.0531561461794
0.0531561461794
0.305647840532
0.136212624585
0.0365448504983
0.00332225913621
0.0332225913621
0.00996677740864
0.00996677740864
0.00996677740864
0.0299003322259
0.0
0.0
0.00664451827243
0.00996677740864
0.00664451827243
0.00664451827243
0.00664451827243
0.0132890365449
0.0132890365449
0.0132890365449
0.00332225913621
0.0
0.00332225913621
0.00332225913621
0.00664451827243
0.0
0.0
0.0
0.00996677740864
0.00664451827243
0.136212624585
0.139534883721
0.365448504983
0.0365448504983
0.109634551495
0.109634551495
0.109634551495
0.538205980066
0.132890365449
0.0199335548173
0.00332225913621
0.109634551495
0.485049833887
0.485049833887
0.312292358804
0.312292358804
0.382059800664
0.382059800664
0.189368770764
0.182724252492
0.0132890365449
0.0166112956811
0.0730897009967
0.43853820598
0.0830564784053
0.0830564784053
0.0830564784053
0.00332225913621
0.1926910299
0.0199335548173
0.136212624585
0.00664451827243
0.00664451827243
0.00996677740864
0.0299003322259
0.14950166113
0.14950166113
0.0232558139535
0.00664451827243
0.0830564784053
0.0830564784053
0.0830564784053
0.528239202658
0.375415282392
0.00332225913621
0.00332225913621
0.00996677740864
0.00664451827243
0.0
0.00664451827243
0.0
0.215946843854
0.0166112956811
0.176079734219
0.382059800664
0.0830564784053
0.00332225913621
0.00996677740864
0.00332225913621
0.00996677740864
0.00664451827243
0.00996677740864
0.0365448504983
0.272425249169
0.0132890365449
0.146179401993
0.0764119601329
0.0764119601329
0.146179401993
0.0598006644518
0.0598006644518
0.0598006644518
0.119601328904
0.119601328904
0.0897009966777
0.335548172757
0.0963455149502
0.0398671096346
0.205980066445
0.186046511628
0.335548172757
0.282392026578
0.215946843854
0.215946843854
0.495016611296
0.0431893687708
0.36877076412
0.162790697674
0.215946843854
0.0398671096346
0.415282392027
0.415282392027
0.338870431894
0.0132890365449
0.0664451827243
0.119601328904
0.332225913621
0.332225913621
0.322259136213
0.0332225913621
0.00332225913621
0.116279069767
0.0
0.0
0.0365448504983
0.647840531561
0.0232558139535
0.252491694352
0.0232558139535
0.0265780730897
0.249169435216
0.249169435216
0.063122923588
0.34219269103
0.0299003322259
0.840531561462
0.840531561462
0.00664451827243
0.00332225913621
0.116279069767
0.00996677740864
0.428571428571
0.428571428571
0.0132890365449
0.0265780730897
0.00664451827243
0.00664451827243
0.0398671096346
0.0398671096346
0.0265780730897
0.0166112956811
0.0299003322259
0.0498338870432
0.0365448504983
0.0166112956811
0.0166112956811
0.0
0.0
0.189368770764
0.112956810631
0.00664451827243
0.382059800664
0.00332225913621
0.00332225913621
0.00332225913621
0.0199335548173
0.328903654485
0.109634551495
0.109634551495
0.162790697674
0.14950166113
0.435215946844
0.279069767442
0.279069767442
0.584717607973
0.58803986711
0.58803986711
0.58803986711
0.00996677740864
0.421926910299
0.172757475083
0.179401993355
0.0797342192691
0.0797342192691
0.451827242525
0.365448504983
0.365448504983
0.129568106312
0.129568106312
0.0664451827243
0.0199335548173
0.694352159468
0.0232558139535
0.0
0.0166112956811
0.0132890365449
0.0764119601329
0.0764119601329
0.0764119601329
0.0764119601329
0.0863787375415
0.0863787375415
0.0265780730897
0.00996677740864
0.00996677740864
0.00996677740864
0.00332225913621
0.00332225913621
0.00664451827243
0.0132890365449
0.0132890365449
0.0
0.0
0.0
0.0
0.00996677740864
0.0
0.0
0.00996677740864
0.00332225913621
0.00332225913621
0.0132890365449
0.00664451827243
0.0265780730897
0.0132890365449
0.0132890365449
0.0132890365449
0.0166112956811
0.0132890365449
0.00664451827243
0.00996677740864
0.00332225913621
0.00332225913621
0.0232558139535
0.0232558139535
0.0232558139535
0.0166112956811
0.00664451827243
0.00664451827243
0.0
0.0
0.0299003322259
0.00332225913621
0.252491694352
0.282392026578
0.285714285714
0.28903654485
0.169435215947
0.0332225913621
0.0132890365449
0.0232558139535
0.00332225913621
0.00332225913621
0.0531561461794
0.00664451827243
0.0232558139535
0.0431893687708
0.00332225913621
0.471760797342
0.0
0.0
0.0132890365449
0.0398671096346
0.0
0.312292358804
0.312292358804
0.0166112956811
0.00332225913621
0.0166112956811
0.046511627907
0.0498338870432
0.521594684385
0.0132890365449
0.0166112956811
0.00664451827243
0.421926910299
0.0132890365449
0.00996677740864
0.142857142857
0.0531561461794
0.00332225913621
0.514950166113
0.0232558139535
0.102990033223
0.0
0.179401993355
0.179401993355
0.179401993355
0.156146179402
0.21926910299
0.21926910299
0.222591362126
0.196013289037
0.00332225913621
0.0
0.00996677740864
0.0299003322259
0.00996677740864
0.0199335548173
0.00996677740864
0.106312292359
0.00996677740864
0.0132890365449
0.00664451827243
0.00664451827243
0.142857142857
0.0166112956811
0.00664451827243
0.00664451827243
0.0
0.0764119601329
0.418604651163
0.0166112956811
0.0166112956811
0.00996677740864
0.00996677740864
0.00996677740864
0.00332225913621
0.0132890365449
0.0
0.0
0.0365448504983
0.00664451827243
0.275747508306
0.142857142857
0.0332225913621
0.00664451827243
0.308970099668
0.308970099668
0.0963455149502
0.0963455149502
0.14950166113
0.196013289037
0.0132890365449
0.0132890365449
0.0166112956811
0.0166112956811
0.421926910299
0.0232558139535
0.12292358804
0.126245847176
0.126245847176
0.126245847176
0.0598006644518
0.00664451827243
0.0
0.0132890365449
0.0132890365449
0.272425249169
0.275747508306
0.00332225913621
0.475083056478
0.0
0.169435215947
0.046511627907
0.00664451827243
0.146179401993
0.0199335548173
0.0232558139535
0.0166112956811
0.00664451827243
0.00664451827243
0.0166112956811
1.24916943522
0.0132890365449
0.0
0.0498338870432
0.0132890365449
0.212624584718
0.209302325581
0.00664451827243
0.239202657807
0.0265780730897
0.232558139535
0.810631229236
0.817275747508
0.156146179402
0.139534883721
0.139534883721
0.14950166113
0.295681063123
0.0199335548173
0.0299003322259
0.0299003322259
0.0199335548173
0.176079734219
0.176079734219
0.0232558139535
0.00332225913621
0.0265780730897
0.0199335548173
0.0166112956811
0.0166112956811
0.00332225913621
0.0
0.00996677740864
0.00996677740864
0.00996677740864
0.00996677740864
0.00664451827243
0.00332225913621
0.0132890365449
0.00996677740864
0.0232558139535
0.0232558139535
0.0132890365449
0.0132890365449
0.00332225913621
0.00664451827243
0.00332225913621
0.00332225913621
0.0132890365449
0.262458471761
0.262458471761
0.136212624585
0.152823920266
0.152823920266
0.152823920266
0.0365448504983
0.0365448504983
0.00996677740864
0.0764119601329
0.0730897009967
0.14950166113
0.325581395349
0.325581395349
0.322259136213
0.0764119601329
0.0
0.0
0.0
0.00664451827243
0.156146179402
0.159468438538
0.0199335548173
0.00664451827243
0.225913621262
0.318936877076
0.435215946844
0.0132890365449
0.159468438538
0.0299003322259
0.302325581395
0.299003322259
0.0166112956811
0.0199335548173
0.00332225913621
0.0
0.0
0.00332225913621
0.0
0.00332225913621
0.00332225913621
0.0232558139535
0.0365448504983
0.0132890365449
0.0199335548173
0.0265780730897
0.166112956811
0.0764119601329
0.189368770764
0.166112956811
0.415282392027
0.418604651163
0.00664451827243
0.00664451827243
0.00996677740864
0.00664451827243
0.00996677740864
0.0132890365449
0.00664451827243
0.132890365449
0.132890365449
0.00332225913621
0.00996677740864
0.0132890365449
0.0
0.0
0.0
0.0166112956811
0.0664451827243
0.0132890365449
0.0199335548173
0.0
0.00996677740864
0.0166112956811
0.0166112956811
0.0166112956811
0.0166112956811
0.0232558139535
0.0697674418605
0.00664451827243
0.0
0.0431893687708
0.0431893687708
0.0431893687708
0.0365448504983
0.0299003322259
0.0564784053156
0.00332225913621
0.106312292359
0.0598006644518
0.139534883721
0.704318936877
0.262458471761
0.129568106312
0.0199335548173
0.222591362126
0.0166112956811
0.0232558139535
0.0332225913621
0.335548172757
0.0199335548173
0.0199335548173
0.0431893687708
0.00996677740864
0.093023255814
0.215946843854
0.242524916944
0.00996677740864
0.00996677740864
0.0199335548173
0.00996677740864
0.0830564784053
0.0797342192691
0.0232558139535
0.0166112956811
0.129568106312
0.046511627907
0.102990033223
0.0564784053156
0.0564784053156
0.568106312292
0.56146179402
0.0232558139535
0.205980066445
0.332225913621
0.212624584718
0.285714285714
0.285714285714
0.299003322259
0.116279069767
0.0
0.0
0.0
0.0
0.0
0.0
0.0
0.0
0.0
0.0
0.00332225913621
0.00332225913621
0.0
0.0132890365449
0.0
0.00664451827243
0.0166112956811
0.00996677740864
0.0963455149502
0.0963455149502
0.00996677740864
0.00996677740864
0.0132890365449
0.0
0.0
0.551495016611
0.551495016611
0.102990033223
0.00332225913621
0.00664451827243
0.0132890365449
0.0132890365449
0.0132890365449
0.0132890365449
0.00664451827243
0.00664451827243
0.0
0.0
0.00996677740864
0.00664451827243
0.00664451827243
0.0
0.395348837209
0.375415282392
0.093023255814
0.0166112956811
0.00996677740864
0.00996677740864
0.0132890365449
0.00664451827243
0.0166112956811
0.00332225913621
0.00332225913621
0.00996677740864
0.0
0.0199335548173
0.00664451827243
0.0166112956811
0.0132890365449
0.00664451827243
0.212624584718
0.212624584718
0.0365448504983
0.00664451827243
0.0
0.0398671096346
0.0132890365449
0.00332225913621
0.139534883721
0.182724252492
0.00996677740864
0.0863787375415
0.119601328904
0.332225913621
0.00664451827243
0.00996677740864
0.209302325581
0.209302325581
0.00996677740864
0.0
0.0132890365449
0.00996677740864
0.0166112956811
0.176079734219
0.00332225913621
0.0166112956811
0.0132890365449
0.0
0.0
0.00996677740864
0.00996677740864
0.00996677740864
0.00996677740864
0.00332225913621
0.448504983389
0.418604651163
0.461794019934
0.0830564784053
1.05647840532
1.05647840532
0.275747508306
0.840531561462
0.840531561462
0.0531561461794
0.617940199336
0.485049833887
0.229235880399
0.312292358804
0.46511627907
0.0697674418605
0.169435215947
0.169435215947
0.292358803987
0.0498338870432
0.0564784053156
0.0564784053156
0.362126245847
0.737541528239
0.737541528239
0.0199335548173
0.0199335548173
0.292358803987
0.362126245847
0.1926910299
0.112956810631
0.0996677740864
0.102990033223
0.0830564784053
0.0830564784053
0.0830564784053
0.0797342192691
0.0697674418605
0.0365448504983
0.00664451827243
0.00664451827243
0.0332225913621
0.046511627907
0.00996677740864
0.00996677740864
0.0199335548173
0.0764119601329
0.0764119601329
0.14950166113
0.14950166113
0.0365448504983
0.0299003322259
0.0332225913621
0.425249169435
0.0598006644518
0.448504983389
0.448504983389
0.448504983389
0.0531561461794
0.0398671096346
0.0398671096346
0.229235880399
0.229235880399
0.0232558139535
0.242524916944
0.0199335548173
0.0166112956811
0.0232558139535
0.063122923588
0.0431893687708
0.704318936877
0.375415282392
0.162790697674
0.162790697674
0.00332225913621
0.843853820598
0.0531561461794
0.132890365449
0.132890365449
0.0199335548173
0.0
0.0498338870432
0.046511627907
0.0764119601329
0.0730897009967
0.0697674418605
0.102990033223
0.0199335548173
0.0166112956811
0.0166112956811
0.0132890365449
0.0132890365449
0.0166112956811
0.00664451827243
0.0
0.0132890365449
0.28903654485
0.0365448504983
0.0132890365449
0.00664451827243
0.0
0.0166112956811
0.0166112956811
0.00996677740864
0.202657807309
0.186046511628
0.225913621262
0.232558139535
0.900332225914
0.900332225914
0.681063122924
0.0
0.0265780730897
0.0265780730897
0.0199335548173
0.332225913621
0.0531561461794
0.00332225913621
0.00332225913621
0.0232558139535
0.0199335548173
0.295681063123
0.299003322259
0.843853820598
0.720930232558
0.674418604651
0.0199335548173
0.119601328904
0.24584717608
0.24584717608
0.132890365449
0.132890365449
0.132890365449
0.46511627907
0.186046511628
0.1926910299
0.308970099668
0.0332225913621
0.00996677740864
0.0166112956811
0.0132890365449
0.946843853821
0.109634551495
0.504983388704
0.504983388704
0.169435215947
0.468438538206
0.282392026578
0.255813953488
0.0166112956811
0.00996677740864
0.119601328904
0.139534883721
0.279069767442
0.00664451827243
0.00996677740864
0.00996677740864
0.0166112956811
0.0132890365449
0.046511627907
0.00332225913621
0.0232558139535
0.0265780730897
0.00664451827243
0.00664451827243
0.00996677740864
0.00996677740864
0.335548172757
0.0
0.0
0.0431893687708
0.0166112956811
0.0
0.0
0.0863787375415
0.00332225913621
0.0830564784053
0.34219269103
0.119601328904
0.707641196013
0.654485049834
0.0
0.0199335548173
0.196013289037
0.0332225913621
0.0498338870432
0.0664451827243
0.00332225913621
0.0
0.0398671096346
0.345514950166
0.531561461794
0.00332225913621
0.00664451827243
0.0
0.00332225913621
0.0
0.0166112956811
0.00332225913621
0.28903654485
0.28903654485
0.00664451827243
0.0
0.0166112956811
0.0332225913621
0.0
0.0
0.0
0.0
0.0199335548173
0.00332225913621
0.186046511628
0.0
0.00664451827243
0.00332225913621
0.00332225913621
0.00332225913621
0.00332225913621
0.0
0.00332225913621
0.00664451827243
0.00996677740864
0.0132890365449
0.00996677740864
0.0166112956811
0.00996677740864
0.00332225913621
0.0299003322259
0.0
0.00332225913621
0.0199335548173
0.0166112956811
0.262458471761
0.00664451827243
0.00664451827243
0.0265780730897
0.00664451827243
0.00996677740864
0.0199335548173
0.0897009966777
0.00996677740864
0.0697674418605
0.0232558139535
0.0232558139535
0.0232558139535
0.0232558139535
0.132890365449
0.0
0.0664451827243
0.00332225913621
0.0299003322259
0.0
0.00332225913621
0.0199335548173
0.00332225913621
0.00664451827243
0.0996677740864
0.0996677740864
0.0299003322259
0.0166112956811
0.478405315615
0.328903654485
0.252491694352
0.239202657807
0.132890365449
0.202657807309
0.00996677740864
0.00332225913621
0.0166112956811
0.0132890365449
0.00996677740864
0.0299003322259
0.00332225913621
0.00332225913621
0.186046511628
0.186046511628
0.0299003322259
0.285714285714
0.28903654485
0.00332225913621
0.0332225913621
0.0166112956811
0.312292358804
0.322259136213
0.229235880399
0.518272425249
0.202657807309
0.202657807309
0.0
0.00332225913621
0.0299003322259
0.0764119601329
0.0764119601329
0.362126245847
0.0232558139535
0.12292358804
0.784053156146
0.790697674419
0.00664451827243
0.0166112956811
0.0199335548173
0.299003322259
0.152823920266
0.0863787375415
0.318936877076
0.322259136213
0.202657807309
0.285714285714
0.235880398671
0.00332225913621
0.00332225913621
0.00332225913621
0.0166112956811
0.0332225913621
0.0132890365449
0.651162790698
0.651162790698
0.651162790698
0.0332225913621
0.0299003322259
1.1926910299
1.1926910299
1.1926910299
0.0265780730897
0.0232558139535
0.00996677740864
0.156146179402
0.471760797342
0.475083056478
0.0730897009967
0.156146179402
0.162790697674
0.0166112956811
0.212624584718
0.00332225913621
0.182724252492
0.255813953488
0.00664451827243
0.93023255814
0.923588039867
0.0332225913621
0.0730897009967
0.0332225913621
0.169435215947
0.169435215947
0.162790697674
0.691029900332
0.694352159468
0.697674418605
0.0332225913621
0.172757475083
0.172757475083
0.179401993355
0.162790697674
0.172757475083
0.166112956811
0.0132890365449
0.0166112956811
0.0132890365449
0.0730897009967
0.0299003322259
0.14950166113
0.0664451827243
0.0199335548173
0.382059800664
0.269102990033
0.269102990033
0.418604651163
0.262458471761
0.325581395349
0.328903654485
0.00332225913621
0.408637873754
0.408637873754
0.408637873754
0.408637873754
0.00664451827243
0.00664451827243
0.0365448504983
0.531561461794
0.531561461794
0.0764119601329
0.441860465116
0.0
0.0
0.495016611296
0.53488372093
0.0398671096346
0.0
0.102990033223
0.375415282392
0.156146179402
0.697674418605
0.691029900332
0.0299003322259
0.0265780730897
0.186046511628
0.0431893687708
0.0431893687708
0.0431893687708
0.249169435216
0.475083056478
0.564784053156
0.0
0.0
0.0963455149502
0.0199335548173
0.00996677740864
0.0132890365449
0.0299003322259
0.0299003322259
0.0299003322259
0.0299003322259
0.0332225913621
0.0730897009967
0.00332225913621
0.00664451827243
0.00664451827243
0.0199335548173
0.0132890365449
0.00996677740864
0.0
0.0
0.0
0.0166112956811
0.0166112956811
0.0166112956811
0.00664451827243
0.00664451827243
0.00664451827243
0.00332225913621
0.00996677740864
0.222591362126
0.222591362126
0.0265780730897
0.0132890365449
0.56146179402
0.34219269103
0.34219269103
0.0166112956811
0.00664451827243
0.0199335548173
0.0
0.0132890365449
0.803986710963
0.803986710963
0.813953488372
0.00996677740864
0.0199335548173
0.401993355482
0.139534883721
0.0
0.0398671096346
0.0166112956811
0.00996677740864
0.00996677740864
0.00664451827243
0.00664451827243
0.00996677740864
0.0132890365449
0.00996677740864
0.0
0.0132890365449
0.0132890365449
0.0199335548173
0.046511627907
0.046511627907
0.046511627907
0.0265780730897
0.0
0.00332225913621
0.803986710963
0.720930232558
0.00332225913621
0.0830564784053
0.0830564784053
0.0
0.0598006644518
0.00996677740864
0.00996677740864
0.0
0.0598006644518
0.209302325581
0.41196013289
0.00996677740864
0.00332225913621
0.00332225913621
0.00332225913621
0.0
0.0
0.0
0.00664451827243
0.00332225913621
0.00332225913621
0.00332225913621
0.0
0.279069767442
0.00664451827243
0.176079734219
0.00664451827243
0.00332225913621
0.00332225913621
0.00332225913621
0.0
0.205980066445
0.136212624585
0.179401993355
0.179401993355
