with_clust4_RELA
0.0531561461794
0.0132890365449
0.0132890365449
0.00996677740864
0.00664451827243
0.00332225913621
0.136212624585
0.0
0.0697674418605
0.235880398671
0.232558139535
0.225913621262
0.0199335548173
0.0132890365449
0.594684385382
0.0431893687708
0.0132890365449
0.0564784053156
0.378737541528
0.398671096346
0.843853820598
0.405315614618
0.00664451827243
0.0132890365449
0.385382059801
0.362126245847
0.0166112956811
0.0232558139535
0.0232558139535
0.0166112956811
0.00996677740864
0.0
0.0
0.00664451827243
0.275747508306
0.242524916944
0.162790697674
0.162790697674
0.0132890365449
0.0132890365449
0.0
0.00332225913621
0.0132890365449
0.00332225913621
0.00332225913621
0.126245847176
0.0963455149502
0.0963455149502
0.00332225913621
0.0
0.109634551495
0.093023255814
0.156146179402
0.156146179402
0.491694352159
0.488372093023
0.448504983389
0.00664451827243
0.00996677740864
0.0199335548173
0.186046511628
0.548172757475
0.0
0.0431893687708
0.262458471761
0.0132890365449
0.0132890365449
0.34219269103
0.34219269103
0.388704318937
0.395348837209
0.395348837209
0.398671096346
0.0498338870432
0.0365448504983
0.00332225913621
0.00332225913621
0.0897009966777
0.239202657807
0.239202657807
0.00332225913621
0.0166112956811
0.0132890365449
0.00332225913621
0.0199335548173
0.0166112956811
0.0166112956811
0.0199335548173
0.146179401993
0.00664451827243
0.00332225913621
0.00332225913621
0.00332225913621
0.00664451827243
0.0
0.00332225913621
0.0166112956811
0.0166112956811
0.0498338870432
0.578073089701
0.0
0.0
0.0
0.00664451827243
0.295681063123
0.00664451827243
0.269102990033
0.00664451827243
0.179401993355
0.0830564784053
0.0166112956811
0.0132890365449
0.00996677740864
0.132890365449
0.119601328904
0.00996677740864
0.00664451827243
0.0
0.00664451827243
0.0
0.0
0.0299003322259
0.0299003322259
0.0
0.12292358804
0.0498338870432
0.0132890365449
0.0
0.823920265781
0.0
0.00664451827243
0.209302325581
0.209302325581
0.209302325581
0.00664451827243
0.00664451827243
0.00996677740864
0.00664451827243
0.0830564784053
0.0830564784053
0.0797342192691
0.00332225913621
0.0
0.00664451827243
0.00664451827243
0.00332225913621
0.00332225913621
0.00332225913621
0.265780730897
0.345514950166
0.598006644518
0.598006644518
0.598006644518
0.601328903654
0.574750830565
0.578073089701
0.00332225913621
0.408637873754
0.85049833887
0.129568106312
0.129568106312
0.0132890365449
0.0764119601329
0.00996677740864
0.0
0.568106312292
0.511627906977
0.514950166113
0.156146179402
0.00664451827243
0.00996677740864
0.00996677740864
0.00996677740864
0.00664451827243
0.544850498339
0.544850498339
0.0897009966777
0.0232558139535
0.00664451827243
0.0166112956811
0.0
0.0199335548173
0.00664451827243
0.222591362126
0.12292358804
0.318936877076
0.478405315615
0.00664451827243
0.00332225913621
0.0
0.0
0.00332225913621
0.00332225913621
0.00332225913621
0.00332225913621
0.451827242525
0.335548172757
0.312292358804
0.312292358804
0.305647840532
0.0132890365449
0.00332225913621
0.0
0.0
0.00332225913621
0.0132890365449
0.0
0.00332225913621
0.0
0.0
0.641196013289
0.634551495017
0.00332225913621
0.352159468439
0.00664451827243
0.0166112956811
0.0
0.0
0.0963455149502
0.0
0.299003322259
0.299003322259
0.00332225913621
0.0365448504983
1.04983388704
0.00996677740864
0.0
0.00996677740864
0.00996677740864
0.106312292359
0.225913621262
0.162790697674
0.00332225913621
0.0
0.0
0.126245847176
0.119601328904
0.00332225913621
0.00332225913621
0.00332225913621
0.00664451827243
0.0
0.269102990033
0.269102990033
0.112956810631
0.00664451827243
0.0132890365449
0.0166112956811
0.00332225913621
0.14950166113
0.126245847176
0.229235880399
0.269102990033
0.269102990033
0.332225913621
0.332225913621
0.00332225913621
0.00332225913621
0.126245847176
0.00664451827243
0.00332225913621
0.00996677740864
0.00664451827243
0.0
0.833887043189
0.00996677740864
0.00996677740864
0.24584717608
0.272425249169
0.00332225913621
0.0
0.00664451827243
0.00664451827243
0.0
0.0
0.0332225913621
0.0
0.00664451827243
0.372093023256
0.352159468439
0.352159468439
0.352159468439
0.00664451827243
0.0132890365449
0.0132890365449
0.458471760797
0.458471760797
0.418604651163
0.418604651163
0.176079734219
0.139534883721
0.093023255814
0.0166112956811
0.0
0.0
0.225913621262
0.598006644518
0.093023255814
0.0
0.00332225913621
0.00332225913621
0.179401993355
0.00332225913621
0.0963455149502
0.0963455149502
0.0963455149502
0.182724252492
0.295681063123
0.0199335548173
0.322259136213
0.139534883721
0.139534883721
0.209302325581
0.205980066445
0.205980066445
0.571428571429
0.578073089701
0.415282392027
0.106312292359
0.00664451827243
0.0132890365449
0.205980066445
0.00664451827243
0.28903654485
0.28903654485
0.36877076412
0.00664451827243
0.0
0.0
0.00664451827243
0.00664451827243
0.0
0.00664451827243
0.00664451827243
0.0132890365449
0.0
0.00332225913621
0.00664451827243
0.00332225913621
0.00332225913621
0.172757475083
0.172757475083
0.172757475083
0.00332225913621
0.00332225913621
0.498338870432
0.56146179402
0.0132890365449
0.0132890365449
0.0132890365449
0.126245847176
0.478405315615
0.00332225913621
0.00996677740864
0.00332225913621
0.00664451827243
0.00332225913621
0.0166112956811
0.202657807309
0.00332225913621
0.21926910299
0.21926910299
0.14950166113
0.205980066445
0.205980066445
0.00332225913621
0.0132890365449
0.611295681063
0.0232558139535
0.285714285714
0.00664451827243
0.00332225913621
0.0
0.0
0.00332225913621
0.0
0.0830564784053
0.0830564784053
0.292358803987
0.292358803987
0.202657807309
0.199335548173
0.119601328904
0.159468438538
0.0431893687708
0.00664451827243
0.0132890365449
0.0
0.199335548173
0.199335548173
0.199335548173
0.0498338870432
0.00996677740864
0.00996677740864
0.0
0.428571428571
0.428571428571
0.0166112956811
0.212624584718
0.0730897009967
0.00664451827243
0.00996677740864
0.215946843854
0.0299003322259
0.00332225913621
0.239202657807
0.239202657807
0.239202657807
0.169435215947
0.0132890365449
0.0166112956811
0.0166112956811
0.00332225913621
0.332225913621
0.332225913621
0.00996677740864
0.00996677740864
0.0132890365449
0.0132890365449
0.00664451827243
0.063122923588
0.00332225913621
0.00332225913621
0.00332225913621
0.372093023256
0.953488372093
0.0
0.00996677740864
0.0132890365449
0.0166112956811
0.0431893687708
0.295681063123
0.355481727575
0.139534883721
0.142857142857
0.136212624585
0.0132890365449
0.00664451827243
0.00664451827243
0.292358803987
0.279069767442
0.00332225913621
0.00332225913621
0.41196013289
0.292358803987
0.00332225913621
0.0
0.235880398671
0.0132890365449
0.00332225913621
0.00332225913621
0.0
0.00332225913621
0.0
0.0199335548173
0.00664451827243
0.0
0.0199335548173
0.00332225913621
0.063122923588
0.132890365449
0.132890365449
0.132890365449
0.132890365449
0.325581395349
0.322259136213
0.0199335548173
0.0265780730897
0.12292358804
0.116279069767
0.102990033223
0.0996677740864
0.00664451827243
0.574750830565
0.132890365449
0.0166112956811
0.00332225913621
0.00664451827243
0.00996677740864
0.00332225913621
0.00996677740864
0.21926910299
0.0265780730897
0.202657807309
0.14950166113
0.14950166113
0.14950166113
0.132890365449
0.255813953488
0.186046511628
0.186046511628
0.212624584718
0.212624584718
0.229235880399
0.36877076412
0.0
0.00332225913621
0.0365448504983
0.0365448504983
0.0664451827243
0.41196013289
0.41196013289
0.109634551495
0.109634551495
0.142857142857
0.338870431894
0.0
0.126245847176
0.00996677740864
0.322259136213
0.322259136213
0.186046511628
0.00332225913621
0.0132890365449
0.00996677740864
0.0365448504983
0.295681063123
0.0
0.0
0.00664451827243
0.166112956811
0.169435215947
0.0265780730897
0.0
0.00332225913621
0.0
0.0
0.458471760797
0.00664451827243
0.00664451827243
0.172757475083
0.00332225913621
0.00332225913621
0.093023255814
0.00996677740864
0.152823920266
0.0132890365449
0.00332225913621
0.172757475083
0.172757475083
0.172757475083
0.172757475083
0.481727574751
0.0
0.00996677740864
0.0
0.0996677740864
0.0996677740864
0.00664451827243
0.00332225913621
0.0199335548173
0.0598006644518
0.00332225913621
0.0
0.518272425249
0.378737541528
0.109634551495
0.109634551495
0.00996677740864
0.132890365449
0.132890365449
0.132890365449
0.132890365449
0.0166112956811
0.225913621262
0.1926910299
0.365448504983
0.398671096346
0.176079734219
0.0897009966777
0.0897009966777
0.00332225913621
0.00332225913621
0.46511627907
0.461794019934
0.0166112956811
0.0996677740864
0.0332225913621
0.0332225913621
0.0166112956811
0.511627906977
0.511627906977
0.511627906977
0.767441860465
0.767441860465
0.564784053156
0.00996677740864
0.00332225913621
0.0166112956811
0.0
0.335548172757
0.102990033223
0.0897009966777
0.28903654485
0.00664451827243
0.00664451827243
0.00332225913621
0.00996677740864
0.0132890365449
0.00332225913621
0.0132890365449
0.00332225913621
0.14950166113
0.156146179402
0.119601328904
0.00996677740864
0.00332225913621
0.0
0.00664451827243
0.00664451827243
0.00332225913621
0.0
0.00664451827243
0.0
0.00664451827243
0.00332225913621
0.0199335548173
0.046511627907
0.0
0.0431893687708
0.00332225913621
0.0166112956811
0.0764119601329
0.0664451827243
0.00664451827243
0.00332225913621
0.0232558139535
0.00332225913621
0.00996677740864
0.00332225913621
0.0
0.00664451827243
0.0
0.00332225913621
0.00664451827243
0.102990033223
0.162790697674
0.471760797342
0.471760797342
0.0166112956811
0.182724252492
0.0
0.0166112956811
0.00332225913621
0.0199335548173
0.0
0.119601328904
0.375415282392
0.378737541528
0.0764119601329
0.0764119601329
0.574750830565
0.00664451827243
0.0996677740864
0.0963455149502
0.0963455149502
0.0963455149502
0.265780730897
0.0166112956811
0.242524916944
0.242524916944
0.0
0.119601328904
0.00332225913621
0.0166112956811
0.00332225913621
0.0299003322259
0.0299003322259
0.156146179402
0.0398671096346
0.0232558139535
0.156146179402
0.00664451827243
0.0166112956811
0.00332225913621
0.558139534884
0.0
0.00332225913621
0.00996677740864
0.00664451827243
0.182724252492
0.292358803987
0.00664451827243
0.0199335548173
0.0166112956811
0.0132890365449
0.0697674418605
0.0697674418605
0.554817275748
0.554817275748
0.0
0.0232558139535
0.34219269103
0.724252491694
0.0
0.169435215947
0.169435215947
0.0
0.176079734219
0.176079734219
0.362126245847
0.362126245847
0.36877076412
0.36877076412
0.295681063123
0.0166112956811
0.162790697674
0.00664451827243
0.0166112956811
0.0
0.0
0.0764119601329
0.119601328904
0.116279069767
0.132890365449
0.00332225913621
0.00332225913621
0.00332225913621
0.504983388704
0.405315614618
0.0
0.398671096346
0.36877076412
0.345514950166
0.0132890365449
0.00996677740864
0.00996677740864
0.00996677740864
0.0199335548173
0.0365448504983
0.102990033223
0.00664451827243
0.0132890365449
0.0
0.196013289037
0.00332225913621
0.0166112956811
0.00996677740864
0.00996677740864
0.00996677740864
0.00332225913621
0.0166112956811
0.0166112956811
0.0132890365449
0.0232558139535
0.0232558139535
0.0232558139535
0.0365448504983
0.68438538206
0.00664451827243
0.0
0.00332225913621
0.116279069767
0.212624584718
0.255813953488
0.159468438538
0.00664451827243
0.00664451827243
0.00664451827243
0.265780730897
0.305647840532
0.305647840532
0.312292358804
0.00332225913621
0.328903654485
0.0
0.00332225913621
0.00664451827243
0.162790697674
0.00664451827243
0.0897009966777
0.0897009966777
0.0897009966777
0.172757475083
0.0299003322259
0.146179401993
0.146179401993
0.00664451827243
0.00664451827243
0.0132890365449
0.00664451827243
0.00996677740864
0.00332225913621
0.0132890365449
0.0166112956811
0.0564784053156
0.0
0.299003322259
0.0132890365449
0.00664451827243
0.0299003322259
0.0
0.0
0.0
0.00664451827243
0.0199335548173
0.00996677740864
0.00332225913621
0.00664451827243
0.501661129568
0.31561461794
0.31561461794
0.328903654485
0.0830564784053
0.0863787375415
0.0863787375415
0.0863787375415
0.0531561461794
0.00996677740864
0.00996677740864
0.00332225913621
0.00332225913621
0.00996677740864
0.00996677740864
0.136212624585
0.132890365449
0.0730897009967
0.0
0.0
0.0
0.0
0.382059800664
0.382059800664
0.189368770764
0.182724252492
0.136212624585
0.00332225913621
0.0132890365449
0.00332225913621
0.215946843854
0.0199335548173
0.00664451827243
0.272425249169
0.0498338870432
0.415282392027
0.415282392027
0.00664451827243
0.00664451827243
0.119601328904
0.322259136213
0.0166112956811
0.0232558139535
0.0265780730897
0.0166112956811
0.0265780730897
0.0531561461794
0.584717607973
0.58803986711
0.58803986711
0.58803986711
0.172757475083
0.179401993355
0.0797342192691
0.0797342192691
0.129568106312
0.129568106312
0.00332225913621
0.00996677740864
0.00996677740864
0.00332225913621
0.0
0.00332225913621
0.0132890365449
0.0365448504983
0.0398671096346
0.0199335548173
0.0
0.0132890365449
0.0
0.0
0.0132890365449
0.126245847176
0.00664451827243
0.00664451827243
0.179401993355
0.156146179402
0.21926910299
0.21926910299
0.222591362126
0.00332225913621
0.142857142857
0.00332225913621
0.275747508306
0.142857142857
0.00664451827243
0.0265780730897
0.063122923588
0.0132890365449
0.0132890365449
0.00996677740864
0.0598006644518
0.0
0.0199335548173
0.0199335548173
0.0132890365449
0.232558139535
0.810631229236
0.817275747508
0.156146179402
0.295681063123
0.00332225913621
0.00332225913621
0.00332225913621
0.00332225913621
0.0299003322259
0.0564784053156
0.136212624585
0.152823920266
0.152823920266
0.152823920266
0.0132890365449
0.747508305648
0.0
0.0
0.00332225913621
0.00332225913621
0.00332225913621
0.156146179402
0.159468438538
0.159468438538
0.302325581395
0.0132890365449
0.166112956811
0.00332225913621
0.00332225913621
0.0166112956811
0.00664451827243
0.00664451827243
0.0
0.00996677740864
0.0265780730897
0.262458471761
0.129568106312
0.0730897009967
0.222591362126
0.0498338870432
0.00664451827243
0.0332225913621
0.0332225913621
0.0365448504983
0.063122923588
0.0332225913621
0.0265780730897
0.332225913621
0.212624584718
0.0
0.00332225913621
0.0232558139535
0.375415282392
0.093023255814
0.00664451827243
0.139534883721
0.00332225913621
0.00664451827243
0.119601328904
0.119601328904
0.0365448504983
0.0797342192691
0.0664451827243
0.229235880399
0.229235880399
0.292358803987
0.0132890365449
0.0
0.0
0.00664451827243
0.900332225914
0.900332225914
0.681063122924
0.0132890365449
0.295681063123
0.093023255814
0.093023255814
0.0863787375415
0.139534883721
0.279069767442
0.338870431894
0.00332225913621
0.00332225913621
0.00996677740864
0.0265780730897
0.0498338870432
0.0863787375415
0.0531561461794
0.00996677740864
0.0199335548173
0.0166112956811
0.0830564784053
0.0830564784053
0.345514950166
0.531561461794
0.0863787375415
0.0265780730897
0.0132890365449
0.00996677740864
0.0199335548173
0.0166112956811
0.0
0.00664451827243
0.00664451827243
0.00664451827243
0.0232558139535
0.00332225913621
0.00996677740864
0.0166112956811
0.478405315615
0.328903654485
0.252491694352
0.239202657807
0.132890365449
0.202657807309
0.0232558139535
0.00332225913621
0.00332225913621
0.312292358804
0.322259136213
0.0132890365449
0.00664451827243
0.00332225913621
0.00332225913621
0.651162790698
0.651162790698
0.651162790698
0.0
0.00332225913621
0.0
0.182724252492
0.0265780730897
0.172757475083
0.172757475083
0.179401993355
0.162790697674
0.172757475083
0.00996677740864
0.0166112956811
0.00664451827243
0.00996677740864
0.0797342192691
0.0764119601329
0.0199335548173
0.046511627907
0.697674418605
0.691029900332
0.186046511628
0.00664451827243
0.00664451827243
0.00996677740864
0.00332225913621
0.0132890365449
0.0332225913621
0.00332225913621
0.0
0.222591362126
0.222591362126
0.56146179402
0.803986710963
0.803986710963
0.813953488372
0.00664451827243
0.00332225913621
0.00996677740864
0.720930232558
