with_clust3_RELA
0.205980066445
0.179401993355
0.179401993355
1.03322259136
0.00664451827243
0.00996677740864
0.0299003322259
0.0132890365449
0.222591362126
0.222591362126
0.00996677740864
0.139534883721
0.00996677740864
0.0166112956811
0.0166112956811
0.00996677740864
0.189368770764
0.189368770764
0.681063122924
0.681063122924
0.681063122924
0.00996677740864
0.252491694352
0.259136212625
0.196013289037
0.0199335548173
0.162790697674
0.046511627907
0.0897009966777
0.0598006644518
0.00996677740864
0.00664451827243
0.0897009966777
0.0897009966777
0.0132890365449
0.0963455149502
0.0963455149502
0.511627906977
0.511627906977
0.00996677740864
0.00996677740864
0.222591362126
0.00664451827243
0.475083056478
0.475083056478
0.109634551495
0.252491694352
0.0
0.00664451827243
0.186046511628
0.0
0.00664451827243
0.00664451827243
0.0132890365449
0.0
0.0
0.00664451827243
0.0
0.00664451827243
0.00332225913621
0.00332225913621
0.0
0.00664451827243
0.800664451827
0.0
0.0
0.12292358804
0.12292358804
0.102990033223
0.102990033223
0.106312292359
0.106312292359
0.106312292359
0.262458471761
0.093023255814
0.382059800664
0.259136212625
0.259136212625
0.249169435216
0.401993355482
0.382059800664
0.112956810631
0.1926910299
0.172757475083
0.156146179402
0.00996677740864
0.00996677740864
0.00664451827243
0.0
0.00996677740864
0.0963455149502
0.239202657807
0.239202657807
0.063122923588
0.063122923588
0.00332225913621
0.0431893687708
0.00996677740864
0.00664451827243
0.00664451827243
0.046511627907
0.046511627907
0.046511627907
0.046511627907
0.24584717608
0.24584717608
0.14950166113
0.14950166113
0.0498338870432
0.0498338870432
0.0265780730897
0.0265780730897
0.348837209302
0.348837209302
0.00664451827243
0.166112956811
0.166112956811
0.162790697674
0.146179401993
0.215946843854
0.0132890365449
0.00996677740864
0.0897009966777
0.0199335548173
0.0199335548173
0.0199335548173
0.00664451827243
0.0
0.0
0.0232558139535
0.0132890365449
0.0199335548173
0.0830564784053
0.176079734219
0.176079734219
0.176079734219
0.12292358804
0.129568106312
0.0
0.0
0.129568106312
0.129568106312
0.0
0.00332225913621
0.0132890365449
0.00332225913621
0.0830564784053
0.0
0.813953488372
0.817275747508
0.817275747508
0.00996677740864
0.00332225913621
0.0431893687708
0.0431893687708
0.00332225913621
0.225913621262
0.225913621262
0.00664451827243
0.421926910299
0.418604651163
0.205980066445
0.581395348837
0.00332225913621
0.0598006644518
0.0431893687708
0.046511627907
0.046511627907
0.0
0.0
0.0
0.0
0.0
0.0
0.0
0.0
0.0
0.0
0.0
0.0
0.0
0.0
0.0
0.421926910299
0.00996677740864
0.00332225913621
0.0
0.0
0.235880398671
0.222591362126
0.205980066445
0.209302325581
0.647840531561
0.00664451827243
0.00664451827243
0.00664451827243
0.0897009966777
0.0897009966777
0.445182724252
0.00332225913621
0.0265780730897
0.116279069767
0.0
0.1926910299
0.00996677740864
0.0132890365449
0.415282392027
0.0
0.0
0.00332225913621
0.00332225913621
0.0
0.00332225913621
0.31561461794
0.0764119601329
0.0730897009967
0.0232558139535
0.475083056478
0.152823920266
0.508305647841
0.0564784053156
0.00664451827243
0.00664451827243
0.00996677740864
0.212624584718
0.312292358804
0.308970099668
0.0
0.00664451827243
0.00664451827243
0.0132890365449
0.129568106312
0.554817275748
0.0431893687708
0.179401993355
0.179401993355
0.0166112956811
0.169435215947
0.00664451827243
0.0265780730897
0.524916943522
0.146179401993
0.0
0.0
0.102990033223
0.0
0.0
0.0
0.0
0.093023255814
0.093023255814
0.106312292359
0.106312292359
0.00332225913621
0.0764119601329
0.00332225913621
0.345514950166
0.345514950166
0.00664451827243
0.199335548173
0.229235880399
0.00332225913621
0.196013289037
0.0
0.00664451827243
0.00664451827243
0.00332225913621
0.126245847176
0.0299003322259
0.00332225913621
0.0
0.707641196013
0.249169435216
0.00332225913621
0.0
0.202657807309
0.162790697674
0.00664451827243
0.495016611296
0.495016611296
0.318936877076
0.285714285714
0.0232558139535
0.00664451827243
0.312292358804
0.0299003322259
0.229235880399
0.229235880399
0.229235880399
0.514950166113
0.229235880399
0.0
0.0166112956811
0.0166112956811
0.106312292359
0.106312292359
0.338870431894
0.00996677740864
0.548172757475
0.548172757475
0.495016611296
0.495016611296
0.495016611296
0.495016611296
0.093023255814
0.112956810631
0.0265780730897
0.338870431894
0.0
0.0
0.172757475083
0.156146179402
0.156146179402
0.156146179402
0.00332225913621
0.312292358804
0.00332225913621
0.0
0.00332225913621
0.00332225913621
0.0199335548173
0.199335548173
0.199335548173
0.199335548173
0.00332225913621
0.00332225913621
0.0166112956811
0.166112956811
0.166112956811
0.129568106312
0.179401993355
0.182724252492
0.0996677740864
0.0996677740864
0.0996677740864
0.0
0.00332225913621
0.176079734219
0.146179401993
0.299003322259
0.651162790698
0.651162790698
0.41196013289
0.41196013289
0.415282392027
0.388704318937
0.388704318937
0.205980066445
0.112956810631
0.112956810631
0.112956810631
0.00996677740864
0.159468438538
0.508305647841
0.232558139535
0.232558139535
0.00332225913621
0.295681063123
0.295681063123
0.441860465116
0.441860465116
0.445182724252
0.41196013289
0.0498338870432
0.0498338870432
0.0897009966777
0.172757475083
0.677740863787
0.292358803987
0.28903654485
0.338870431894
0.0
0.00332225913621
0.00332225913621
0.00996677740864
0.102990033223
0.00332225913621
0.0
0.0132890365449
0.179401993355
0.139534883721
0.0996677740864
0.0996677740864
0.109634551495
0.109634551495
0.109634551495
0.551495016611
0.24584717608
0.00664451827243
0.305647840532
0.0498338870432
0.90365448505
0.00664451827243
0.00664451827243
0.00332225913621
0.00332225913621
0.0166112956811
0.1926910299
0.132890365449
0.132890365449
0.0
0.172757475083
0.172757475083
0.0199335548173
0.0
0.00332225913621
0.0265780730897
0.0498338870432
0.255813953488
0.255813953488
0.255813953488
0.0132890365449
0.225913621262
0.225913621262
0.225913621262
0.0
0.285714285714
0.285714285714
0.285714285714
0.421926910299
0.136212624585
0.451827242525
0.425249169435
0.46511627907
0.46511627907
0.00332225913621
0.0863787375415
0.00332225913621
0.870431893688
0.870431893688
0.873754152824
0.873754152824
0.205980066445
0.205980066445
0.0132890365449
0.0132890365449
0.0132890365449
0.285714285714
0.162790697674
0.229235880399
0.00664451827243
0.398671096346
0.398671096346
0.00996677740864
0.225913621262
0.00664451827243
0.00664451827243
0.00996677740864
0.00332225913621
0.00664451827243
0.00664451827243
0.0232558139535
0.0232558139535
0.0
0.00664451827243
0.093023255814
0.0
0.229235880399
0.229235880399
0.00664451827243
0.00664451827243
0.109634551495
0.398671096346
0.285714285714
0.282392026578
0.0332225913621
0.00996677740864
0.0
0.136212624585
0.166112956811
0.166112956811
0.0
0.179401993355
0.913621262458
0.591362126246
0.591362126246
0.0
0.249169435216
0.24584717608
0.0
0.0132890365449
0.0
0.00996677740864
0.00996677740864
0.504983388704
0.501661129568
0.0232558139535
0.0697674418605
0.0697674418605
0.0697674418605
0.166112956811
0.00996677740864
0.126245847176
0.272425249169
0.395348837209
0.00332225913621
0.00332225913621
0.774086378738
0.0431893687708
0.199335548173
0.189368770764
0.116279069767
0.355481727575
0.00664451827243
0.132890365449
0.132890365449
0.478405315615
0.478405315615
0.209302325581
0.239202657807
0.106312292359
0.0830564784053
0.0830564784053
0.0830564784053
0.0
0.00332225913621
0.0166112956811
0.00664451827243
0.0166112956811
0.475083056478
0.00664451827243
0.0
0.269102990033
0.269102990033
0.00332225913621
0.265780730897
0.00996677740864
0.00996677740864
0.00996677740864
0.00996677740864
0.0299003322259
0.209302325581
0.46511627907
0.00664451827243
0.112956810631
0.112956810631
0.0
0.0166112956811
0.00332225913621
0.00664451827243
0.00996677740864
0.00664451827243
0.0299003322259
0.215946843854
0.0531561461794
0.0
0.0
0.152823920266
0.0398671096346
0.0132890365449
0.00332225913621
0.0
0.0365448504983
0.00332225913621
0.00996677740864
0.00332225913621
0.00996677740864
0.132890365449
0.132890365449
0.00664451827243
0.00664451827243
0.0
0.0232558139535
0.00332225913621
0.345514950166
0.514950166113
0.518272425249
0.176079734219
0.21926910299
0.225913621262
0.302325581395
0.46511627907
0.392026578073
0.784053156146
0.415282392027
0.415282392027
0.00332225913621
0.00332225913621
0.0332225913621
0.0166112956811
0.0166112956811
0.166112956811
0.0365448504983
0.0332225913621
0.00332225913621
0.00332225913621
0.00332225913621
0.00332225913621
0.00996677740864
0.00332225913621
0.205980066445
0.202657807309
0.126245847176
0.126245847176
0.156146179402
0.129568106312
0.199335548173
0.0199335548173
0.00332225913621
0.00332225913621
0.196013289037
0.196013289037
0.132890365449
0.132890365449
0.14950166113
0.0
0.00332225913621
0.0132890365449
0.0132890365449
0.401993355482
0.401993355482
0.232558139535
0.252491694352
0.252491694352
0.0332225913621
0.00332225913621
0.0996677740864
0.0996677740864
0.00332225913621
0.00332225913621
0.139534883721
0.139534883721
0.116279069767
0.116279069767
0.0
0.00332225913621
0.328903654485
0.325581395349
0.00996677740864
0.0166112956811
0.0996677740864
0.21926910299
0.00664451827243
0.358803986711
0.222591362126
0.222591362126
0.704318936877
0.269102990033
0.222591362126
0.00996677740864
0.269102990033
0.0
0.0
0.00664451827243
0.14950166113
0.14950166113
0.0
0.00332225913621
0.00332225913621
0.00332225913621
0.00332225913621
0.00332225913621
0.00332225913621
0.00996677740864
0.0431893687708
0.0996677740864
0.0996677740864
0.146179401993
0.0166112956811
0.222591362126
0.00332225913621
0.00664451827243
0.00664451827243
0.0
0.00664451827243
0.00664451827243
0.00996677740864
0.126245847176
0.0797342192691
0.116279069767
0.116279069767
0.126245847176
0.126245847176
0.242524916944
0.00664451827243
0.00664451827243
0.0
0.0
0.0166112956811
0.0
0.199335548173
0.239202657807
0.209302325581
0.0199335548173
0.299003322259
0.299003322259
0.378737541528
0.00996677740864
0.0
0.0
0.0
0.00996677740864
0.425249169435
0.0963455149502
0.00996677740864
0.00332225913621
0.0
0.093023255814
0.093023255814
0.0365448504983
1.05647840532
1.02990033223
0.551495016611
0.0232558139535
0.0132890365449
0.24584717608
0.00332225913621
0.0132890365449
0.0299003322259
0.0232558139535
0.498338870432
0.0
0.581395348837
0.581395348837
0.581395348837
0.581395348837
0.554817275748
0.0166112956811
0.00996677740864
0.142857142857
0.0166112956811
0.305647840532
0.136212624585
0.00332225913621
0.0
0.0
0.0232558139535
0.43853820598
0.00332225913621
0.1926910299
0.00332225913621
0.00332225913621
0.00332225913621
0.00664451827243
0.00664451827243
0.0
0.00332225913621
0.0265780730897
0.0265780730897
0.382059800664
0.0830564784053
0.00664451827243
0.00332225913621
0.0
0.0365448504983
0.0963455149502
0.00996677740864
0.0365448504983
0.249169435216
0.249169435216
0.840531561462
0.840531561462
0.00996677740864
0.0166112956811
0.382059800664
0.694352159468
0.00332225913621
0.0
0.00332225913621
0.0199335548173
0.00664451827243
0.00664451827243
0.0398671096346
0.0398671096346
0.00664451827243
0.471760797342
0.0
0.00332225913621
0.00996677740864
0.00996677740864
0.196013289037
0.00664451827243
0.00664451827243
0.418604651163
0.00664451827243
0.00664451827243
0.00332225913621
0.169435215947
0.0166112956811
0.12292358804
0.126245847176
0.126245847176
0.126245847176
0.272425249169
0.275747508306
0.0132890365449
0.00996677740864
0.0132890365449
0.176079734219
0.176079734219
0.0199335548173
0.00332225913621
0.00996677740864
0.00996677740864
0.0132890365449
0.00996677740864
0.0
0.325581395349
0.325581395349
0.322259136213
0.318936877076
0.435215946844
0.00332225913621
0.00332225913621
0.00332225913621
0.00332225913621
0.189368770764
0.00332225913621
0.0132890365449
0.106312292359
0.0265780730897
0.568106312292
0.56146179402
0.00996677740864
0.285714285714
0.285714285714
0.299003322259
0.0
0.0166112956811
0.00332225913621
0.00332225913621
0.0199335548173
0.212624584718
0.212624584718
0.0863787375415
0.275747508306
0.840531561462
0.840531561462
0.0
0.485049833887
0.229235880399
0.169435215947
0.0265780730897
0.0166112956811
0.225913621262
0.0265780730897
0.126245847176
0.448504983389
0.448504983389
0.448504983389
0.0697674418605
0.242524916944
0.0166112956811
0.00996677740864
0.0764119601329
0.0730897009967
0.0697674418605
0.28903654485
0.00332225913621
0.299003322259
0.119601328904
0.946843853821
0.468438538206
0.574750830565
0.00664451827243
0.00664451827243
0.0365448504983
0.063122923588
0.28903654485
0.28903654485
0.0166112956811
0.0132890365449
0.0
0.0132890365449
0.0132890365449
0.00332225913621
0.00332225913621
0.0
0.0166112956811
0.00332225913621
0.784053156146
0.790697674419
0.202657807309
0.285714285714
0.0132890365449
1.1926910299
1.1926910299
1.1926910299
0.00332225913621
0.00332225913621
0.00332225913621
0.00332225913621
0.0132890365449
0.212624584718
0.0232558139535
0.408637873754
0.408637873754
0.475083056478
0.564784053156
0.0332225913621
0.401993355482
0.0
0.0
0.0166112956811
0.0830564784053
0.0830564784053
0.00332225913621
0.00332225913621
0.0598006644518
0.0
0.00332225913621
0.00332225913621
0.0
0.279069767442
0.00332225913621
