wo_clust3_RELA
0.00996677740864
0.647840531561
0.00996677740864
0.00664451827243
0.0299003322259
0.0166112956811
0.0332225913621
0.182724252492
0.0863787375415
0.0
0.00996677740864
0.00996677740864
0.0132890365449
0.00996677740864
0.00996677740864
0.0
0.00664451827243
0.00332225913621
0.0166112956811
0.797342192691
0.00332225913621
0.0132890365449
0.00332225913621
0.00332225913621
0.00332225913621
0.0
0.0
0.00664451827243
0.0730897009967
0.0398671096346
0.0232558139535
0.255813953488
0.00664451827243
0.0132890365449
0.00664451827243
0.0897009966777
0.0897009966777
0.00332225913621
0.0
0.0
0.0132890365449
0.00664451827243
0.0132890365449
0.129568106312
0.00996677740864
0.176079734219
0.00332225913621
0.0
0.00996677740864
0.0
0.0
0.0
0.0132890365449
0.00664451827243
0.00664451827243
0.00332225913621
0.00664451827243
0.0
0.202657807309
0.0
0.0
0.0
0.132890365449
0.0199335548173
0.0132890365449
0.0697674418605
0.00664451827243
0.0
0.0
0.106312292359
0.00332225913621
0.00332225913621
0.00664451827243
0.142857142857
0.12292358804
0.325581395349
0.0
0.00996677740864
0.00332225913621
0.00664451827243
0.0232558139535
0.0232558139535
0.0132890365449
0.00996677740864
0.0132890365449
0.737541528239
0.00332225913621
0.00332225913621
0.102990033223
0.00332225913621
0.00664451827243
0.0
0.12292358804
0.00664451827243
0.00664451827243
0.00332225913621
0.0299003322259
0.0
0.0166112956811
0.00664451827243
0.358803986711
0.00664451827243
0.0
0.00664451827243
0.00664451827243
0.00996677740864
0.00332225913621
0.0265780730897
0.0232558139535
0.0232558139535
0.00664451827243
0.0
0.0
0.00996677740864
0.00664451827243
0.00664451827243
0.259136212625
0.00664451827243
0.0299003322259
0.0299003322259
0.0
0.00664451827243
0.129568106312
0.282392026578
0.00664451827243
0.00996677740864
0.00996677740864
0.0166112956811
0.0132890365449
0.0132890365449
0.00664451827243
0.0332225913621
0.0332225913621
0.00996677740864
0.0
0.31561461794
0.292358803987
0.00996677740864
0.159468438538
0.0
0.445182724252
0.445182724252
0.541528239203
0.365448504983
0.0431893687708
0.318936877076
0.0
0.00332225913621
0.00664451827243
0.0132890365449
0.00664451827243
0.00332225913621
0.225913621262
0.00664451827243
0.0166112956811
0.408637873754
0.235880398671
0.00332225913621
0.00332225913621
0.0166112956811
0.0365448504983
0.00664451827243
0.0166112956811
0.00332225913621
0.00332225913621
0.0
0.0332225913621
0.0132890365449
0.0
0.00996677740864
0.00332225913621
0.0166112956811
0.00332225913621
0.136212624585
0.0897009966777
0.0531561461794
0.0265780730897
0.0232558139535
0.431893687708
0.00996677740864
0.172757475083
0.00664451827243
0.179401993355
0.205980066445
0.132890365449
0.0
0.00664451827243
0.199335548173
0.0332225913621
0.0
0.0132890365449
0.0132890365449
0.00332225913621
0.00332225913621
0.00332225913621
0.0
0.262458471761
0.262458471761
0.0730897009967
0.172757475083
0.0
0.00332225913621
0.425249169435
0.00664451827243
0.0
0.112956810631
0.0132890365449
0.0232558139535
0.00332225913621
0.139534883721
0.00332225913621
0.0431893687708
0.0
0.0
0.0232558139535
0.00332225913621
0.00996677740864
0.00996677740864
0.00332225913621
0.00664451827243
0.00332225913621
0.0166112956811
0.0166112956811
0.0265780730897
0.00664451827243
0.00996677740864
0.441860465116
0.0166112956811
0.119601328904
0.119601328904
0.00332225913621
0.00332225913621
0.136212624585
0.00332225913621
0.00664451827243
0.0132890365449
0.0166112956811
0.00996677740864
0.00996677740864
0.00664451827243
0.322259136213
0.0
0.0332225913621
0.0166112956811
0.0166112956811
0.0299003322259
0.00664451827243
0.0132890365449
0.0166112956811
0.0
0.0
0.0
0.408637873754
0.0664451827243
0.00332225913621
0.146179401993
0.0232558139535
0.0232558139535
0.0
0.0431893687708
0.0
0.0
0.0
0.415282392027
0.0232558139535
0.674418604651
0.0
0.00664451827243
0.239202657807
0.239202657807
0.00664451827243
0.00996677740864
0.00996677740864
0.0332225913621
0.0332225913621
0.0332225913621
0.0332225913621
0.0199335548173
0.136212624585
0.495016611296
0.00664451827243
0.0166112956811
0.0132890365449
0.312292358804
0.312292358804
0.0132890365449
0.0265780730897
0.00996677740864
0.0232558139535
0.0265780730897
0.00332225913621
0.00332225913621
0.00996677740864
0.00664451827243
0.00332225913621
0.0
0.00664451827243
0.00996677740864
0.0132890365449
0.00664451827243
0.0199335548173
0.0431893687708
0.0431893687708
0.0531561461794
0.0
0.00332225913621
0.0664451827243
0.00664451827243
0.00664451827243
0.355481727575
0.810631229236
0.0232558139535
0.0398671096346
0.00996677740864
0.00664451827243
0.0664451827243
0.0166112956811
0.0166112956811
0.0132890365449
0.0132890365449
0.0
0.0166112956811
0.0166112956811
0.0166112956811
0.00332225913621
0.00332225913621
0.00332225913621
0.0199335548173
0.00332225913621
0.0166112956811
0.0697674418605
0.046511627907
0.34219269103
0.0
