wo_clust2_RELA
0.063122923588
0.0664451827243
0.00332225913621
0.00664451827243
0.0
0.0132890365449
0.0132890365449
0.00332225913621
0.468438538206
0.00332225913621
0.00996677740864
0.0
0.00664451827243
0.00332225913621
0.00996677740864
0.116279069767
0.299003322259
0.0166112956811
0.00664451827243
0.00996677740864
0.0365448504983
0.0166112956811
0.00664451827243
0.00332225913621
0.00332225913621
0.0265780730897
0.00332225913621
0.00664451827243
0.00664451827243
0.146179401993
0.00332225913621
0.0232558139535
0.00664451827243
0.0166112956811
0.0
0.0
0.0
0.0199335548173
0.0332225913621
0.00332225913621
0.0166112956811
0.0764119601329
0.00332225913621
0.00332225913621
0.00664451827243
0.00996677740864
0.312292358804
0.21926910299
0.0
0.0
0.0
0.00664451827243
0.0132890365449
0.0
0.0
0.0166112956811
0.0
0.0199335548173
0.0199335548173
0.0199335548173
0.0531561461794
0.00332225913621
0.0
0.00332225913621
0.265780730897
0.262458471761
0.0199335548173
0.129568106312
0.129568106312
0.00664451827243
0.00664451827243
0.0598006644518
0.0564784053156
0.0564784053156
0.0398671096346
0.00996677740864
0.0232558139535
0.00332225913621
0.335548172757
0.0
0.0299003322259
0.43853820598
0.43853820598
0.00664451827243
0.00664451827243
0.0265780730897
0.0265780730897
0.186046511628
0.0
0.00664451827243
0.0
0.00332225913621
0.00664451827243
0.00996677740864
0.00996677740864
0.0166112956811
0.0830564784053
0.0498338870432
0.00332225913621
0.0299003322259
0.0
0.0
0.156146179402
0.0
0.00332225913621
0.0730897009967
0.00996677740864
0.385382059801
0.136212624585
0.00996677740864
0.0166112956811
0.0166112956811
0.00332225913621
0.0166112956811
0.0332225913621
0.0531561461794
0.0132890365449
0.106312292359
0.00332225913621
0.14950166113
0.0232558139535
0.00332225913621
0.0265780730897
0.0
0.0232558139535
0.0232558139535
0.00332225913621
0.0
0.0
0.0299003322259
0.0299003322259
0.0199335548173
0.229235880399
0.0
0.0132890365449
0.531561461794
0.531561461794
0.0166112956811
0.00664451827243
0.0
