wo_clust4_RELA
0.00332225913621
0.0132890365449
0.0730897009967
0.0299003322259
0.00996677740864
0.00996677740864
0.0199335548173
0.0299003322259
0.0
0.0199335548173
0.262458471761
0.471760797342
0.00332225913621
0.0132890365449
0.0132890365449
0.362126245847
0.269102990033
0.00664451827243
0.00332225913621
0.00332225913621
0.249169435216
0.209302325581
0.00332225913621
0.00332225913621
0.0265780730897
0.388704318937
0.00996677740864
0.0564784053156
0.388704318937
0.355481727575
0.265780730897
0.166112956811
0.00996677740864
0.00996677740864
0.00996677740864
0.139534883721
0.00664451827243
0.00664451827243
0.0166112956811
0.00996677740864
0.00664451827243
0.162790697674
0.0
0.00332225913621
0.0166112956811
0.00996677740864
0.395348837209
0.242524916944
0.00996677740864
0.0
0.0830564784053
0.00996677740864
0.00996677740864
0.00332225913621
0.00996677740864
0.0299003322259
0.0
0.00664451827243
0.182724252492
0.475083056478
0.0
0.0232558139535
0.0498338870432
0.00664451827243
0.0
0.0
0.0
0.312292358804
0.0
0.0
0.0
0.0199335548173
0.00332225913621
0.00332225913621
0.299003322259
0.106312292359
0.647840531561
0.00664451827243
0.0
0.00664451827243
0.00332225913621
0.0166112956811
0.641196013289
0.00664451827243
0.0
0.295681063123
0.169435215947
0.00664451827243
0.00332225913621
0.00332225913621
0.00332225913621
0.00332225913621
0.00332225913621
0.00664451827243
0.00332225913621
0.00332225913621
0.0132890365449
0.0
0.0365448504983
0.00664451827243
0.252491694352
0.00664451827243
0.00332225913621
0.0199335548173
0.0166112956811
0.00332225913621
0.0299003322259
0.0
0.00996677740864
0.0
0.00664451827243
0.388704318937
0.0
0.00332225913621
0.00664451827243
0.00332225913621
0.00996677740864
0.00332225913621
0.0
0.00332225913621
0.0299003322259
0.0299003322259
0.0199335548173
0.0
0.00664451827243
0.0431893687708
0.00996677740864
0.0
0.00664451827243
0.348837209302
0.162790697674
0.159468438538
0.0132890365449
0.0132890365449
0.189368770764
0.734219269103
0.0299003322259
0.299003322259
0.116279069767
0.31561461794
0.00664451827243
0.418604651163
0.0
0.0166112956811
0.0166112956811
0.00996677740864
0.0398671096346
0.0199335548173
0.00332225913621
0.00332225913621
0.415282392027
0.259136212625
0.259136212625
0.584717607973
0.392026578073
0.392026578073
0.548172757475
0.0
0.00332225913621
0.00332225913621
0.873754152824
0.0
0.00332225913621
0.401993355482
0.142857142857
0.00332225913621
0.00332225913621
0.0232558139535
0.0232558139535
0.0132890365449
0.00664451827243
0.00332225913621
0.0
0.0166112956811
0.00996677740864
0.00996677740864
0.34219269103
0.00664451827243
0.00996677740864
0.00332225913621
0.252491694352
0.840531561462
0.00332225913621
0.0
0.0
0.00332225913621
0.00996677740864
0.00664451827243
0.00664451827243
0.0365448504983
0.0365448504983
0.0365448504983
0.322259136213
0.322259136213
0.0199335548173
0.00332225913621
0.00332225913621
0.00664451827243
0.00996677740864
0.0
0.00664451827243
0.0232558139535
0.00332225913621
0.00664451827243
0.00332225913621
0.152823920266
0.0598006644518
0.0132890365449
0.0166112956811
0.0265780730897
0.00996677740864
0.292358803987
0.0332225913621
0.0132890365449
0.0132890365449
0.0
0.345514950166
0.0132890365449
0.0132890365449
0.0132890365449
0.0
0.0332225913621
0.0132890365449
0.136212624585
0.0299003322259
0.00332225913621
0.189368770764
0.0166112956811
0.0166112956811
0.00332225913621
0.00332225913621
0.00664451827243
0.00332225913621
0.0132890365449
0.179401993355
0.318936877076
0.644518272425
0.0
0.0166112956811
0.00996677740864
0.0
0.0
0.0132890365449
0.0299003322259
0.00664451827243
0.109634551495
0.0332225913621
0.0132890365449
0.0664451827243
0.00664451827243
0.0132890365449
0.0232558139535
0.282392026578
0.279069767442
0.00996677740864
0.00332225913621
0.0
0.0
0.0132890365449
0.00332225913621
0.0
0.00664451827243
0.00664451827243
0.272425249169
0.272425249169
0.358803986711
0.0166112956811
0.00996677740864
0.00332225913621
0.00664451827243
0.275747508306
0.00332225913621
0.129568106312
0.0132890365449
0.132890365449
0.0365448504983
0.0265780730897
0.0265780730897
0.00664451827243
0.0
0.362126245847
0.362126245847
0.00332225913621
0.146179401993
0.0
0.00332225913621
0.00332225913621
0.00332225913621
0.00332225913621
0.0
0.00996677740864
0.0166112956811
0.279069767442
0.00996677740864
0.0199335548173
0.385382059801
0.0
0.00996677740864
0.0
0.0
0.00332225913621
0.00332225913621
0.00332225913621
0.0
0.00664451827243
0.00664451827243
0.00332225913621
0.0265780730897
0.0265780730897
0.00996677740864
0.00996677740864
0.00664451827243
0.00664451827243
0.0166112956811
0.0
0.0
0.0
0.00332225913621
0.0132890365449
0.00996677740864
0.00996677740864
0.00996677740864
0.518272425249
0.415282392027
0.189368770764
0.189368770764
0.152823920266
0.0797342192691
0.00332225913621
0.0199335548173
0.00664451827243
0.0132890365449
0.0166112956811
0.0232558139535
0.116279069767
0.0996677740864
0.0166112956811
0.0199335548173
0.209302325581
0.365448504983
0.365448504983
0.36877076412
0.00664451827243
0.00664451827243
0.0132890365449
0.0
0.00996677740864
0.0132890365449
0.0199335548173
0.0199335548173
0.0199335548173
0.00996677740864
0.00332225913621
0.0166112956811
0.00664451827243
0.196013289037
0.00664451827243
0.00664451827243
0.00664451827243
0.00332225913621
0.00332225913621
0.00332225913621
0.00664451827243
0.00664451827243
0.0132890365449
0.00332225913621
0.252491694352
0.252491694352
0.00996677740864
0.00996677740864
0.0963455149502
0.00332225913621
0.00664451827243
0.00664451827243
0.046511627907
0.0564784053156
0.0
0.0
0.0299003322259
0.0132890365449
0.00332225913621
0.0
0.00332225913621
0.0166112956811
0.0132890365449
0.00332225913621
0.0132890365449
0.0265780730897
0.0132890365449
0.00332225913621
0.0166112956811
0.0232558139535
0.179401993355
0.00332225913621
0.00332225913621
0.0
0.00332225913621
0.0166112956811
0.0996677740864
0.0431893687708
0.0531561461794
0.00332225913621
0.046511627907
0.199335548173
0.199335548173
0.00996677740864
0.0265780730897
0.00664451827243
0.0664451827243
0.046511627907
0.0132890365449
0.0166112956811
0.0299003322259
0.0299003322259
0.0299003322259
0.421926910299
0.0
0.0398671096346
0.0199335548173
0.0
0.299003322259
0.0132890365449
0.0232558139535
0.0232558139535
0.199335548173
0.00664451827243
0.00664451827243
0.00996677740864
0.0
0.00996677740864
0.00332225913621
0.00332225913621
0.00332225913621
0.0132890365449
0.0232558139535
0.00664451827243
0.00664451827243
0.00664451827243
0.00664451827243
0.0
0.00996677740864
0.704318936877
0.00332225913621
0.0398671096346
0.0299003322259
0.0132890365449
0.0132890365449
0.332225913621
0.046511627907
0.0265780730897
0.0132890365449
0.00996677740864
0.00996677740864
0.0265780730897
0.0431893687708
0.00664451827243
0.0
0.0
0.00664451827243
0.0199335548173
0.0199335548173
0.0232558139535
0.00664451827243
0.00664451827243
0.0299003322259
0.0564784053156
0.0564784053156
0.784053156146
0.790697674419
0.0166112956811
0.0332225913621
0.0498338870432
0.0166112956811
0.0199335548173
0.0132890365449
0.176079734219
0.00332225913621
