wo_RELA
0.0132890365449
0.0398671096346
0.0365448504983
0.0299003322259
0.0
0.0199335548173
0.0299003322259
0.0132890365449
0.647840531561
0.00664451827243
0.53488372093
0.0232558139535
0.229235880399
0.0132890365449
0.0132890365449
0.0365448504983
0.0132890365449
0.0199335548173
0.063122923588
0.0664451827243
0.215946843854
0.215946843854
0.262458471761
0.0132890365449
0.0132890365449
0.594684385382
0.0166112956811
0.00996677740864
0.0132890365449
0.126245847176
0.00332225913621
0.00996677740864
0.471760797342
0.0199335548173
0.0166112956811
0.126245847176
0.00332225913621
0.0232558139535
0.182724252492
0.0232558139535
0.00664451827243
0.00332225913621
0.239202657807
0.0166112956811
0.00996677740864
0.0232558139535
0.00996677740864
0.00996677740864
0.00664451827243
0.00664451827243
0.00664451827243
0.00332225913621
0.0132890365449
0.0199335548173
0.00996677740864
0.00332225913621
0.0
0.00332225913621
0.0863787375415
0.00664451827243
0.00664451827243
0.362126245847
0.109634551495
0.00332225913621
0.0132890365449
0.00664451827243
0.00664451827243
0.00332225913621
0.269102990033
0.0232558139535
0.0166112956811
0.00996677740864
0.136212624585
0.00996677740864
0.00332225913621
0.00664451827243
0.00996677740864
0.0132890365449
0.00332225913621
0.00332225913621
0.0
0.00332225913621
0.0166112956811
0.0132890365449
0.249169435216
0.209302325581
0.468438538206
0.0265780730897
0.0265780730897
0.0132890365449
0.0
0.00664451827243
0.0
0.00996677740864
0.00332225913621
0.00664451827243
0.382059800664
0.46511627907
0.0132890365449
0.388704318937
0.00664451827243
0.00664451827243
0.0199335548173
0.00996677740864
0.0232558139535
0.0166112956811
0.0
0.0
0.0
0.0
0.0166112956811
0.0
0.56146179402
0.00332225913621
0.388704318937
0.355481727575
0.0
0.0132890365449
0.265780730897
0.797342192691
0.166112956811
0.787375415282
0.00664451827243
0.176079734219
0.0
0.00996677740864
0.0132890365449
0.0132890365449
0.00332225913621
0.00664451827243
0.00332225913621
0.0132890365449
0.00664451827243
0.00664451827243
0.139534883721
0.0166112956811
0.0
0.0199335548173
0.00332225913621
0.046511627907
0.102990033223
0.0
0.00332225913621
0.00332225913621
0.0
0.00996677740864
0.0
0.0166112956811
0.0996677740864
0.0132890365449
0.0730897009967
0.00332225913621
0.0
0.0132890365449
0.0
0.162790697674
0.0
0.0
0.0
0.0199335548173
0.0365448504983
0.00664451827243
0.21926910299
0.00664451827243
0.212624584718
0.0132890365449
0.116279069767
0.0265780730897
0.299003322259
0.0299003322259
0.255813953488
0.0332225913621
0.00332225913621
0.0398671096346
0.00332225913621
0.00664451827243
0.00664451827243
0.00332225913621
0.00664451827243
0.182724252492
0.0
0.00332225913621
0.00996677740864
0.395348837209
0.0132890365449
0.0
0.179401993355
0.172757475083
0.00664451827243
0.0132890365449
0.242524916944
0.00664451827243
0.00332225913621
0.00332225913621
0.0
0.00996677740864
0.0132890365449
0.00664451827243
0.00332225913621
0.0830564784053
0.0132890365449
0.0
0.395348837209
0.179401993355
0.00664451827243
0.00664451827243
0.0132890365449
0.00332225913621
0.0132890365449
0.0132890365449
0.0
0.0232558139535
0.00332225913621
0.00332225913621
0.00996677740864
0.0398671096346
0.209302325581
0.00332225913621
0.00332225913621
0.00996677740864
0.00996677740864
0.196013289037
0.00332225913621
0.00664451827243
0.00664451827243
0.00664451827243
0.00664451827243
0.182724252492
0.0
0.119601328904
0.242524916944
0.475083056478
0.0299003322259
0.0132890365449
0.00996677740864
0.00664451827243
0.00332225913621
0.0299003322259
0.0
0.00664451827243
0.0
0.225913621262
0.0
0.00996677740864
0.00332225913621
0.00332225913621
0.00664451827243
0.00664451827243
0.0299003322259
0.0
0.0
0.0
0.0
0.0
0.0
0.0
0.0
0.0
0.0
0.0
0.0
0.0
0.0
0.0
0.0
0.0
0.0
0.0
0.176079734219
0.00996677740864
0.312292358804
0.358803986711
0.0299003322259
0.0132890365449
0.242524916944
0.0232558139535
0.00664451827243
0.00664451827243
0.0
0.00332225913621
0.00332225913621
0.00332225913621
0.00332225913621
0.0
0.0
0.00664451827243
0.00332225913621
0.00664451827243
0.00664451827243
0.0
0.00332225913621
0.00332225913621
0.0
0.00664451827243
0.00332225913621
0.0
0.172757475083
0.182724252492
0.0
0.0132890365449
0.00664451827243
0.00332225913621
0.0365448504983
0.0
0.00996677740864
0.0199335548173
0.0332225913621
0.0
0.0
0.0797342192691
0.0
0.00664451827243
0.00996677740864
0.0199335548173
0.202657807309
0.00664451827243
0.0
0.647840531561
0.00664451827243
0.132890365449
0.0
0.00332225913621
0.00332225913621
0.00332225913621
0.0166112956811
0.00664451827243
0.0132890365449
0.0
0.00332225913621
0.00664451827243
0.209302325581
0.196013289037
0.152823920266
0.0697674418605
0.222591362126
0.00664451827243
0.0199335548173
0.0697674418605
0.0730897009967
0.102990033223
0.00664451827243
0.0
0.142857142857
0.142857142857
0.0132890365449
0.00996677740864
0.00332225913621
0.641196013289
0.0199335548173
0.0
0.0
0.0
0.0166112956811
0.0166112956811
0.0166112956811
0.0166112956811
0.295681063123
0.0132890365449
0.0132890365449
0.00664451827243
0.00996677740864
0.169435215947
0.169435215947
0.106312292359
0.0
0.0166112956811
0.00996677740864
0.00664451827243
0.00664451827243
0.0
0.00996677740864
0.00664451827243
0.00664451827243
0.0
0.0
0.00996677740864
0.142857142857
0.046511627907
0.0
0.0
0.0332225913621
0.0
0.0132890365449
0.0232558139535
0.365448504983
0.00664451827243
0.0199335548173
0.00332225913621
0.00996677740864
0.0166112956811
0.00332225913621
0.00996677740864
0.325581395349
1.09634551495
0.00332225913621
0.00996677740864
0.00332225913621
0.0132890365449
0.0265780730897
0.00664451827243
0.00664451827243
0.0132890365449
0.0
0.0
0.0
0.00332225913621
0.0
0.00332225913621
0.00332225913621
0.00332225913621
0.00996677740864
0.0
0.00332225913621
0.00332225913621
0.00664451827243
0.00332225913621
0.00332225913621
0.00664451827243
0.00332225913621
0.0
0.0
0.00332225913621
0.00332225913621
0.00332225913621
0.00664451827243
0.00332225913621
0.0
0.132890365449
0.132890365449
0.132890365449
0.046511627907
0.046511627907
0.0199335548173
0.00664451827243
0.225913621262
0.00996677740864
0.272425249169
0.00996677740864
0.132890365449
0.0897009966777
0.093023255814
0.00332225913621
0.0
0.265780730897
0.0299003322259
0.00664451827243
0.00664451827243
0.00664451827243
0.00332225913621
0.00332225913621
0.252491694352
0.00996677740864
0.00332225913621
0.00332225913621
0.00996677740864
0.146179401993
0.159468438538
0.00332225913621
0.00996677740864
0.00996677740864
0.00664451827243
0.0
0.0
0.0
0.00332225913621
0.00664451827243
0.212624584718
0.0166112956811
0.0132890365449
0.00664451827243
0.00664451827243
0.00664451827243
0.358803986711
0.737541528239
0.0132890365449
0.0132890365449
0.00332225913621
0.00996677740864
0.0132890365449
0.189368770764
0.415282392027
0.415282392027
0.0166112956811
0.102990033223
0.0
0.0
0.0
0.00332225913621
0.0199335548173
0.129568106312
0.00332225913621
0.0
0.0
0.00332225913621
0.146179401993
0.12292358804
0.388704318937
0.0132890365449
0.0
0.0132890365449
0.00332225913621
0.00664451827243
0.00664451827243
0.00664451827243
0.00332225913621
0.0730897009967
0.166112956811
0.00332225913621
0.00664451827243
0.0166112956811
0.0265780730897
0.00332225913621
0.00664451827243
0.0265780730897
0.0265780730897
0.0431893687708
0.00664451827243
0.00664451827243
0.00996677740864
0.514950166113
0.00996677740864
0.0132890365449
0.239202657807
0.681063122924
0.00332225913621
0.00332225913621
0.867109634551
0.8073089701
0.00664451827243
0.0
0.0
0.00664451827243
0.186046511628
0.0
0.00664451827243
0.0
0.0
0.0132890365449
0.0166112956811
0.00664451827243
0.0
0.312292358804
0.209302325581
0.00664451827243
0.0
0.0
0.00996677740864
0.132890365449
0.00996677740864
0.172757475083
0.172757475083
0.00332225913621
0.00664451827243
0.00664451827243
0.00664451827243
0.0232558139535
0.0132890365449
0.0132890365449
0.00332225913621
0.00332225913621
0.00996677740864
0.348837209302
0.00332225913621
0.0
0.358803986711
0.0199335548173
0.0
0.0
0.00332225913621
0.00332225913621
0.0
0.00332225913621
0.0
0.162790697674
0.159468438538
0.0
0.00996677740864
0.0132890365449
0.00664451827243
0.00332225913621
0.00996677740864
0.00332225913621
0.00332225913621
0.0
0.00996677740864
0.189368770764
0.00996677740864
0.00996677740864
0.00664451827243
0.00332225913621
0.00332225913621
0.734219269103
0.445182724252
0.0697674418605
0.00332225913621
0.00996677740864
0.0996677740864
0.235880398671
0.299003322259
0.116279069767
0.00332225913621
0.31561461794
0.0
0.0598006644518
0.0498338870432
0.00332225913621
0.0
0.0299003322259
0.0830564784053
0.0265780730897
0.00664451827243
0.0
0.0132890365449
0.00996677740864
0.00664451827243
0.418604651163
0.0598006644518
0.0897009966777
0.0897009966777
0.0
0.00332225913621
0.0199335548173
0.0166112956811
0.00332225913621
0.0
0.0232558139535
0.0963455149502
0.00664451827243
0.00996677740864
0.0
0.00664451827243
0.00664451827243
0.00664451827243
0.112956810631
0.0232558139535
0.00664451827243
0.0
0.00664451827243
0.12292358804
0.202657807309
0.0166112956811
0.00332225913621
0.00996677740864
0.00664451827243
0.0531561461794
0.00996677740864
0.00664451827243
0.0166112956811
0.425249169435
0.31561461794
0.312292358804
0.415282392027
0.259136212625
0.259136212625
0.0564784053156
0.00996677740864
0.584717607973
0.392026578073
0.21926910299
0.0166112956811
0.0265780730897
0.0730897009967
0.0897009966777
0.00664451827243
0.0166112956811
0.0166112956811
0.129568106312
0.0
0.00332225913621
0.0166112956811
0.548172757475
0.00664451827243
0.873754152824
0.0132890365449
0.0132890365449
0.0
0.0
0.0
0.0
0.00332225913621
0.00996677740864
0.401993355482
0.142857142857
0.102990033223
0.00996677740864
0.00996677740864
0.00996677740864
0.0
0.0
0.00332225913621
0.00996677740864
0.00332225913621
0.00332225913621
0.00332225913621
0.0
0.00664451827243
0.00664451827243
0.00664451827243
0.00996677740864
0.0
0.00664451827243
0.0166112956811
0.00996677740864
0.00664451827243
0.00664451827243
0.00664451827243
0.0
0.0
0.0
0.00996677740864
0.00332225913621
0.0
0.0132890365449
0.0365448504983
0.00664451827243
0.0299003322259
0.00996677740864
0.0132890365449
0.00332225913621
0.00664451827243
0.00664451827243
0.0
0.0199335548173
0.00332225913621
0.0132890365449
0.00332225913621
0.0996677740864
0.0996677740864
0.00996677740864
0.0132890365449
0.102990033223
0.00664451827243
0.0
0.0199335548173
0.0166112956811
0.0132890365449
0.0
0.34219269103
0.0265780730897
0.00996677740864
0.259136212625
0.0199335548173
0.0166112956811
0.00332225913621
0.0
0.0
0.0132890365449
0.00332225913621
0.0265780730897
0.00996677740864
0.252491694352
0.0132890365449
0.0132890365449
0.24584717608
0.046511627907
0.189368770764
0.00664451827243
0.840531561462
0.00332225913621
0.0
0.0
0.00332225913621
0.00664451827243
0.0
0.00996677740864
0.00332225913621
0.0
0.0996677740864
0.00332225913621
0.0166112956811
0.00332225913621
0.00332225913621
0.571428571429
0.0
0.00996677740864
0.00996677740864
0.00996677740864
0.00332225913621
0.00664451827243
0.00332225913621
0.0132890365449
0.0
0.0
0.00332225913621
0.00332225913621
0.00332225913621
0.00996677740864
0.322259136213
0.322259136213
0.0
0.00332225913621
0.0
0.00332225913621
0.00332225913621
0.0730897009967
0.0132890365449
0.129568106312
0.00332225913621
0.00664451827243
0.0
0.0199335548173
0.00996677740864
0.282392026578
0.00664451827243
0.00664451827243
0.00664451827243
0.00332225913621
0.0132890365449
0.00664451827243
0.12292358804
0.00332225913621
0.00332225913621
0.0
0.0
0.0
0.00332225913621
0.00664451827243
0.00664451827243
0.00664451827243
0.0
0.0
0.00332225913621
0.0398671096346
0.0598006644518
0.063122923588
0.152823920266
0.0132890365449
0.0332225913621
0.0299003322259
0.0332225913621
0.00332225913621
0.0232558139535
0.00332225913621
0.0
0.00332225913621
0.00664451827243
0.00664451827243
0.0431893687708
0.00996677740864
0.458471760797
0.292358803987
0.265780730897
0.262458471761
0.501661129568
0.229235880399
0.00664451827243
0.0166112956811
0.129568106312
0.00332225913621
0.0132890365449
0.0
0.0166112956811
0.00996677740864
0.00996677740864
0.252491694352
0.00664451827243
0.00664451827243
0.00332225913621
0.00332225913621
0.00664451827243
0.172757475083
0.176079734219
0.112956810631
0.0166112956811
0.0166112956811
0.0
0.0132890365449
0.345514950166
0.00664451827243
0.00332225913621
0.00332225913621
0.0
0.0166112956811
0.00664451827243
0.0
0.0166112956811
0.00664451827243
0.00664451827243
0.00664451827243
0.0
0.0132890365449
0.00332225913621
0.31561461794
0.292358803987
0.00664451827243
0.00332225913621
0.112956810631
0.0166112956811
0.00332225913621
0.0199335548173
0.00664451827243
0.00664451827243
0.00664451827243
0.136212624585
0.00664451827243
0.0
0.00664451827243
0.00996677740864
0.00332225913621
0.00332225913621
0.00996677740864
0.112956810631
0.00996677740864
0.00332225913621
0.00332225913621
0.0166112956811
0.0166112956811
0.232558139535
0.00664451827243
0.00996677740864
0.159468438538
0.129568106312
0.129568106312
0.00664451827243
0.0
0.189368770764
0.0199335548173
0.00664451827243
0.126245847176
0.126245847176
0.00332225913621
0.0132890365449
0.0132890365449
0.0166112956811
0.445182724252
0.445182724252
0.318936877076
0.00332225913621
0.0265780730897
0.0265780730897
0.0199335548173
0.0166112956811
0.28903654485
0.299003322259
0.00996677740864
0.00332225913621
0.00996677740864
0.0
0.00996677740864
0.00996677740864
0.0
0.541528239203
0.00332225913621
0.0132890365449
0.365448504983
0.00332225913621
0.00332225913621
0.179401993355
0.156146179402
0.0963455149502
0.0
0.318936877076
0.318936877076
0.00996677740864
0.644518272425
0.0
0.00664451827243
0.0
0.0
0.0
0.0
0.172757475083
0.00332225913621
0.00664451827243
0.0132890365449
0.0265780730897
0.0166112956811
0.0166112956811
0.00332225913621
0.00664451827243
0.0132890365449
0.00996677740864
0.00996677740864
0.0299003322259
0.00664451827243
0.0166112956811
0.0132890365449
0.0664451827243
0.136212624585
0.00332225913621
0.00996677740864
0.292358803987
0.00996677740864
0.00332225913621
0.225913621262
0.063122923588
0.478405315615
0.00664451827243
0.00664451827243
0.00664451827243
0.109634551495
0.0232558139535
0.0598006644518
0.0199335548173
0.0
0.338870431894
0.408637873754
0.0299003322259
0.235880398671
0.0232558139535
0.00664451827243
0.0199335548173
0.0332225913621
0.0232558139535
0.0398671096346
0.0598006644518
0.282392026578
0.0
0.0299003322259
0.784053156146
0.0797342192691
0.0863787375415
0.279069767442
0.00664451827243
0.00664451827243
0.196013289037
0.00332225913621
0.00332225913621
0.00664451827243
0.0199335548173
0.0199335548173
0.0132890365449
0.0
0.0
0.00332225913621
0.00332225913621
0.21926910299
0.212624584718
0.00332225913621
0.0830564784053
0.00996677740864
0.00332225913621
0.00664451827243
0.00996677740864
0.00996677740864
0.0132890365449
0.0299003322259
0.00332225913621
0.00332225913621
0.00332225913621
0.308970099668
0.00332225913621
0.00996677740864
0.00332225913621
0.0
0.00332225913621
0.00332225913621
0.00664451827243
0.00332225913621
0.00332225913621
0.00996677740864
0.0
0.0
0.0
0.0
0.0166112956811
0.0166112956811
0.00996677740864
0.00664451827243
0.0166112956811
0.0
0.272425249169
0.272425249169
0.00664451827243
0.00996677740864
0.0199335548173
0.358803986711
0.0232558139535
0.0996677740864
0.0963455149502
0.00664451827243
0.00332225913621
0.00332225913621
0.0
0.0
0.0
0.0232558139535
0.0232558139535
0.0
0.00664451827243
0.00332225913621
0.0166112956811
0.102990033223
0.00332225913621
0.00664451827243
0.0265780730897
0.00332225913621
0.0
0.0
0.093023255814
0.00664451827243
0.0
0.24584717608
0.328903654485
0.176079734219
0.136212624585
0.0897009966777
0.00332225913621
0.0265780730897
0.00996677740864
0.00996677740864
0.0
0.0132890365449
0.00332225913621
0.00332225913621
0.0498338870432
0.275747508306
0.0
0.129568106312
0.0
0.00996677740864
0.00996677740864
0.0265780730897
0.00664451827243
0.302325581395
0.00664451827243
0.00664451827243
0.00664451827243
0.00664451827243
0.0166112956811
0.00664451827243
0.0299003322259
0.0299003322259
0.0365448504983
0.132890365449
0.664451827243
0.0365448504983
0.0265780730897
0.0897009966777
0.00332225913621
0.308970099668
0.00332225913621
0.0
0.00332225913621
0.00332225913621
0.0398671096346
0.431893687708
0.00332225913621
0.0199335548173
0.0132890365449
0.0265780730897
0.325581395349
0.179401993355
0.179401993355
0.172757475083
0.0166112956811
0.0166112956811
0.00664451827243
0.0
0.312292358804
0.179401993355
0.205980066445
0.0166112956811
0.0365448504983
0.00996677740864
0.362126245847
0.362126245847
0.00332225913621
0.00332225913621
0.0132890365449
0.0132890365449
0.00332225913621
0.00996677740864
0.0
0.0132890365449
0.00664451827243
0.132890365449
0.0
0.0166112956811
0.00664451827243
0.00664451827243
0.00664451827243
0.0132890365449
0.146179401993
0.0
0.0166112956811
0.00332225913621
0.00332225913621
0.0
0.0132890365449
0.00996677740864
0.0
0.0265780730897
0.0132890365449
0.159468438538
0.159468438538
0.00664451827243
0.0
0.00332225913621
0.00332225913621
0.00332225913621
0.00664451827243
0.00332225913621
0.584717607973
0.511627906977
0.259136212625
0.00332225913621
0.00332225913621
0.00664451827243
0.0166112956811
0.0166112956811
0.0265780730897
0.0132890365449
0.372093023256
0.395348837209
0.0232558139535
0.136212624585
0.199335548173
0.00332225913621
0.00332225913621
0.0664451827243
0.00996677740864
0.279069767442
0.00332225913621
0.0132890365449
0.0132890365449
0.0166112956811
0.00332225913621
0.046511627907
0.0265780730897
0.063122923588
0.335548172757
0.119601328904
0.348837209302
0.348837209302
0.0564784053156
0.0132890365449
0.00332225913621
0.385382059801
0.0
0.00332225913621
0.00664451827243
0.00996677740864
0.0
0.00332225913621
0.0299003322259
0.0232558139535
0.0166112956811
0.0
0.00332225913621
0.186046511628
0.00332225913621
0.0166112956811
0.0
0.00332225913621
0.0
0.262458471761
0.262458471761
0.00996677740864
0.0
0.0132890365449
0.0265780730897
0.0265780730897
0.0863787375415
0.00332225913621
0.0
0.0132890365449
0.172757475083
0.43853820598
0.43853820598
0.00996677740864
0.152823920266
0.0265780730897
0.00332225913621
0.00664451827243
0.00996677740864
0.00664451827243
0.0132890365449
0.00664451827243
0.00664451827243
0.00332225913621
0.00996677740864
0.00332225913621
0.00996677740864
0.00332225913621
0.00332225913621
0.00996677740864
0.0
0.00664451827243
0.186046511628
0.156146179402
0.093023255814
0.0232558139535
0.00996677740864
0.00332225913621
0.0
0.0
0.0166112956811
0.0132890365449
0.425249169435
0.116279069767
0.00996677740864
0.00996677740864
0.0132890365449
0.0
0.0
0.0132890365449
0.0
0.00664451827243
0.0
0.0
0.156146179402
0.156146179402
0.12292358804
0.12292358804
0.116279069767
0.0132890365449
0.0
0.00332225913621
0.00332225913621
0.00332225913621
0.0
0.0
0.0
0.0
0.0
0.00664451827243
0.00996677740864
0.0
0.00332225913621
0.0
0.0
0.0
0.112956810631
0.132890365449
0.0132890365449
0.196013289037
0.518272425249
0.00664451827243
0.0
0.205980066445
0.415282392027
0.00996677740864
0.00996677740864
0.31561461794
0.0132890365449
0.724252491694
0.720930232558
0.0199335548173
0.0
0.00664451827243
0.0166112956811
0.0166112956811
0.00664451827243
0.0830564784053
0.0830564784053
0.00664451827243
0.00332225913621
0.00332225913621
0.0132890365449
0.139534883721
0.00332225913621
0.189368770764
0.189368770764
0.531561461794
0.00664451827243
0.00996677740864
0.0132890365449
0.00996677740864
0.00332225913621
0.0
0.0166112956811
0.00332225913621
0.102990033223
0.152823920266
0.00664451827243
0.00996677740864
0.0
0.0232558139535
0.00332225913621
0.00332225913621
0.00996677740864
0.0199335548173
0.0365448504983
0.0
0.0199335548173
0.328903654485
0.325581395349
0.0232558139535
0.00664451827243
0.0
0.00996677740864
0.00332225913621
0.0830564784053
0.0132890365449
0.332225913621
0.00996677740864
0.116279069767
0.0166112956811
0.00664451827243
0.00664451827243
0.0265780730897
0.408637873754
0.41196013289
0.00664451827243
0.0564784053156
0.0996677740864
0.00996677740864
0.00996677740864
0.0199335548173
0.0199335548173
0.0132890365449
0.0132890365449
0.0132890365449
0.0132890365449
0.0166112956811
0.00996677740864
0.00996677740864
0.0199335548173
0.199335548173
0.209302325581
0.365448504983
0.365448504983
0.00664451827243
0.0132890365449
0.36877076412
0.00332225913621
0.0
0.00332225913621
0.00332225913621
0.00664451827243
0.0
0.00996677740864
0.00996677740864
0.0166112956811
0.00664451827243
0.0
0.00332225913621
0.0
0.322259136213
0.152823920266
0.0
0.0
0.0199335548173
0.00332225913621
0.0
0.0
0.046511627907
0.00664451827243
0.0265780730897
0.28903654485
0.0
0.0
0.00332225913621
0.00996677740864
0.00332225913621
0.0
0.0
0.0
0.441860465116
0.00996677740864
0.166112956811
0.0132890365449
0.00996677740864
0.156146179402
0.0598006644518
0.00332225913621
0.0132890365449
0.00332225913621
0.196013289037
0.0
0.00664451827243
0.0166112956811
0.0132890365449
0.0
0.0
0.0398671096346
0.0
0.00664451827243
0.00996677740864
0.0199335548173
0.0166112956811
0.00664451827243
0.415282392027
0.00664451827243
0.00664451827243
0.0132890365449
0.0132890365449
0.00664451827243
0.00664451827243
0.00664451827243
0.0
0.00332225913621
0.00332225913621
0.00332225913621
0.00332225913621
0.0
0.0
0.00332225913621
0.0
0.00996677740864
0.0199335548173
0.0232558139535
0.00664451827243
0.00664451827243
0.0
0.36877076412
0.00996677740864
0.0199335548173
0.136212624585
0.00996677740864
0.308970099668
0.46511627907
0.0265780730897
0.0132890365449
0.0
0.0
0.0199335548173
0.00332225913621
0.0132890365449
0.0132890365449
0.00332225913621
0.00332225913621
0.00332225913621
0.00332225913621
0.0431893687708
0.00996677740864
0.00332225913621
0.00664451827243
0.00664451827243
0.00996677740864
0.0132890365449
0.00332225913621
0.0332225913621
0.252491694352
0.252491694352
0.0730897009967
0.232558139535
0.0332225913621
0.00332225913621
0.00332225913621
0.0265780730897
0.0963455149502
0.129568106312
0.00332225913621
0.00996677740864
0.0
0.00996677740864
1.06644518272
1.05980066445
0.00664451827243
0.0
0.00332225913621
0.0
0.322259136213
0.046511627907
0.093023255814
0.093023255814
0.182724252492
0.00996677740864
0.00664451827243
0.00332225913621
0.189368770764
0.00996677740864
0.0132890365449
0.0132890365449
0.142857142857
0.189368770764
0.0498338870432
0.0564784053156
0.00996677740864
0.00996677740864
0.00332225913621
0.0166112956811
0.0166112956811
0.00996677740864
0.00996677740864
0.00332225913621
0.00332225913621
0.00332225913621
0.312292358804
0.0132890365449
0.202657807309
0.392026578073
0.345514950166
0.0299003322259
0.00664451827243
0.385382059801
0.00664451827243
0.0232558139535
0.046511627907
0.0199335548173
0.0132890365449
0.408637873754
0.0232558139535
0.00332225913621
0.0132890365449
0.0232558139535
0.0431893687708
0.242524916944
0.00996677740864
0.00996677740864
0.162790697674
0.162790697674
0.0
0.0
0.00664451827243
0.222591362126
0.0797342192691
0.0431893687708
0.0498338870432
0.325581395349
0.0531561461794
0.425249169435
0.00996677740864
0.00664451827243
0.00996677740864
0.0132890365449
0.00332225913621
0.0132890365449
0.0232558139535
0.0332225913621
0.0
0.00996677740864
0.00332225913621
0.0132890365449
0.00332225913621
0.00332225913621
0.00332225913621
0.0
0.0
0.00996677740864
0.00664451827243
0.00996677740864
0.0132890365449
0.0132890365449
0.136212624585
0.0166112956811
0.00332225913621
0.0265780730897
0.00332225913621
0.0299003322259
0.272425249169
0.0166112956811
0.0166112956811
0.0166112956811
0.179401993355
0.162790697674
0.415282392027
0.0232558139535
0.00332225913621
0.00332225913621
0.0
0.00332225913621
0.0166112956811
0.0199335548173
0.0830564784053
0.00332225913621
0.00332225913621
0.0199335548173
0.0132890365449
0.0132890365449
0.00664451827243
0.674418604651
0.00996677740864
0.00996677740864
0.00664451827243
0.00664451827243
0.00332225913621
0.0
0.00664451827243
0.421926910299
0.00332225913621
0.239202657807
0.239202657807
0.302325581395
0.0265780730897
0.00332225913621
0.0
0.0
0.0132890365449
0.00996677740864
0.00996677740864
0.0
0.365448504983
0.0531561461794
0.132890365449
0.00996677740864
0.00996677740864
0.00996677740864
0.0199335548173
0.109634551495
0.0232558139535
0.0132890365449
0.00996677740864
0.119601328904
0.119601328904
0.0199335548173
0.0199335548173
0.0797342192691
0.0232558139535
0.0232558139535
0.00996677740864
0.282392026578
0.0299003322259
0.495016611296
0.0498338870432
0.106312292359
0.0265780730897
0.0299003322259
0.0
0.0
0.116279069767
0.647840531561
0.272425249169
0.34219269103
0.166112956811
0.00332225913621
0.00332225913621
0.0232558139535
0.0265780730897
0.00996677740864
0.186046511628
0.186046511628
0.112956810631
0.0166112956811
0.0132890365449
0.0132890365449
0.382059800664
0.0132890365449
0.0132890365449
0.00996677740864
0.0166112956811
0.00664451827243
0.0
0.0332225913621
0.0232558139535
0.0232558139535
0.00664451827243
0.00332225913621
0.0
0.0
0.00332225913621
0.0199335548173
0.00332225913621
0.0398671096346
0.0
0.00664451827243
0.00664451827243
0.312292358804
0.312292358804
0.0
0.0132890365449
0.0365448504983
0.0332225913621
0.514950166113
0.102990033223
0.00996677740864
0.00996677740864
0.0
0.106312292359
0.00664451827243
0.0
0.00996677740864
0.00996677740864
0.00332225913621
0.0
0.00332225913621
0.0299003322259
0.0299003322259
0.0132890365449
0.00332225913621
0.421926910299
0.0498338870432
0.00664451827243
0.00664451827243
0.00664451827243
0.00332225913621
0.00332225913621
0.00332225913621
0.00996677740864
1.24916943522
0.139534883721
0.139534883721
0.14950166113
0.00664451827243
0.00332225913621
0.0132890365449
0.00664451827243
0.00996677740864
0.0166112956811
0.0166112956811
0.262458471761
0.0166112956811
0.14950166113
0.0431893687708
0.00332225913621
0.0
0.0132890365449
0.00996677740864
0.0
0.299003322259
0.0299003322259
0.0299003322259
0.00996677740864
0.0166112956811
0.00996677740864
0.00996677740864
0.0
0.00664451827243
0.00332225913621
0.0132890365449
0.00332225913621
0.00664451827243
0.0365448504983
0.00664451827243
0.0299003322259
0.0299003322259
0.0232558139535
0.528239202658
0.0365448504983
0.0398671096346
0.0166112956811
0.335548172757
0.0166112956811
0.00332225913621
0.0232558139535
0.0398671096346
0.0431893687708
0.129568106312
0.0
0.0
0.0
0.0
0.0
0.0
0.0
0.0
0.0
0.00332225913621
0.00664451827243
0.00664451827243
0.00996677740864
0.0963455149502
0.0963455149502
0.00996677740864
0.0132890365449
0.0132890365449
0.00332225913621
0.0
0.00664451827243
0.0
0.00664451827243
0.395348837209
0.00664451827243
0.00332225913621
0.00332225913621
0.00332225913621
0.00332225913621
0.0166112956811
0.0365448504983
0.00664451827243
0.00996677740864
0.00332225913621
0.00996677740864
0.0232558139535
0.0232558139535
0.00664451827243
0.119601328904
0.332225913621
0.00332225913621
0.0
0.209302325581
0.209302325581
0.0
0.176079734219
0.0
0.0
0.0
0.00332225913621
0.00332225913621
0.00332225913621
0.00664451827243
0.0
0.0365448504983
0.312292358804
0.0863787375415
0.0897009966777
0.0332225913621
0.0332225913621
0.0697674418605
0.00664451827243
0.00664451827243
0.0
0.0
0.0531561461794
0.00996677740864
0.0166112956811
0.0365448504983
0.704318936877
0.375415282392
0.0132890365449
0.843853820598
0.00332225913621
0.00996677740864
0.222591362126
0.00664451827243
0.0431893687708
0.0232558139535
0.00664451827243
0.332225913621
0.0232558139535
0.0132890365449
0.106312292359
0.106312292359
0.0199335548173
0.0398671096346
0.0598006644518
0.00664451827243
0.34219269103
0.00996677740864
0.0863787375415
0.0830564784053
0.0365448504983
0.0365448504983
0.654485049834
0.0232558139535
0.196013289037
0.00664451827243
0.109634551495
0.00332225913621
0.00664451827243
0.00664451827243
0.00996677740864
0.0
0.0265780730897
0.00332225913621
0.00996677740864
0.00664451827243
0.00332225913621
0.00332225913621
0.0199335548173
0.0132890365449
0.0
0.0166112956811
0.0132890365449
0.00332225913621
0.00332225913621
0.00332225913621
0.00332225913621
0.0132890365449
0.0
0.0199335548173
0.00664451827243
0.00996677740864
0.0199335548173
0.00996677740864
0.0332225913621
0.0332225913621
0.132890365449
0.00996677740864
0.00996677740864
0.00996677740864
0.0431893687708
0.0166112956811
0.0
0.0365448504983
0.229235880399
0.00664451827243
0.00332225913621
0.0232558139535
0.0265780730897
0.0265780730897
0.00996677740864
0.235880398671
0.0166112956811
0.00664451827243
0.00996677740864
0.156146179402
0.162790697674
0.0
0.00664451827243
0.00332225913621
0.0299003322259
0.0299003322259
0.0299003322259
0.00664451827243
0.00996677740864
0.14950166113
0.0398671096346
0.531561461794
0.531561461794
0.0265780730897
0.375415282392
0.0299003322259
0.0232558139535
0.0166112956811
0.0199335548173
0.0199335548173
0.0
0.0
0.0398671096346
0.362126245847
0.362126245847
0.0963455149502
0.0199335548173
0.0
0.046511627907
0.34219269103
0.0431893687708
0.0
0.00664451827243
0.0132890365449
0.0166112956811
0.0166112956811
0.0
0.0
0.00332225913621
0.0598006644518
0.00332225913621
0.00332225913621
0.00332225913621
0.00332225913621
0.0
0.0
0.0
0.176079734219
0.0
