TF	MERGED_WITH	CLUSTER1_WITH	CLUSTER2_WITH	CLUSTER3_WITH	CLUSTER4_WITH	CLUSTER5_WITH	MERGED_WO	CLUSTER1_WO	CLUSTER2_WO	CLUSTER3_WO	CLUSTER4_WO	CLUSTER5_WO
Ash2l_hand	3.90375419637e-10	0.0776682414061	0.027075314884	0.025742394711	0.300036575737	0.00172273070452	1.0	1.0	1.0	1.0	1.0	1.0
E2A-Homer	1.0	1.0	1.0	1.0	1.0	1.0	0.670519338594	1.0	0.986274601813	1.0	0.644088268312	1.0
IRF8_AICS	1.0	1.0	1.0	1.0	1.0	1.0	0.000404207881785	0.662729279026	0.415779125604	0.311613597539	0.605049410249	0.351969594894
IRF8_IECS_HAND_KANO	1.0	0.985445614705	1.0	1.0	1.0	1.0	0.00107213242804	1.0	0.986274601813	0.324656297294	0.117007149757	0.228429528656
IRF8_ISRE_KANNO	1.0	1.0	1.0	1.0	1.0	1.0	0.337002746993	1.0	0.804260355827	0.215465513164	0.856413189742	1.0
MA0002.2.RUNX1	0.192743161643	0.865149192256	0.705665046081	0.730960356509	1.0	0.121570860742	1.0	1.0	1.0	1.0	0.755944252539	1.0
MA0003.2.TFAP2A	1.53986799466e-21	0.122156998272	0.286851883058	0.0047842094657	2.59341533585e-05	2.2075368336e-14	1.0	1.0	1.0	1.0	1.0	1.0
MA0004.1.Arnt	1.0	1.0	1.0	1.0	1.0	1.0	1.0	1.0	1.0	1.0	1.0	1.0
MA0006.1.Arnt::Ahr	1.0	1.0	1.0	1.0	1.0	1.0	1.0	1.0	1.0	1.0	1.0	1.0
MA0007.2.AR	1.0	0.985445614705	1.0	1.0	0.857821682399	1.0	0.382757504541	1.0	0.505237849872	0.429329545228	1.0	1.0
MA0009.1.T	1.0	1.0	1.0	1.0	1.0	0.938085551938	0.635790151143	1.0	0.926569074083	0.466585259538	1.0	1.0
MA0014.2.PAX5	0.215160165446	0.999294900769	1.0	0.708513209965	1.0	0.96775336528	1.0	1.0	1.0	1.0	1.0	1.0
MA0017.1.NR2F1	1.0	0.627147345161	1.0	1.0	0.644535826208	1.0	0.884801555353	1.0	0.849619944598	0.702658348552	1.0	0.976055617555
MA0018.2.CREB1	1.0	0.985445614705	1.0	1.0	1.0	1.0	0.210620260289	1.0	0.679338691451	1.0	0.309455145339	0.192638192053
MA0019.1.Ddit3::Cebpa	1.0	0.399033887619	1.0	1.0	1.0	0.981089656243	0.309788829383	1.0	0.0859991318262	0.750617811123	0.491232818713	1.0
MA0024.2.E2F1	2.04688659627e-22	0.158498619703	0.579715362201	0.0315911383889	9.14857582936e-09	3.46603044699e-06	1.0	1.0	1.0	1.0	1.0	1.0
MA0025.1.NFIL3	1.0	0.883539118778	1.0	1.0	1.0	1.0	0.00107213242804	1.0	1.0	0.0344956450517	0.142163262998	0.287087613069
MA0027.1.En1	0.538732804712	0.985445614705	1.0	0.708513209965	1.0	1.0	1.0	1.0	0.986274601813	1.0	1.0	1.0
MA0028.1.ELK1	0.562071677053	1.0	0.990425880574	1.0	1.0	1.0	1.0	1.0	1.0	1.0	0.428755974196	0.956798678185
MA0029.1.Mecom	1.0	1.0	1.0	1.0	1.0	1.0	0.00229640475711	1.0	0.782451608659	0.182255749248	0.285322539188	0.65025707346
MA0030.1.FOXF2	1.0	1.0	1.0	1.0	1.0	1.0	0.000676490112333	1.0	1.0	0.986757728917	0.0171224476852	0.128907855648
MA0031.1.FOXD1	1.0	0.985445614705	1.0	1.0	1.0	1.0	0.013242934967	1.0	0.986274601813	0.669998921366	0.278251628791	0.278491055096
MA0032.1.FOXC1	1.0	0.883539118778	1.0	1.0	1.0	1.0	0.508895398365	1.0	1.0	0.750617811123	1.0	0.250187987687
MA0033.1.FOXL1	1.0	1.0	1.0	1.0	1.0	1.0	0.00492706303986	1.0	0.221942319468	0.0220743883659	0.578366672913	1.0
MA0035.3.Gata1	1.0	1.0	1.0	1.0	1.0	1.0	5.71800780931e-05	0.404650432099	0.60987034914	0.316474914633	0.0854115735473	0.549107874312
MA0036.2.GATA2	1.0	1.0	1.0	1.0	1.0	1.0	0.000384265890853	0.404650432099	1.0	0.566984806869	0.139275214248	0.228429528656
MA0037.2.GATA3	1.0	1.0	1.0	1.0	1.0	1.0	9.59614221531e-06	0.404650432099	0.463343743987	0.541603607653	0.109264820914	0.156601192834
MA0038.1.Gfi1	1.0	1.0	1.0	1.0	1.0	1.0	0.00972966483611	1.0	1.0	0.311613597539	0.865256552375	0.380021593717
MA0039.2.Klf4	9.69940526326e-50	0.00779796092369	0.0142649827403	0.00118345654993	3.42180489937e-09	4.40030451058e-29	1.0	1.0	1.0	1.0	1.0	1.0
MA0040.1.Foxq1	1.0	1.0	1.0	1.0	1.0	1.0	2.09652142595e-08	1.0	0.30528696141	0.391390105512	0.0517635572943	0.0105536295466
MA0041.1.Foxd3	1.0	0.985445614705	1.0	1.0	1.0	1.0	4.1216040648e-11	1.0	0.655755609623	0.382084663153	0.00800851753119	0.000117106394053
MA0042.1.FOXI1	1.0	1.0	1.0	1.0	1.0	1.0	2.67953333675e-05	1.0	0.655755609623	0.946555231675	0.179048722104	0.010205486984
MA0043.1.HLF	1.0	0.832860034678	1.0	1.0	1.0	1.0	0.201784392528	1.0	0.986274601813	0.5320763059	0.601081971194	0.0725933119203
MA0046.1.HNF1A	1.0	1.0	1.0	1.0	1.0	1.0	0.00310229510098	1.0	0.986274601813	0.382084663153	0.309455145339	0.211024261352
MA0047.2.Foxa2	1.0	1.0	1.0	1.0	1.0	1.0	3.76722428589e-08	1.0	0.614527686891	0.311613597539	0.163648758844	0.00440032299383
MA0048.1.NHLH1	0.0139221900539	0.122156998272	1.0	0.86638056684	0.229467294667	0.121132337837	1.0	1.0	0.913060119097	1.0	1.0	1.0
MA0050.2.IRF1	1.0	1.0	1.0	1.0	1.0	1.0	0.000419803779499	1.0	0.0575053746966	0.629287219789	0.364139518686	0.120673368516
MA0051.1.IRF2	1.0	1.0	1.0	1.0	1.0	1.0	0.0623664531469	1.0	0.849619944598	1.0	0.142163262998	0.301163920247
MA0052.2.MEF2A	1.0	1.0	1.0	1.0	1.0	1.0	0.000676490112333	1.0	0.817252136152	0.0486838085027	0.69798401625	0.461171506746
MA0056.1.MZF1_1-4	3.49249284642e-23	0.0287415282742	0.283667138995	0.0347536195211	1.76448024595e-07	9.27519857214e-17	1.0	1.0	1.0	1.0	1.0	1.0
MA0057.1.MZF1_5-13	3.70212033764e-06	0.999294900769	0.177704391821	1.0	3.9340770002e-05	0.0104710325936	1.0	1.0	1.0	0.750617811123	1.0	1.0
MA0058.2.MAX	1.0	1.0	1.0	1.0	1.0	1.0	0.453212759145	1.0	0.975263177022	1.0	0.356827886039	0.995783778459
MA0059.1.MYC::MAX	0.881356606061	0.883539118778	1.0	1.0	1.0	0.478956864121	1.0	1.0	0.853803100744	0.967987876096	0.753886894475	1.0
MA0060.2.NFYA	1.0	1.0	1.0	1.0	1.0	1.0	0.136774173164	1.0	0.821988521356	0.374041384561	0.753480931276	0.290954030183
MA0062.2.GABPA	0.169078524496	1.0	1.0	0.244046807664	1.0	1.0	1.0	1.0	1.0	1.0	0.926940392929	0.869415020686
MA0063.1.Nkx2-5	1.0	1.0	0.819335855558	1.0	1.0	1.0	0.134818007931	1.0	1.0	0.552334099906	0.216378929417	0.301163920247
MA0065.2.PPARG::RXRA	0.0214274534847	0.743496249207	0.990425880574	1.0	0.596890832092	0.116820048515	1.0	1.0	1.0	1.0	1.0	1.0
MA0066.1.PPARG	1.0	0.832860034678	1.0	1.0	0.71350292761	0.633437178727	1.0	1.0	0.913060119097	0.900783707131	1.0	1.0
MA0067.1.Pax2	0.312134108746	0.614770071181	1.0	1.0	0.43188573823	1.0	1.0	1.0	0.90360198122	0.870045267256	1.0	1.0
MA0068.1.Pax4	0.983186201184	1.0	1.0	1.0	0.575552210941	0.981089656243	1.0	1.0	0.986274601813	0.995603948698	1.0	1.0
MA0069.1.Pax6	1.0	1.0	1.0	1.0	1.0	1.0	0.123683398972	1.0	1.0	0.382084663153	0.439775656618	0.869415020686
MA0070.1.PBX1	1.0	1.0	1.0	1.0	1.0	1.0	2.23870599246e-07	1.0	0.019637256192	0.515604607524	0.19854891594	0.00623792833355
MA0071.1.RORA_1	1.0	0.614770071181	1.0	1.0	1.0	1.0	0.0533522914836	1.0	0.943971115807	0.584824207963	0.40379543466	0.388189817948
MA0072.1.RORA_2	1.0	1.0	1.0	1.0	1.0	1.0	0.0244969104443	1.0	0.573442748284	0.975376896199	0.559387097487	0.228429528656
MA0073.1.RREB1	2.55720290279e-16	0.546136259648	0.705665046081	0.167074566076	2.96222952836e-05	3.88632077051e-10	1.0	1.0	1.0	1.0	1.0	1.0
MA0074.1.RXRA::VDR	0.0129108216021	0.231023402574	1.0	1.0	1.0	0.0130094040438	1.0	1.0	1.0	1.0	0.874004553704	1.0
MA0075.1.Prrx2	1.0	1.0	1.0	1.0	1.0	1.0	1.0	1.0	1.0	1.0	1.0	1.0
MA0076.2.ELK4	1.0	0.985445614705	1.0	1.0	1.0	1.0	0.219120484609	1.0	0.853803100744	0.975376896199	0.237558292518	0.368308952765
MA0077.1.SOX9	1.0	1.0	1.0	1.0	1.0	1.0	4.39658583928e-05	1.0	0.853803100744	0.854153055577	0.0137560680479	0.156601192834
MA0078.1.Sox17	1.0	1.0	1.0	1.0	1.0	1.0	0.000367025429195	1.0	1.0	0.687469575185	0.0879487364517	0.0480344199712
MA0079.3.SP1	1.19992565358e-76	4.41017064816e-05	0.000754928451268	1.36935485288e-05	4.41788937634e-22	2.55648543064e-29	1.0	1.0	1.0	1.0	1.0	1.0
MA0080.3.Spi1	1.0	1.0	1.0	1.0	1.0	1.0	0.000543509373193	1.0	0.60987034914	0.156476148863	0.671779178102	0.192889426204
MA0081.1.SPIB	1.0	1.0	1.0	1.0	1.0	1.0	3.15077812286e-05	1.0	0.943971115807	0.104874614695	0.250137265911	0.368308952765
MA0083.2.SRF	1.0	1.0	1.0	1.0	1.0	1.0	0.0140903283381	1.0	0.804260355827	0.240463476103	0.587096861685	0.344092871083
MA0084.1.SRY	1.0	1.0	1.0	1.0	1.0	1.0	2.50205750949e-12	0.219946670436	0.782451608659	0.216692315932	0.0636286362145	7.95357932623e-05
MA0087.1.Sox5	1.0	1.0	1.0	1.0	1.0	1.0	5.81502137728e-12	0.970843722834	0.614527686891	0.519883494975	0.000364711955623	0.000340564355514
MA0088.1.znf143	0.206276773037	0.722069826805	1.0	1.0	1.0	0.451295965985	1.0	1.0	0.943971115807	0.975376896199	1.0	1.0
MA0089.1.NFE2L1::MafG	1.0	1.0	0.862153553155	1.0	1.0	1.0	2.66801430161e-06	1.0	1.0	0.938898773875	0.0820339177781	0.0044391815529
MA0090.1.TEAD1	1.0	0.985445614705	1.0	1.0	1.0	1.0	0.0206703511882	1.0	0.102525294697	0.96050418318	0.512365390641	0.055888692537
MA0091.1.TAL1::TCF3	1.0	0.985445614705	1.0	1.0	1.0	1.0	0.196524737074	1.0	0.953049525118	1.0	0.394146011976	0.329269114304
MA0092.1.Hand1::Tcfe2a	1.0	0.614770071181	1.0	1.0	1.0	1.0	0.0617863597824	1.0	0.817252136152	0.0486838085027	0.391428948918	0.929395399146
MA0093.2.USF1	1.0	0.985445614705	1.0	1.0	1.0	0.621236242109	0.850083631278	1.0	0.986274601813	1.0	0.635688602264	1.0
MA0095.2.YY1	1.0	1.0	1.0	1.0	1.0	1.0	0.0990291964639	0.10530678392	0.986274601813	1.0	0.641521239942	0.0210857244384
MA0098.2.Ets1	1.0	0.6653801616	1.0	1.0	1.0	1.0	1.5123802396e-06	1.0	0.288446680009	0.0193835194253	0.074957461127	0.173738013901
MA0099.2.JUN::FOS	1.0	0.839693700799	1.0	1.0	1.0	1.0	2.25673721063e-31	1.0	0.679338691451	0.00198979251927	2.31017627511e-07	1.00194088468e-07
MA0100.2.Myb	1.0	0.985445614705	1.0	1.0	1.0	1.0	0.00221600772761	1.0	0.652947960415	0.485538137564	0.0636286362145	0.600132221239
MA0101.1.REL	1.70221715126e-57	3.47411894058e-06	0.0148835412574	2.52082401749e-15	3.04523797113e-08	5.53870348049e-33	1.0	1.0	1.0	1.0	1.0	1.0
MA0102.3.CEBPA	1.0	0.832860034678	1.0	1.0	1.0	1.0	0.0352161553971	1.0	1.0	0.870045267256	0.0222418696569	0.228429528656
MA0103.2.ZEB1	7.39304818812e-07	0.0676383234839	0.0480074893884	1.0	0.00250833201914	0.246886598431	1.0	1.0	1.0	1.0	1.0	1.0
MA0104.3.Mycn	0.486195861185	0.832860034678	0.819335855558	1.0	1.0	0.455136902011	1.0	1.0	1.0	1.0	0.471679100279	1.0
MA0105.3.NFKB1	1.31869221041e-52	1.44051294479e-06	0.432580767446	4.01080834955e-12	1.03811930893e-13	4.87662677102e-29	1.0	1.0	1.0	1.0	1.0	1.0
MA0106.2.TP53	1.0	1.0	1.0	1.0	1.0	1.0	0.977703784113	1.0	0.731372822374	1.0	0.955851361511	1.0
MA0107.1.RELA	8.10597724766e-86	6.65757875741e-11	7.08000921909e-05	1.30009083854e-20	2.15507611888e-15	1.23920567201e-41	1.0	1.0	1.0	1.0	1.0	1.0
MA0108.2.TBP	1.0	0.618776871935	1.0	1.0	1.0	1.0	0.491289102653	1.0	0.90360198122	0.584824207963	0.856413189742	0.90729508502
MA0109.1.Hltf	1.0	1.0	1.0	1.0	1.0	1.0	7.31273298156e-06	1.0	0.817252136152	0.0826683586118	0.139275214248	0.180715325017
MA0111.1.Spz1	0.429211015943	0.996308574202	1.0	1.0	1.0	0.751135377832	1.0	1.0	1.0	1.0	0.8945718591	1.0
MA0112.2.ESR1	0.000215203473255	0.00855447777142	1.0	0.762609253347	1.0	0.00870682960697	1.0	1.0	1.0	1.0	1.0	1.0
MA0113.2.NR3C1	1.0	0.98602756666	1.0	1.0	1.0	0.408489937774	0.507292190952	1.0	0.288446680009	0.604020869823	0.824421287406	1.0
MA0114.2.HNF4A	0.234764381847	0.614770071181	1.0	1.0	0.396701994607	0.574296292073	1.0	1.0	0.986274601813	0.946555231675	1.0	1.0
MA0115.1.NR1H2::RXRA	1.0	0.985445614705	1.0	1.0	1.0	1.0	0.158057548714	1.0	1.0	0.285549107375	0.950479392181	0.344092871083
MA0116.1.Zfp423	8.42556333999e-07	0.614770071181	0.121191954585	0.611553949784	0.056243765445	0.00415081172966	1.0	1.0	1.0	1.0	1.0	1.0
MA0117.1.Mafb	1.0	1.0	1.0	1.0	1.0	1.0	0.00358352424755	1.0	0.986274601813	0.77015641139	0.00800851753119	0.726557862301
MA0119.1.TLX1::NFIC	1.0	0.561276002704	1.0	0.231753787941	1.0	1.0	0.67519913514	1.0	1.0	1.0	0.0466944679801	0.839677591766
MA0122.1.Nkx3-2	1.0	0.667350849089	1.0	1.0	1.0	1.0	0.186436564845	1.0	0.853803100744	0.950240300033	0.0546364272149	1.0
MA0124.1.NKX3-1	1.0	0.985445614705	1.0	1.0	1.0	1.0	7.38925648941e-06	1.0	0.60987034914	0.870045267256	0.0222418696569	0.00416502721288
MA0125.1.Nobox	1.0	1.0	1.0	1.0	1.0	1.0	0.134034970112	1.0	0.986274601813	0.669998921366	0.33606954181	0.86600409462
MA0130.1.ZNF354C	1.0	1.0	1.0	1.0	1.0	1.0	1.0	1.0	1.0	1.0	1.0	1.0
MA0131.1.HINFP	0.00678469935617	1.0	0.729986150613	1.0	0.185104166624	1.0	1.0	1.0	1.0	1.0	1.0	1.0
MA0132.1.Pdx1	1.0	1.0	1.0	1.0	1.0	1.0	1.0	1.0	1.0	1.0	1.0	1.0
MA0133.1.BRCA1	1.0	1.0	1.0	1.0	1.0	1.0	0.0460913979281	1.0	0.943971115807	0.94162075183	0.877245382736	0.105349875251
MA0135.1.Lhx3	1.0	0.999294900769	1.0	1.0	1.0	1.0	0.392081973899	1.0	1.0	0.803335968129	0.93053887731	0.917779735264
MA0136.1.ELF5	1.0	0.985445614705	1.0	1.0	1.0	1.0	4.22785935515e-12	1.0	0.614527686891	0.0551780562738	0.00490264558753	0.000756607027048
MA0137.3.STAT1	1.0	0.779455739368	1.0	1.0	1.0	1.0	0.178884117854	1.0	0.986274601813	0.77579977781	0.113540510398	0.908983679198
MA0138.2.REST	4.05894494963e-05	0.122156998272	1.0	0.0284830648104	0.71350292761	0.0140927357809	1.0	1.0	0.986274601813	1.0	1.0	1.0
MA0139.1.CTCF	2.03027248512e-11	0.0485561805337	0.121191954585	0.285618225267	0.0117215531334	1.15804014848e-07	1.0	1.0	1.0	1.0	1.0	1.0
MA0140.2.TAL1::GATA1	1.0	1.0	1.0	1.0	1.0	1.0	0.0134937183388	1.0	1.0	0.412759542589	0.189065943429	0.642706265275
MA0141.2.Esrrb	1.0	0.999294900769	1.0	1.0	1.0	1.0	0.162642379361	1.0	0.986274601813	0.400286856136	0.612820051391	0.86600409462
MA0142.1.Pou5f1::Sox2	1.0	1.0	1.0	1.0	1.0	1.0	2.29039647209e-05	1.0	0.60987034914	0.115286132297	0.176953193191	0.317730286854
MA0143.3.Sox2	1.0	1.0	1.0	1.0	1.0	1.0	0.0315900496988	0.404650432099	1.0	1.0	0.89565285571	0.0751847537995
MA0144.2.STAT3	1.0	0.639061331363	1.0	1.0	1.0	1.0	0.00301591456668	1.0	0.935349450154	0.104874614695	0.0731243143047	0.647421485198
MA0145.2.Tcfcp2l1	1.77266913165e-08	0.0810183894485	0.190912455421	0.231753787941	0.104076788029	0.000148315894845	1.0	1.0	1.0	1.0	1.0	1.0
MA0146.2.Zfx	2.05895081225e-24	0.819760055194	0.139158350465	0.0021355669796	6.50423253316e-05	6.61644845397e-16	1.0	1.0	1.0	1.0	1.0	1.0
MA0147.2.Myc	0.520574489358	0.832860034678	0.819335855558	1.0	1.0	0.0849951520498	1.0	1.0	1.0	0.938898773875	0.635688602264	1.0
MA0148.3.FOXA1	1.0	1.0	1.0	1.0	1.0	1.0	1.49846551241e-05	1.0	0.60987034914	0.104874614695	0.401887879011	0.0335074674704
MA0149.1.EWSR1-FLI1	0.0251199425707	0.777399204469	1.0	1.0	0.194233663276	0.00837191266931	1.0	1.0	0.787721909445	0.938898773875	1.0	1.0
MA0150.2.Nfe2l2	1.0	1.0	1.0	1.0	1.0	1.0	9.6489387776e-11	1.0	0.361175093774	0.0193835194253	0.0820339177781	0.180715325017
MA0151.1.ARID3A	1.0	0.985445614705	1.0	1.0	1.0	1.0	0.000392956779993	1.0	0.986274601813	0.499363396131	0.108853474119	0.0365755873784
MA0152.1.NFATC2	1.0	0.985445614705	1.0	1.0	1.0	1.0	0.00122669901692	1.0	0.926569074083	0.100997902541	0.179048722104	0.678936912251
MA0153.1.HNF1B	1.0	0.989397098829	1.0	1.0	1.0	1.0	0.075744983594	1.0	0.986274601813	1.0	0.278251628791	0.541173499383
MA0154.2.EBF1	5.54801657259e-19	0.0354477174794	0.0301036978439	0.0672204060739	1.64152613208e-07	1.33777871667e-08	1.0	1.0	1.0	1.0	1.0	1.0
MA0155.1.INSM1	4.22650488052e-13	0.000407232058139	0.301130043024	0.200241136874	0.00272520517295	7.80049467163e-05	1.0	1.0	1.0	1.0	1.0	1.0
MA0156.1.FEV	1.0	1.0	1.0	1.0	1.0	1.0	4.77062109077e-11	1.0	0.60987034914	0.0224903236843	0.00731117560876	0.010246063441
MA0157.1.FOXO3	1.0	1.0	1.0	1.0	1.0	1.0	1.85488998958e-07	0.575058118917	0.817252136152	0.215465513164	0.206732846227	0.0211395841
MA0158.1.HOXA5	1.0	1.0	1.0	1.0	1.0	1.0	0.00544345853093	1.0	0.731372822374	0.440916948986	0.231724287628	0.682516105173
MA0159.1.RXR::RAR_DR5	0.00883031530745	0.13387947455	1.0	0.464204674977	1.0	0.0861379962444	1.0	1.0	1.0	1.0	0.85616318772	1.0
MA0160.1.NR4A2	1.0	0.985445614705	1.0	1.0	1.0	1.0	0.21878921474	1.0	0.986274601813	0.870045267256	0.552229348839	0.461365392797
MA0161.1.NFIC	1.0	1.0	1.0	1.0	1.0	1.0	1.0	1.0	1.0	1.0	1.0	1.0
MA0162.2.EGR1	2.97918676841e-65	0.00592781177152	0.000946971185465	4.5395049491e-06	1.42869341373e-24	1.14044839355e-22	1.0	1.0	1.0	1.0	1.0	1.0
MA0163.1.PLAG1	2.37405211537e-33	0.0583535470465	0.0359663491726	0.177279921286	3.68396637647e-10	7.15308811144e-21	1.0	1.0	1.0	1.0	1.0	1.0
MA0164.1.Nr2e3	1.0	1.0	1.0	1.0	1.0	1.0	0.0796748557518	1.0	1.0	0.42901345711	0.265763829905	1.0
MA0258.2.ESR2	0.00384071127842	0.184908596984	0.805808129576	0.678811233216	0.0787778443132	0.837942598127	1.0	1.0	1.0	1.0	1.0	1.0
MA0259.1.HIF1A::ARNT	0.333164655382	0.780849871865	0.0266409883072	1.0	1.0	1.0	1.0	1.0	1.0	1.0	0.191221779488	0.705968002399
MA0442.1.SOX10	1.0	1.0	1.0	1.0	1.0	1.0	0.00492706303986	1.0	0.986274601813	0.669998921366	0.323036188933	0.112872012334
MA0461.1.Atoh1	1.0	0.475354179832	1.0	1.0	1.0	0.837942598127	0.602394717706	1.0	0.935349450154	0.77015641139	0.32089344556	1.0
MA0462.1.BATF::JUN	1.0	1.0	1.0	1.0	1.0	1.0	1.61808380016e-38	1.0	0.184498663368	0.000161655725545	1.82368775968e-10	1.00194088468e-07
MA0463.1.Bcl6	1.0	0.985445614705	1.0	1.0	1.0	1.0	0.0482684514822	1.0	0.786571617007	0.156476148863	0.358396948441	0.63093140532
MA0464.1.Bhlhe40	0.717204552427	0.98602756666	1.0	1.0	1.0	0.416893961912	1.0	1.0	1.0	1.0	0.701941659407	1.0
MA0465.1.CDX2	1.0	1.0	1.0	1.0	1.0	1.0	2.55333633762e-06	1.0	0.966707651568	0.0607400840265	0.00578967668857	0.493351085408
MA0466.1.CEBPB	1.0	1.0	1.0	1.0	1.0	1.0	0.123683398972	1.0	1.0	1.0	0.139275214248	0.344092871083
MA0467.1.Crx	1.0	1.0	1.0	1.0	1.0	1.0	0.397983096178	1.0	1.0	0.515604607524	0.824421287406	0.917779735264
MA0468.1.DUX4	1.0	0.985445614705	1.0	1.0	1.0	1.0	0.00320736353902	1.0	0.986274601813	0.374041384561	0.00918139283064	0.696645358985
MA0469.1.E2F3	5.69600584683e-30	0.232134115481	0.121191954585	0.0117416566084	5.68013118508e-12	9.95815514068e-11	1.0	1.0	1.0	1.0	1.0	1.0
MA0470.1.E2F4	7.62469562775e-34	0.832860034678	0.139158350465	0.000535540053698	5.74406283894e-13	5.37520229799e-12	1.0	1.0	1.0	1.0	1.0	1.0
MA0471.1.E2F6	5.54801657259e-19	0.176626601758	0.729986150613	0.0385297447777	3.02988167523e-05	1.90625330185e-08	1.0	1.0	1.0	1.0	1.0	1.0
MA0472.1.EGR2	9.90621499606e-31	0.000160335567984	0.216890709577	0.025742394711	1.99588707936e-09	1.16636314485e-11	1.0	1.0	1.0	1.0	1.0	1.0
MA0473.1.ELF1	1.0	0.985445614705	1.0	1.0	1.0	1.0	3.39901541616e-06	1.0	0.817252136152	0.0566353863272	0.139275214248	0.0110825834457
MA0474.1.Erg	1.0	0.832860034678	1.0	1.0	1.0	1.0	1.27159091083e-07	1.0	0.679338691451	0.0683261539308	0.00918139283064	0.17732361835
MA0475.1.FLI1	1.0	1.0	1.0	1.0	1.0	1.0	2.55333633762e-06	1.0	0.238493535176	0.364864464046	0.144758604111	0.0337929025132
MA0476.1.FOS	1.0	1.0	1.0	1.0	1.0	1.0	6.45013658705e-40	1.0	0.102525294697	7.56002300573e-05	1.48064536755e-08	2.62765876491e-07
MA0477.1.FOSL1	1.0	1.0	1.0	1.0	1.0	1.0	2.21299439071e-33	1.0	0.390188799235	0.000136202551381	2.31017627511e-07	6.91323946572e-06
MA0478.1.FOSL2	1.0	1.0	1.0	1.0	1.0	1.0	6.59692996079e-40	1.0	0.190602965393	6.52807723853e-05	2.31017627511e-07	1.08890295293e-08
MA0479.1.FOXH1	1.0	1.0	1.0	1.0	1.0	1.0	0.000476807999095	1.0	0.731372822374	0.686200846648	0.0636286362145	0.247373110061
MA0480.1.Foxo1	1.0	1.0	1.0	1.0	1.0	1.0	1.1244666625e-09	0.404650432099	0.378739683934	0.324656297294	0.0311265873666	0.0146520857428
MA0481.1.FOXP1	1.0	1.0	1.0	1.0	1.0	1.0	2.91840764933e-09	1.0	0.273097298196	0.4596581386	0.0328555390291	0.055888692537
MA0482.1.Gata4	1.0	1.0	1.0	1.0	1.0	1.0	4.08922733431e-06	0.10530678392	0.731372822374	0.577433293369	0.0494231666068	0.104195703072
MA0483.1.Gfi1b	1.0	1.0	0.705665046081	1.0	1.0	1.0	0.0337543987465	1.0	1.0	0.374041384561	0.688100253302	0.108778770677
MA0484.1.HNF4G	0.109101069684	0.371301169259	1.0	1.0	0.78297670537	0.446822325612	1.0	1.0	1.0	0.950240300033	1.0	1.0
MA0485.1.Hoxc9	1.0	0.627147345161	1.0	1.0	1.0	1.0	0.000449392724684	1.0	0.731372822374	0.745293154049	0.122820153242	0.0586077625572
MA0486.1.HSF1	1.0	0.985445614705	1.0	1.0	1.0	1.0	0.901620972383	1.0	1.0	1.0	0.93428261821	0.926533320634
MA0488.1.JUN	1.0	1.0	1.0	1.0	1.0	1.0	3.87205166155e-07	1.0	0.273097298196	0.0764547125568	0.137267711669	0.0052489508745
MA0489.1.JUN.var.2	1.0	1.0	1.0	1.0	1.0	1.0	2.97770710688e-42	1.0	0.102525294697	6.52807723853e-05	5.6274895839e-10	4.05842596901e-08
MA0490.1.JUNB	1.0	1.0	1.0	1.0	1.0	1.0	5.02753277391e-40	1.0	0.60987034914	0.000104076788843	3.12405040779e-08	5.79257239295e-09
MA0491.1.JUND	1.0	1.0	1.0	1.0	1.0	1.0	6.90563278631e-39	1.0	0.0891747625874	0.000104076788843	2.19008607485e-09	3.20908083939e-07
MA0492.1.JUND.var.2	1.0	0.985445614705	1.0	1.0	1.0	1.0	1.47943570832e-07	1.0	0.372431650117	0.00975553519915	0.176953193191	0.00107772026847
MA0493.1.Klf1	5.54801657259e-19	0.832860034678	0.0189975889302	0.123503026614	0.0323067183343	1.10479199932e-15	1.0	1.0	1.0	1.0	1.0	1.0
MA0494.1.Nr1h3::Rxra	0.0165397665059	0.399033887619	1.0	1.0	0.661280824409	0.000635784473496	1.0	1.0	0.786718294406	1.0	1.0	1.0
MA0495.1.MAFF	1.0	1.0	1.0	1.0	1.0	1.0	0.000615471327502	1.0	0.986274601813	0.0220743883659	0.0171224476852	1.0
MA0496.1.MAFK	1.0	1.0	1.0	1.0	1.0	1.0	0.000328373887474	1.0	0.90360198122	0.19792154849	0.0416878288362	0.666015990776
MA0497.1.MEF2C	1.0	1.0	1.0	1.0	1.0	1.0	2.67275313529e-07	1.0	0.60987034914	0.0320123245734	0.0820339177781	0.120524110552
MA0498.1.Meis1	1.0	1.0	1.0	1.0	1.0	1.0	0.0460913979281	1.0	0.730421563657	0.764226985034	0.674080483439	0.497428029882
MA0499.1.Myod1	0.192743161643	0.883539118778	1.0	0.712894070844	1.0	0.524518762819	1.0	1.0	1.0	1.0	1.0	1.0
MA0500.1.Myog	0.456665771384	0.985445614705	1.0	1.0	1.0	0.118858474948	1.0	1.0	1.0	1.0	0.8945718591	1.0
MA0501.1.NFE2::MAF	1.0	1.0	1.0	1.0	1.0	1.0	9.20334023624e-15	0.756307957628	0.102525294697	0.00160617707053	0.0066186895083	0.301163920247
MA0502.1.NFYB	1.0	1.0	1.0	1.0	0.716881222023	1.0	0.770142406346	1.0	0.986274601813	0.150588773516	1.0	0.976055617555
MA0503.1.Nkx2-5.var.2	1.0	1.0	1.0	1.0	1.0	0.852248188059	0.931065703322	1.0	1.0	0.923385256421	0.940445655399	1.0
MA0504.1.NR2C2	5.6471080409e-08	0.261474736462	1.0	0.163779960888	0.00972507892136	0.010313290044	1.0	1.0	1.0	1.0	1.0	1.0
MA0505.1.Nr5a2	0.47618727591	0.722069826805	0.705665046081	1.0	1.0	1.0	1.0	1.0	1.0	1.0	0.940445655399	1.0
MA0506.1.NRF1	4.53353575589e-17	1.0	0.333031729739	0.0420756070005	4.5706867082e-05	3.53586919387e-07	1.0	1.0	1.0	1.0	1.0	1.0
MA0507.1.POU2F2	1.0	0.883539118778	1.0	1.0	1.0	1.0	0.0241588757587	1.0	0.853803100744	0.688094455542	0.753923275919	0.287087613069
MA0508.1.PRDM1	1.0	1.0	1.0	1.0	1.0	1.0	0.0468883657494	1.0	0.102525294697	0.889603406849	0.69798401625	0.831733046595
MA0509.1.Rfx1	1.0	0.985445614705	1.0	1.0	1.0	0.981089656243	0.634419882602	1.0	1.0	0.364864464046	0.684022054817	1.0
MA0510.1.RFX5	0.0118814617262	0.282472732325	0.705665046081	1.0	0.29904647316	0.190192432484	1.0	1.0	1.0	0.803335968129	1.0	1.0
MA0511.1.RUNX2	1.0	0.985445614705	1.0	1.0	1.0	1.0	0.635790151143	1.0	1.0	1.0	0.612820051391	0.900931037
MA0512.1.Rxra	1.0	0.639061331363	1.0	1.0	1.0	0.187629753569	0.635790151143	1.0	0.786571617007	0.4596581386	0.680777482607	1.0
MA0513.1.SMAD2::SMAD3::SMAD4	0.461901096089	1.0	1.0	1.0	1.0	0.0766993873526	1.0	1.0	1.0	1.0	0.906351387819	1.0
MA0514.1.Sox3	1.0	0.996308574202	1.0	1.0	1.0	1.0	0.0144478475077	1.0	0.60987034914	0.858143058068	0.389563004996	0.180715325017
MA0515.1.Sox6	1.0	1.0	1.0	1.0	1.0	1.0	3.63996969664e-07	1.0	0.367817886178	0.391390105512	0.0171224476852	0.0137442966483
MA0516.1.SP2	1.30821165892e-78	0.00142747481228	7.08000921909e-05	1.04715619564e-06	3.45048122968e-23	4.0480147352e-27	1.0	1.0	1.0	1.0	1.0	1.0
MA0517.1.STAT2::STAT1	1.0	1.0	1.0	1.0	1.0	0.938085551938	0.123683398972	1.0	0.668727253088	0.169571597561	0.612820051391	1.0
MA0518.1.Stat4	1.0	0.639061331363	1.0	1.0	1.0	1.0	0.0181438757744	1.0	0.935349450154	0.308890232453	0.0820339177781	0.807708161326
MA0519.1.Stat5a::Stat5b	1.0	0.896237176657	1.0	1.0	1.0	1.0	0.508895398365	1.0	1.0	0.836306580927	0.397382479685	0.607324306276
MA0520.1.Stat6	1.0	1.0	1.0	1.0	1.0	1.0	0.0186293814203	1.0	0.238981420242	0.775472404593	0.278251628791	0.916240709202
MA0521.1.Tcf12	1.0	0.999294900769	1.0	1.0	1.0	0.0849951520498	1.0	1.0	0.986274601813	0.946555231675	0.674080483439	1.0
MA0522.1.Tcf3	0.115130294329	0.883539118778	1.0	0.534223547292	0.716881222023	0.211357475247	1.0	1.0	1.0	1.0	1.0	1.0
MA0523.1.TCF7L2	1.0	0.985445614705	1.0	1.0	1.0	1.0	0.0650536822998	1.0	0.505324651626	0.951964567139	0.753886894475	0.250187987687
MA0524.1.TFAP2C	1.55073658865e-27	0.00228932593334	0.12992290648	0.00155847222112	1.06536907868e-05	5.98668908464e-16	1.0	1.0	1.0	1.0	1.0	1.0
MA0525.1.TP63	0.315794716298	0.614770071181	0.729986150613	0.708513209965	1.0	0.488674620004	1.0	1.0	1.0	1.0	0.421080847987	1.0
MA0526.1.USF2	0.815879990085	0.883539118778	1.0	1.0	1.0	0.408489937774	1.0	1.0	1.0	1.0	0.612820051391	1.0
MA0527.1.ZBTB33	1.87175495216e-05	0.599379840839	1.0	0.162670012466	0.104076788029	0.455989665996	1.0	1.0	0.943971115807	1.0	1.0	1.0
MA0528.1.ZNF263	2.75190301156e-22	0.777399204469	0.990425880574	0.200241136874	7.83833698947e-13	1.58064159335e-12	1.0	1.0	1.0	1.0	1.0	1.0
MA0591.1.Bach1::Mafk	1.0	1.0	1.0	1.0	1.0	1.0	3.63996969664e-07	1.0	0.785776705442	0.0183517562828	0.0461766655292	0.705968002399
MA0592.1.ESRRA	1.0	0.985445614705	1.0	1.0	1.0	1.0	0.221200147271	1.0	1.0	0.593872293545	0.682810709655	0.795271121655
MA0593.1.FOXP2	1.0	1.0	1.0	1.0	1.0	1.0	1.19311591785e-09	0.404650432099	0.674260892127	0.499363396131	0.0654325652045	0.0146520857428
MA0594.1.Hoxa9	1.0	0.627147345161	1.0	1.0	1.0	1.0	0.000124179850304	1.0	0.415779125604	0.96050418318	0.0171224476852	0.0775018359815
MA0595.1.SREBF1	1.0	1.0	1.0	1.0	1.0	0.478956864121	0.562973634051	0.404650432099	0.986274601813	1.0	0.305812134894	1.0
MA0596.1.SREBF2	1.0	1.0	1.0	1.0	1.0	0.401251997761	0.580725078207	1.0	0.646583053418	1.0	0.458664973996	1.0
MA0597.1.THAP1	0.0757257827889	0.985445614705	1.0	1.0	1.0	0.00253669083941	1.0	1.0	0.795359846814	1.0	1.0	1.0
MA0598.1.EHF	1.0	0.893901451248	1.0	1.0	1.0	1.0	0.00127077805728	1.0	0.986274601813	0.294883345474	0.0558175605733	0.764351326335
MA0599.1.KLF5	5.67876424909e-62	0.00252661014999	0.00827647488889	0.000700577970793	2.15507611888e-15	1.17183716838e-32	1.0	1.0	1.0	1.0	1.0	1.0
MA0600.1.RFX2	0.815879990085	0.985445614705	1.0	1.0	1.0	0.751135377832	1.0	1.0	1.0	0.672864213531	0.93428261821	1.0
UP00000_1_Smad3_primary	0.130417556505	0.985445614705	1.0	1.0	0.245701649842	0.188095273447	1.0	1.0	1.0	0.940295922877	1.0	1.0
UP00001_1_E2F2_primary	0.000141682005971	1.0	1.0	1.0	0.0138043734708	0.000115791820931	1.0	1.0	1.0	0.530294143587	1.0	1.0
UP00002_1_Sp4_primary	1.00650229185e-33	0.0354477174794	0.0253618894714	0.00401627934516	7.38761396337e-10	8.4342303386e-13	1.0	1.0	1.0	1.0	1.0	1.0
UP00003_1_E2F3_primary	4.05894494963e-05	1.0	0.283667138995	1.0	0.12959520388	0.000635784473496	1.0	1.0	1.0	0.940295922877	1.0	1.0
UP00004_1_Sox14_primary	1.0	0.722069826805	1.0	1.0	1.0	1.0	0.00358352424755	1.0	0.731372822374	0.051300024945	0.851530622232	0.250187987687
UP00005_1_Tcfap2a_primary	1.57323480642e-20	0.00244071648468	1.0	0.000939240446594	0.000788098402526	8.95826045207e-10	1.0	1.0	1.0	1.0	1.0	1.0
UP00006_1_Zic3_primary	4.05777407379e-24	0.00673800956644	0.451824854425	0.00394408314904	1.14791993492e-09	0.00029686830535	1.0	1.0	1.0	1.0	1.0	1.0
UP00007_1_Egr1_primary	1.45452466602e-36	7.6870661477e-05	0.027075314884	0.0131656918259	7.06497436284e-12	5.845439758e-11	1.0	1.0	1.0	1.0	1.0	1.0
UP00008_1_Six6_primary	1.0	0.122156998272	1.0	1.0	1.0	1.0	0.464972629917	1.0	1.0	0.659341092349	0.882835410723	0.664422492962
UP00008_3_Six6_2267.4	1.0	0.0676383234839	1.0	1.0	1.0	1.0	0.272689147979	1.0	1.0	0.870045267256	0.520136571908	0.388189817948
UP00008_4	1.0	0.614770071181	1.0	1.0	1.0	1.0	0.0168146256479	1.0	1.0	0.311613597539	0.163757407622	0.425661702233
UP00009_1_Nr2f2_primary	1.0	0.832860034678	1.0	1.0	1.0	1.0	0.496652665019	1.0	1.0	0.629287219789	0.824421287406	0.34669651641
UP00010_1_Tcfap2b_primary	1.36740344296e-19	0.0100830736234	0.139158350465	0.0284830648104	1.17230232081e-06	2.86251974092e-07	1.0	1.0	1.0	1.0	1.0	1.0
UP00011_1_Irf6_primary	1.0	1.0	1.0	1.0	1.0	1.0	0.714551379761	1.0	0.986274601813	1.0	0.959219008241	0.461365392797
UP00012_1_Bbx_primary	1.0	0.832860034678	1.0	1.0	1.0	1.0	0.0168146256479	1.0	1.0	0.0768275512685	0.179048722104	0.63093140532
UP00014_1_Sox17_primary	1.0	1.0	1.0	1.0	1.0	1.0	1.25899351493e-07	1.0	0.986274601813	0.206038926778	0.00542269857686	0.0142377928618
UP00015_1_Ehf_primary	1.0	0.711643277362	1.0	1.0	1.0	1.0	0.00972966483611	1.0	1.0	0.723072329709	0.0066186895083	0.0229396518912
UP00016_1_Sry_primary	1.0	0.614770071181	1.0	1.0	0.857821682399	1.0	0.0805599524811	1.0	0.986274601813	0.42901345711	1.0	0.301163920247
UP00017_1_Nkx3-1_primary	1.0	0.985445614705	1.0	1.0	1.0	1.0	0.361826883533	1.0	1.0	0.604020869823	0.984260587423	0.913864835409
UP00017_3_Nkx3-1_2923.2	1.0	0.985445614705	1.0	1.0	1.0	1.0	0.261117701458	1.0	0.986274601813	0.870045267256	0.179048722104	1.0
UP00018_1_Irf4_primary	1.0	1.0	1.0	1.0	1.0	1.0	0.464972629917	1.0	0.926569074083	1.0	0.959219008241	0.175324422964
UP00019_1_Zbtb12_primary	1.0	1.0	1.0	1.0	1.0	1.0	0.0257857060789	0.591154727973	0.849619944598	0.515604607524	0.555505386367	0.682516105173
UP00020_1_Atf1_primary	1.0	1.0	1.0	1.0	1.0	1.0	0.047463982433	1.0	0.986274601813	0.391390105512	0.671779178102	0.146070923339
UP00021_1_Zfp281_primary	6.15836940745e-44	0.00657840358689	0.00247351736513	0.00844040476128	1.56071362637e-14	1.72621294003e-19	1.0	1.0	1.0	1.0	1.0	1.0
UP00022_1_Zfp740_primary	2.97544947924e-15	0.0222384058367	0.620590353556	0.19631216196	0.00130126065939	1.59493278925e-09	1.0	1.0	1.0	1.0	1.0	1.0
UP00023_1_Sox30_primary	1.0	1.0	1.0	1.0	1.0	1.0	4.14778823405e-08	1.0	1.0	0.0764547125568	0.0222418696569	0.0189127987439
UP00024_1_Glis2_primary	4.16424175134e-06	0.399033887619	0.155899997127	1.0	0.23847707323	0.00438807402442	1.0	1.0	1.0	1.0	1.0	1.0
UP00025_1_Foxk1_primary	1.0	1.0	1.0	1.0	1.0	1.0	4.36935335643e-08	1.0	0.0996315316358	0.975376896199	0.0378712013351	0.00718482105398
UP00026_1_Zscan4_primary	1.0	1.0	1.0	1.0	1.0	1.0	0.633096187259	1.0	1.0	0.988141819115	0.940468611028	0.906075362851
UP00027_1_Osr1_primary	1.0	1.0	1.0	0.815654976173	1.0	0.873711900102	0.711315369439	1.0	0.986274601813	1.0	0.520136571908	1.0
UP00028_1_Tcfap2e_primary	1.25647571061e-23	7.25121390055e-06	0.121191954585	0.0069000482568	0.00236187837414	5.845439758e-11	1.0	1.0	1.0	1.0	1.0	1.0
UP00029_1_Tbp_primary	1.0	1.0	1.0	1.0	1.0	1.0	0.00159717578562	1.0	0.849619944598	0.230607778917	0.211575373125	0.805240099231
UP00030_1_Sox11_primary	1.0	1.0	1.0	1.0	1.0	1.0	5.7008372638e-06	1.0	0.192033029134	0.245956689174	0.321827621122	0.0393699723921
UP00031_1_Zbtb3_primary	0.717204552427	0.883539118778	1.0	1.0	1.0	0.183203190402	1.0	1.0	1.0	1.0	0.478925686204	1.0
UP00032_1_Gata3_primary	1.0	1.0	1.0	1.0	1.0	1.0	0.00553226745921	0.429760012773	0.614527686891	0.156476148863	0.674080483439	0.90729508502
UP00033_1_Zfp410_primary	0.206276773037	0.883539118778	1.0	0.708513209965	1.0	0.938085551938	1.0	1.0	1.0	1.0	1.0	1.0
UP00034_1_Sox7_primary	1.0	1.0	1.0	1.0	1.0	1.0	9.8674285846e-14	1.0	0.77355314029	0.00871301654545	0.00759656514273	0.000371679443964
UP00035_1_Hic1_primary	0.269300776226	0.832860034678	0.459473876414	1.0	1.0	1.0	1.0	1.0	1.0	1.0	1.0	0.929017264068
UP00036_1_Myf6_primary	0.190240124424	0.985445614705	1.0	0.821625747628	1.0	0.714131611808	1.0	1.0	1.0	1.0	0.959219008241	1.0
UP00037_1_Zfp105_primary	1.0	1.0	1.0	1.0	1.0	1.0	3.76722428589e-08	1.0	0.614527686891	0.629287219789	0.189065943429	0.010246063441
UP00039_1_Foxj3_primary	1.0	1.0	1.0	1.0	1.0	1.0	0.000158095859585	1.0	0.879663002735	1.0	0.0494231666068	0.0930015379121
UP00040_1_Irf5_primary	1.0	1.0	0.990425880574	1.0	0.759101365828	1.0	1.0	1.0	1.0	0.750617811123	1.0	1.0
UP00041_1_Foxj1_primary	1.0	1.0	1.0	1.0	1.0	1.0	0.000105024659152	1.0	0.406142328341	1.0	0.234521436101	0.0373171859552
UP00042_1_Gm397_primary	1.0	1.0	1.0	1.0	1.0	0.498333281462	1.0	1.0	1.0	0.763821992496	0.984260587423	1.0
UP00043_1_Bcl6b_primary	1.0	1.0	1.0	1.0	1.0	1.0	0.0337543987465	1.0	1.0	0.115286132297	0.454439647642	0.31858675173
UP00044_1_Mafk_primary	1.0	0.985445614705	1.0	1.0	1.0	1.0	2.3473712216e-08	1.0	0.679338691451	0.0220743883659	0.00918139283064	0.0365755873784
UP00045_1_Mafb_primary	1.0	0.999294900769	1.0	1.0	1.0	1.0	0.0414768155535	1.0	0.986274601813	0.747153541319	0.471679100279	0.449779075219
UP00046_1_Tcfe2a_primary	0.816455459498	1.0	1.0	1.0	0.318335067169	0.96775336528	1.0	1.0	1.0	0.566984806869	1.0	1.0
UP00047_1_Zbtb7b_primary	4.94269740162e-06	0.580324939061	0.585563377414	0.162670012466	0.0864108015793	0.010313290044	1.0	1.0	1.0	1.0	1.0	1.0
UP00048_1_Rara_primary	1.0	0.883539118778	0.89104646059	1.0	1.0	1.0	0.650873283961	1.0	1.0	1.0	0.552229348839	0.501872627219
UP00049_1_Sp100_primary	1.0	0.614770071181	1.0	0.762609253347	1.0	1.0	0.772058414992	1.0	0.986274601813	1.0	0.559387097487	0.560438391684
UP00050_1_Bhlhb2_primary	1.0	1.0	1.0	1.0	1.0	1.0	0.623504653233	1.0	0.60987034914	1.0	0.506416471542	1.0
UP00051_1_Sox8_primary	1.0	1.0	1.0	1.0	1.0	1.0	1.09373811253e-09	1.0	0.817252136152	0.0338975744299	0.0066186895083	0.0237758917902
UP00052_1_Osr2_primary	0.999919787686	1.0	1.0	1.0	1.0	0.86920771	1.0	1.0	0.986274601813	1.0	0.93428261821	1.0
UP00053_1_Rxra_primary	0.606500945198	0.168804840809	1.0	1.0	1.0	0.455989665996	1.0	1.0	1.0	0.485538137564	0.591188567869	1.0
UP00054_1_Tcf7_primary	1.0	0.883539118778	1.0	1.0	1.0	1.0	3.00107836944e-05	1.0	0.60987034914	0.118459828655	0.428755974196	0.0512409722494
UP00055_1_Hbp1_primary	1.0	1.0	1.0	1.0	1.0	1.0	1.11645345688e-05	0.970843722834	0.986274601813	0.104874614695	0.0654325652045	0.19881159401
UP00056_1_Rfx4_primary	1.0	1.0	1.0	1.0	1.0	0.981089656243	0.772058414992	1.0	0.986274601813	1.0	0.458664973996	1.0
UP00057_1_Zic2_primary	1.3234990697e-24	0.00228932593334	0.596240620119	0.00230901539377	2.34003148557e-07	4.24057805344e-06	1.0	1.0	1.0	1.0	1.0	1.0
UP00058_1_Tcf3_primary	1.0	1.0	1.0	1.0	1.0	1.0	0.000257797744794	1.0	0.273097298196	0.187882709796	0.765094364154	0.220116659462
UP00059_1_Arid5a_primary	1.0	1.0	1.0	1.0	1.0	1.0	0.000915196666973	1.0	0.986274601813	0.104874614695	0.309455145339	0.344092871083
UP00060_1_Max_primary	0.362518355936	0.883539118778	1.0	1.0	0.462077141069	0.638975092068	1.0	1.0	0.926569074083	0.854153055577	1.0	1.0
UP00061_1_Foxl1_primary	1.0	1.0	1.0	1.0	1.0	1.0	5.36691753743e-10	1.0	0.221942319468	0.711304338288	0.00918139283064	0.00218052866704
UP00062_1_Sox4_primary	1.0	1.0	1.0	1.0	1.0	1.0	7.07196467951e-06	1.0	0.28955185386	0.150588773516	0.358396948441	0.0705111816389
UP00064_1_Sox18_primary	1.0	1.0	1.0	1.0	1.0	1.0	2.01897546011e-10	1.0	0.652947960415	0.00564069051819	0.0654325652045	0.010205486984
UP00065_1_Zfp161_primary	1.69477275624e-06	1.0	1.0	1.0	0.00315890363274	0.00010832654085	1.0	1.0	1.0	1.0	1.0	1.0
UP00066_1_Hnf4a_primary	0.00245362923353	0.260772535549	0.819335855558	1.0	0.36621798191	0.0329415899682	1.0	1.0	1.0	0.747153541319	1.0	1.0
UP00067_1_Lef1_primary	1.0	0.985445614705	1.0	1.0	1.0	1.0	0.421697674086	1.0	0.474358634689	0.750617811123	0.93428261821	1.0
UP00068_1_Eomes_primary	1.0	0.985445614705	1.0	1.0	0.951108697414	0.938085551938	0.950112839552	1.0	0.986274601813	0.723072329709	1.0	1.0
UP00069_1_Sox1_primary	1.0	0.985445614705	1.0	1.0	1.0	1.0	0.00170157060115	1.0	1.0	0.0683261539308	0.389563004996	0.010205486984
UP00070_1_Gcm1_primary	0.0197124635704	0.056030508216	0.333031729739	0.708513209965	1.0	0.873711900102	1.0	1.0	1.0	1.0	0.882442075677	1.0
UP00071_1_Sox21_primary	1.0	0.883539118778	1.0	1.0	1.0	1.0	0.013242934967	1.0	0.782451608659	0.150588773516	0.771964105095	0.356126353099
UP00072_1_IRC900814_primary	1.0	1.0	1.0	1.0	1.0	1.0	0.018042184612	0.460729717423	1.0	0.440916948986	0.471679100279	0.318186003935
UP00073_1_Foxa2_primary	1.0	1.0	1.0	1.0	1.0	1.0	7.6523879938e-06	1.0	0.0859991318262	0.938262775588	0.0485687261076	0.145016240769
UP00074_1_Isgf3g_primary	1.0	1.0	1.0	1.0	1.0	1.0	0.37129675235	1.0	0.986274601813	0.584824207963	0.959219008241	0.739255572596
UP00075_1_Sox15_primary	1.0	1.0	1.0	1.0	1.0	1.0	5.79331590472e-11	1.0	0.60987034914	0.178461369731	0.0066186895083	0.0168617118691
UP00076_1_Rfxdc2_primary	1.0	1.0	1.0	0.4577802558	1.0	0.708933365084	0.953587211039	1.0	1.0	1.0	0.163757407622	1.0
UP00077_1_Srf_primary	1.0	0.985445614705	1.0	1.0	1.0	1.0	0.497974407327	1.0	0.986274601813	0.499363396131	0.974131909289	1.0
UP00078_1_Arid3a_primary	1.0	0.832860034678	1.0	1.0	1.0	1.0	0.0273435212837	1.0	0.782451608659	0.858143058068	0.401887879011	0.135998196493
UP00079_1_Esrra_primary	1.0	0.985445614705	1.0	1.0	1.0	1.0	0.0297083060424	1.0	0.986274601813	0.45074792648	0.283496696372	0.250187987687
UP00080_1_Gata5_primary	1.0	1.0	1.0	1.0	1.0	1.0	0.0342112103877	1.0	0.926569074083	0.781770770872	0.389563004996	0.682516105173
UP00081_1_Mybl1_primary	1.0	0.985445614705	1.0	1.0	1.0	1.0	0.458493210514	1.0	1.0	1.0	0.700963898458	0.351969594894
UP00082_1_Zfp187_primary	1.0	1.0	1.0	1.0	1.0	1.0	0.00358352424755	1.0	0.782451608659	1.0	0.00962611256304	0.380021593717
UP00083_1_Tcf7l2_primary	1.0	1.0	1.0	1.0	1.0	1.0	0.0522755292469	1.0	0.786571617007	0.439972947266	1.0	0.534494014484
UP00084_1_Gmeb1_primary	1.0	1.0	1.0	1.0	1.0	1.0	0.941621371287	1.0	0.320725488747	1.0	1.0	1.0
UP00085_1_Sfpi1_primary	1.0	0.985445614705	1.0	1.0	1.0	1.0	0.00107213242804	1.0	0.849619944598	0.253655535173	0.0820339177781	0.301163920247
UP00086_1_Irf3_primary	0.215160165446	1.0	1.0	1.0	0.17440840452	0.981089656243	1.0	1.0	1.0	1.0	1.0	1.0
UP00087_1_Tcfap2c_primary	2.80851634399e-22	0.000239981250937	0.46547473709	0.00428532593117	0.00111538918648	9.74234045885e-12	1.0	1.0	1.0	1.0	1.0	1.0
UP00088_1_Plagl1_primary	3.54607191787e-30	0.00447673784205	0.000946971185465	0.000113660523794	5.8119692263e-09	4.00211963711e-08	1.0	1.0	1.0	1.0	1.0	1.0
UP00089_1_Tcf1_primary	1.0	0.614770071181	1.0	1.0	1.0	1.0	0.0928290299846	1.0	1.0	0.938898773875	0.512365390641	0.34669651641
UP00089_3_Tcf1_2666.2	1.0	0.883539118778	1.0	1.0	1.0	1.0	0.0451037265585	1.0	1.0	0.686200846648	0.389563004996	0.0512409722494
UP00091_1_Sox5_primary	1.0	1.0	1.0	1.0	1.0	1.0	9.52960397075e-12	1.0	0.679338691451	0.0788824650725	0.00542269857686	0.0105536295466
UP00092_1_Myb_primary	1.0	1.0	1.0	1.0	1.0	1.0	0.393614937201	1.0	1.0	1.0	0.45090864354	0.34669651641
UP00093_1_Klf7_primary	3.78040761897e-42	0.0555819883207	0.0146479675515	0.000346984705871	3.95020105768e-12	2.34973478742e-18	1.0	1.0	1.0	1.0	1.0	1.0
UP00094_1_Zfp128_primary	1.0	1.0	1.0	1.0	1.0	1.0	0.294531420866	1.0	0.652947960415	0.686200846648	0.824421287406	0.560438391684
UP00095_1_Zfp691_primary	1.0	0.996308574202	1.0	1.0	1.0	0.572491444369	1.0	1.0	0.817252136152	1.0	0.851530622232	1.0
UP00096_1_Sox13_primary	1.0	0.996308574202	1.0	1.0	1.0	1.0	9.28914718218e-12	1.0	0.807617654521	0.0144878503298	0.00731117560876	0.00757471687619
UP00097_1_Mtf1_primary	0.386302921789	1.0	0.729986150613	1.0	1.0	0.203178576748	1.0	1.0	1.0	0.541603607653	0.948813415531	1.0
UP00098_1_Rfx3_primary	1.0	1.0	1.0	1.0	1.0	0.981089656243	0.464972629917	1.0	0.986274601813	1.0	0.283496696372	1.0
UP00099_1_Ascl2_primary	0.0897403340726	0.985445614705	1.0	1.0	0.82757799366	0.07565070888	1.0	1.0	0.986274601813	1.0	1.0	1.0
UP00100_1_Gata6_primary	1.0	1.0	1.0	1.0	1.0	1.0	0.00865839102916	1.0	0.935349450154	0.440916948986	0.112409179359	0.956798678185
UP00101_1_Sox12_primary	1.0	1.0	1.0	1.0	1.0	1.0	4.22785935515e-12	1.0	0.102525294697	0.0442334858615	0.0965654656277	0.00158260123125
UP00102_1_Zic1_primary	2.10189989958e-27	0.0166123518712	0.67144750689	0.000238809543039	1.61059421848e-12	3.87709347573e-05	1.0	1.0	1.0	1.0	1.0	1.0
UP00103_1_Jundm2_primary	1.0	1.0	1.0	1.0	1.0	1.0	0.0509066286721	1.0	0.913060119097	0.165662308091	0.927844011417	0.301163920247
UP00104_1_Hmx1_3423.1	1.0	1.0	1.0	1.0	1.0	1.0	0.132380172202	1.0	1.0	0.975376896199	0.234521436101	0.749996294545
UP00105_1_Pou3f4_3773.1	1.0	0.614770071181	1.0	1.0	1.0	0.73015018026	0.281819890537	1.0	1.0	0.750617811123	0.179048722104	1.0
UP00106_1_Vax2_3500.1	1.0	1.0	1.0	1.0	1.0	1.0	0.331851476625	1.0	0.782451608659	1.0	0.458664973996	1.0
UP00107_1_Nkx2-4_3074.1	1.0	1.0	1.0	1.0	1.0	1.0	0.0412984199567	1.0	0.731372822374	0.781770770872	0.384006567431	0.851768222227
UP00108_1_Alx3_3418.2	1.0	0.985445614705	1.0	0.678811233216	1.0	1.0	0.464972629917	1.0	1.0	1.0	0.179048722104	0.399488274737
UP00109_1_Obox6_3440.2	1.0	1.0	1.0	1.0	0.551558187784	1.0	0.664810317834	1.0	0.50351366114	1.0	1.0	0.350319211318
UP00110_1_Dlx4_3488.2	1.0	1.0	1.0	1.0	1.0	1.0	0.00439389981974	1.0	0.782451608659	0.359275795108	0.397382479685	0.250187987687
UP00111_1_Dmbx1_2277.1	1.0	1.0	1.0	1.0	0.78297670537	1.0	1.0	1.0	0.986274601813	1.0	1.0	1.0
UP00112_1_Gsc_2327.3	1.0	0.819760055194	1.0	1.0	1.0	0.416893961912	1.0	1.0	0.90360198122	0.669998921366	0.877245382736	1.0
UP00113_1_Hoxc4_3491.1	1.0	0.883539118778	1.0	1.0	1.0	1.0	0.156867074209	1.0	0.986274601813	0.975376896199	0.0636286362145	0.86600409462
UP00114_1_Homez_1063.2	1.0	0.985445614705	1.0	1.0	1.0	1.0	0.102481967936	1.0	0.935349450154	1.0	0.824421287406	0.245783101935
UP00115_1_Lhx2_0953.2	1.0	0.985445614705	1.0	1.0	1.0	1.0	0.56614426778	1.0	1.0	1.0	0.309455145339	0.682516105173
UP00116_1_Rhox6_4251.1	1.0	1.0	1.0	1.0	1.0	1.0	0.249883320675	1.0	1.0	1.0	0.139275214248	1.0
UP00117_1_Hoxd11_3873.1	1.0	1.0	1.0	1.0	1.0	1.0	0.00326077770438	1.0	1.0	0.581993107903	0.309455145339	0.104491547683
UP00118_1_Pou4f3_2791.1	1.0	1.0	1.0	1.0	1.0	1.0	0.00489754249239	1.0	0.372431650117	1.0	0.112409179359	0.63093140532
UP00119_1_Nkx2-9_3082.1	1.0	1.0	1.0	1.0	1.0	1.0	0.075744983594	1.0	0.446512528646	0.781770770872	0.471679100279	0.86600409462
UP00120_1_Lbx2_3869.2	1.0	1.0	1.0	0.95696103376	1.0	1.0	0.836576403606	1.0	1.0	1.0	0.601081971194	1.0
UP00121_1_Hoxd10_2368.2	1.0	0.832860034678	1.0	1.0	1.0	1.0	0.00173077663166	1.0	0.679338691451	0.412222131456	0.0222418696569	0.794210253836
UP00122_1_Tgif1_2342.2	1.0	1.0	1.0	1.0	1.0	1.0	0.279683898167	1.0	0.807617654521	1.0	0.651758452379	0.786025390388
UP00123_1_Hlxb9_3422.1	1.0	1.0	1.0	1.0	1.0	1.0	0.729502825577	1.0	1.0	1.0	0.483344757288	1.0
UP00124_1_Ipf1_3815.1	1.0	0.999294900769	1.0	1.0	1.0	1.0	0.00229640475711	1.0	1.0	0.687469575185	0.179048722104	0.250187987687
UP00125_1_Pitx2_2274.3	1.0	1.0	1.0	1.0	1.0	1.0	0.218014846961	1.0	0.782451608659	0.440916948986	0.483344757288	1.0
UP00126_1_Dlx2_2273.2	1.0	0.985445614705	1.0	1.0	1.0	1.0	0.0103800475737	1.0	1.0	0.270715066299	0.740118974528	0.19881159401
UP00127_1_Gsh2_3990.2	1.0	1.0	1.0	1.0	1.0	1.0	0.0106202375469	1.0	1.0	0.750617811123	0.305812134894	0.0956202790204
UP00128_1_Pou3f2_2824.1	1.0	1.0	1.0	1.0	1.0	0.462812045827	0.748946229272	1.0	1.0	0.982823242777	0.139275214248	1.0
UP00129_1_Pou3f1_3819.1	1.0	0.781538761882	1.0	1.0	1.0	0.782983763386	0.379642422424	1.0	0.986274601813	1.0	0.139275214248	1.0
UP00130_1_Lhx3_3431.1	1.0	0.819760055194	0.990425880574	1.0	1.0	1.0	0.977703784113	1.0	1.0	1.0	0.483344757288	1.0
UP00131_1_Gbx2_3110.1	1.0	1.0	1.0	1.0	1.0	1.0	0.187148045637	1.0	0.986274601813	0.975376896199	0.179048722104	0.90729508502
UP00132_1_Evx2_2645.3	1.0	1.0	1.0	1.0	1.0	1.0	0.420076833804	1.0	1.0	0.775958900663	0.659271413296	0.90729508502
UP00133_1_Cdx2_4272.1	1.0	0.985445614705	1.0	1.0	1.0	1.0	0.000525630600017	1.0	0.853803100744	0.230607778917	0.0066186895083	0.796545221486
UP00134_1_Hoxb13_3479.1	1.0	1.0	1.0	1.0	1.0	1.0	1.36400080268e-05	1.0	1.0	0.118858451093	0.0416517311473	0.0709990446501
UP00135_1_Hoxc12_3480.1	1.0	1.0	1.0	1.0	1.0	1.0	0.085675509862	1.0	1.0	1.0	0.234521436101	0.344092871083
UP00136_1_Prrx2_3072.1	1.0	0.883539118778	1.0	1.0	1.0	1.0	0.508895398365	1.0	1.0	1.0	0.471679100279	0.549107874312
UP00137_1_Hoxb3_1720.2	1.0	1.0	1.0	1.0	1.0	1.0	0.0174270355526	1.0	1.0	0.0907853881365	0.439775656618	0.88549208882
UP00138_1_Bsx_3483.2	1.0	0.832860034678	1.0	1.0	1.0	1.0	0.132380172202	1.0	1.0	0.946555231675	0.296360141158	0.250187987687
UP00139_1_Nkx1-2_3214.1	1.0	0.639061331363	1.0	1.0	1.0	1.0	0.145697158916	1.0	1.0	1.0	0.0820339177781	0.501872627219
UP00140_1_Hoxd1_3448.1	1.0	1.0	1.0	1.0	1.0	1.0	0.291966695965	1.0	1.0	0.932860743072	0.458664973996	0.607324306276
UP00141_1_Vsx1_1728.1	1.0	0.883539118778	1.0	1.0	1.0	1.0	0.379642422424	1.0	0.853803100744	1.0	0.45090864354	0.557773765909
UP00142_1_Uncx4.1_2281.2	0.980778057229	0.599379840839	1.0	1.0	1.0	0.743453157478	1.0	1.0	1.0	1.0	0.179048722104	1.0
UP00143_1_Dobox5_3493.1	1.0	0.999294900769	1.0	1.0	1.0	1.0	0.464972629917	1.0	0.853803100744	0.750617811123	0.552229348839	0.749996294545
UP00144_1_Hoxb4_2627.1	1.0	0.883539118778	1.0	1.0	1.0	1.0	0.291966695965	1.0	1.0	1.0	0.102235498996	0.81315839314
UP00145_1_Barhl2_3868.1	1.0	1.0	1.0	1.0	1.0	1.0	5.2189749491e-06	1.0	0.614527686891	0.158509137698	0.112409179359	0.0512409722494
UP00146_1_Pou6f1_1731.2	1.0	1.0	1.0	1.0	1.0	0.197098933132	0.368417240489	1.0	0.986274601813	0.20112913817	0.635688602264	1.0
UP00147_1_Nkx2-6_3437.1	1.0	1.0	1.0	1.0	1.0	1.0	0.0414017820488	1.0	1.0	0.285549107375	0.635688602264	0.869415020686
UP00148_1_Hdx_3845.3	1.0	0.602086870136	1.0	1.0	1.0	1.0	0.0168146256479	1.0	0.679338691451	0.803335968129	0.273555137904	0.330028690689
UP00149_1_Phox2b_3948.1	1.0	1.0	1.0	1.0	1.0	0.892598321458	0.842497303328	1.0	1.0	0.938262775588	0.397382479685	1.0
UP00150_1_Irx6_2623.2	1.0	0.781538761882	1.0	1.0	1.0	1.0	0.0297083060424	1.0	0.731372822374	0.104874614695	1.0	0.557773765909
UP00151_1_Barx2_3447.2	1.0	0.985445614705	1.0	1.0	1.0	1.0	0.177661869462	1.0	1.0	0.982823242777	0.45090864354	0.344092871083
UP00152_1_Arx_1738.2	1.0	1.0	1.0	0.86638056684	1.0	1.0	0.764306680097	1.0	1.0	1.0	0.520136571908	0.796545221486
UP00153_1_Pitx1_2312.1	1.0	0.205989739681	1.0	1.0	1.0	0.664248927598	0.977703784113	1.0	0.935349450154	0.836306580927	0.67510705273	1.0
UP00154_1_Dlx3_1030.1	1.0	1.0	1.0	1.0	1.0	1.0	0.0508523561576	1.0	1.0	0.727455474688	0.235685470928	0.318186003935
UP00155_1_Hmx2_3424.3	1.0	1.0	1.0	1.0	1.0	1.0	0.0749842062917	1.0	1.0	0.975376896199	0.496409325185	0.19881159401
UP00156_1_Msx2_3449.1	1.0	1.0	1.0	1.0	1.0	1.0	0.0949138556575	1.0	0.986274601813	0.253655535173	1.0	0.458557953936
UP00157_1_Hmx3_3490.2	1.0	1.0	1.0	1.0	1.0	1.0	0.016396291471	1.0	1.0	0.775958900663	0.179048722104	0.676644159683
UP00158_1_Pou1f1_3818.1	1.0	0.819760055194	1.0	1.0	1.0	0.280049159278	0.691451800728	1.0	1.0	1.0	0.102235498996	1.0
UP00159_1_Six2_2307.2	1.0	0.0676383234839	1.0	1.0	1.0	1.0	0.285209950853	1.0	0.986274601813	0.499363396131	0.394785377302	0.956798678185
UP00160_1_Obox3_3439.1	1.0	0.985445614705	1.0	1.0	1.0	0.0687870227005	1.0	1.0	0.372431650117	0.750617811123	0.959219008241	1.0
UP00161_1_Hmbox1_2674.1	1.0	1.0	1.0	1.0	1.0	1.0	0.210620260289	1.0	0.853803100744	0.98982643245	0.824421287406	0.747623233307
UP00162_1_Evx1_3952.2	1.0	0.999294900769	0.779517212253	1.0	1.0	1.0	0.301222896693	1.0	1.0	0.669998921366	0.552229348839	0.796545221486
UP00163_1_En2_0952.1	1.0	0.985445614705	1.0	1.0	1.0	1.0	0.236606124721	1.0	0.986274601813	1.0	0.397382479685	0.769404646918
UP00164_1_Hoxa7_2668.2	1.0	0.883539118778	1.0	1.0	1.0	1.0	0.200939145669	1.0	1.0	0.946555231675	0.0972747615918	0.796545221486
UP00165_1_Titf1_1722.2	1.0	1.0	1.0	1.0	1.0	1.0	0.293645877737	1.0	0.986274601813	1.0	0.298483627391	1.0
UP00166_1_Barhl1_2590.2	1.0	1.0	1.0	1.0	1.0	1.0	0.0257857060789	1.0	1.0	0.687469575185	0.265763829905	0.301163920247
UP00167_1_En1_3123.2	1.0	1.0	0.83987848807	1.0	1.0	1.0	0.709481759535	1.0	1.0	1.0	0.601081971194	1.0
UP00168_1_Hoxd8_2644.1	1.0	0.985445614705	1.0	1.0	1.0	1.0	0.000476807999095	1.0	0.966707651568	0.52024730778	0.235685470928	0.0693389206624
UP00169_1_Lmx1b_3433.2	1.0	0.639061331363	1.0	1.0	1.0	0.755148273549	1.0	1.0	1.0	0.836306580927	0.851530622232	1.0
UP00170_1_Isl2_3430.1	1.0	1.0	1.0	1.0	1.0	1.0	0.00736243868675	1.0	1.0	0.579702261326	0.179048722104	0.300169880522
UP00171_1_Msx3_3206.1	1.0	1.0	1.0	1.0	1.0	1.0	0.0359152480747	1.0	1.0	0.687469575185	0.368691113644	0.458557953936
UP00172_1_Prop1_3949.1	1.0	0.985445614705	1.0	1.0	1.0	1.0	0.670519338594	1.0	1.0	1.0	0.179048722104	1.0
UP00173_1_Hoxc13_3127.1	1.0	1.0	1.0	1.0	1.0	1.0	0.00124131043126	1.0	0.782451608659	0.932860743072	0.235685470928	0.301163920247
UP00174_1_Hoxa2_3079.1	1.0	1.0	1.0	1.0	1.0	1.0	0.0135773718433	1.0	0.926569074083	0.566984806869	0.428755974196	0.425661702233
UP00175_1_Lhx9_3492.1	1.0	0.685388317195	1.0	1.0	1.0	1.0	0.655556975753	1.0	1.0	1.0	0.0972747615918	0.956798678185
UP00176_1_Crx_3485.1	0.0383383210069	0.614770071181	1.0	1.0	0.857821682399	0.105734892114	1.0	1.0	1.0	1.0	1.0	1.0
UP00177_1_Hoxd12_3481.1	1.0	1.0	1.0	1.0	1.0	1.0	0.0245014913035	1.0	0.986274601813	1.0	0.552229348839	0.0842225831477
UP00178_1_Og2x_3719.1	1.0	1.0	1.0	1.0	1.0	1.0	0.231874318491	1.0	0.986274601813	0.946555231675	0.288557943194	1.0
UP00179_1_Pou2f3_3986.2	1.0	0.989397098829	1.0	1.0	1.0	1.0	0.047463982433	1.0	1.0	0.747153541319	0.721056490389	0.482557274973
UP00180_1_Hoxd13_2356.1	1.0	0.883539118778	1.0	1.0	1.0	1.0	0.00100852114551	1.0	0.986274601813	0.52024730778	0.0863358285196	0.205180285668
UP00181_1_Barx1_2877.1	1.0	1.0	1.0	1.0	1.0	1.0	0.0144478475077	1.0	1.0	0.982823242777	0.552229348839	0.108778770677
UP00182_1_Hoxa6_1040.1	1.0	0.999294900769	1.0	1.0	1.0	1.0	0.0928290299846	1.0	0.926569074083	0.803335968129	0.824421287406	0.288251374514
UP00183_1_Hoxa13_3126.1	1.0	1.0	1.0	1.0	1.0	1.0	0.00497396354055	1.0	0.853803100744	0.77015641139	0.458664973996	0.19881159401
UP00184_1_Lhx8_2247.2	1.0	1.0	1.0	1.0	1.0	0.73015018026	0.580725078207	1.0	0.679338691451	1.0	0.698967956433	1.0
UP00185_1_Pbx1_3203.1	1.0	0.582431350964	1.0	1.0	1.0	1.0	3.75351828758e-05	1.0	0.138023380101	0.151240923935	0.112409179359	0.119631259289
UP00186_1_Meis1_2335.1	1.0	1.0	1.0	1.0	1.0	1.0	0.146557326222	1.0	1.0	0.975376896199	0.439775656618	0.63093140532
UP00187_1_Alx4_1744.1	1.0	0.883539118778	1.0	1.0	1.0	1.0	0.772058414992	1.0	0.926569074083	1.0	0.471679100279	1.0
UP00188_1_Lmx1a_2238.2	1.0	0.122156998272	1.0	1.0	1.0	1.0	0.676278332379	1.0	1.0	1.0	0.358396948441	0.869415020686
UP00189_1_Hoxa5_3415.1	1.0	1.0	1.0	1.0	1.0	1.0	0.179030812785	1.0	0.986274601813	0.938898773875	0.591188567869	0.636869201802
UP00190_1_Nkx2-3_3435.1	1.0	1.0	1.0	1.0	1.0	1.0	0.416280109243	1.0	1.0	1.0	0.394785377302	0.90729508502
UP00191_1_Pou2f2_3748.1	1.0	0.985445614705	1.0	1.0	1.0	1.0	0.075744983594	1.0	0.986274601813	0.723072329709	0.483344757288	0.869415020686
UP00192_1_Six1_0935.2	1.0	0.122156998272	1.0	1.0	1.0	1.0	0.147830537397	1.0	1.0	0.206038926778	0.316180317125	0.81315839314
UP00193_1_Rhox11_1765.2	1.0	1.0	1.0	1.0	1.0	1.0	0.0283359571715	1.0	1.0	0.750617811123	0.235685470928	0.301163920247
UP00194_1_Irx4_2242.3	1.0	0.614770071181	1.0	1.0	1.0	1.0	0.408988819025	1.0	0.943971115807	0.686200846648	0.8945718591	0.90729508502
UP00195_1_Six3_1732.2	1.0	0.039646655714	1.0	1.0	1.0	1.0	0.364896954207	1.0	0.986274601813	0.687469575185	0.504586070475	0.636869201802
UP00196_1_Hoxa4_3426.1	1.0	0.999294900769	1.0	1.0	1.0	1.0	0.152461095816	1.0	1.0	0.687469575185	0.235685470928	0.58316644661
UP00197_1_Hoxc9_2367.2	1.0	0.883539118778	1.0	1.0	1.0	1.0	0.000109871412324	1.0	0.60987034914	0.0764547125568	0.0636286362145	0.449346954561
UP00198_1_Cphx_3484.1	1.0	1.0	1.0	1.0	1.0	1.0	0.00311840790344	1.0	0.926569074083	0.382084663153	0.288557943194	0.497428029882
UP00199_1_Six4_2860.1	0.878089557927	0.832860034678	0.990425880574	1.0	1.0	0.73015018026	1.0	1.0	1.0	1.0	0.974131909289	1.0
UP00200_1_Nkx6-1_2825.1	1.0	1.0	1.0	1.0	1.0	1.0	0.174228139847	1.0	1.0	0.8580087515	0.300404805063	0.953162077854
UP00201_1_Emx2_3420.1	1.0	1.0	1.0	1.0	1.0	1.0	0.219976294848	1.0	0.986274601813	1.0	0.397382479685	0.78698573378
UP00202_1_Dlx1_1741.2	1.0	0.985445614705	1.0	1.0	1.0	1.0	0.164745502023	1.0	0.986274601813	1.0	0.659500011757	0.458557953936
UP00203_1_Pknox1_2364.2	1.0	0.832860034678	1.0	1.0	1.0	1.0	0.37129675235	1.0	0.786718294406	0.781770770872	0.612820051391	0.682516105173
UP00204_1_Gbx1_2883.2	1.0	0.985445614705	1.0	1.0	1.0	1.0	0.154061116979	1.0	0.986274601813	0.728709466748	0.397382479685	0.913864835409
UP00205_1_Pknox2_3077.2	1.0	0.832860034678	1.0	1.0	1.0	1.0	1.0	1.0	1.0	1.0	0.824421287406	0.995783778459
UP00206_1_Hoxb7_3953.1	1.0	1.0	0.990425880574	1.0	1.0	1.0	0.0973184916178	1.0	1.0	0.946555231675	0.179048722104	0.58316644661
UP00207_1_Hoxb9_3413.1	1.0	1.0	1.0	1.0	1.0	1.0	0.000636594529656	1.0	1.0	0.32476826452	0.206732846227	0.344092871083
UP00208_1_Obox5_2284.1	1.0	1.0	1.0	1.0	1.0	1.0	0.170032414751	1.0	0.986274601813	0.356149364128	0.612820051391	0.676644159683
UP00209_1_Cart1_0997.1	1.0	0.999294900769	1.0	1.0	1.0	1.0	0.623330381064	1.0	1.0	1.0	0.389563004996	1.0
UP00210_1_Mrg2_2302.1	1.0	0.985445614705	1.0	1.0	1.0	1.0	0.319107280781	1.0	0.731372822374	1.0	0.824421287406	0.607324306276
UP00211_1_Pou3f3_3235.2	1.0	1.0	1.0	1.0	1.0	1.0	0.13190107738	1.0	1.0	0.975376896199	0.458664973996	0.796545221486
UP00212_1_Lhx5_2279.1	1.0	0.832860034678	1.0	1.0	1.0	1.0	0.838798766002	1.0	1.0	1.0	0.458664973996	1.0
UP00213_1_Hoxa9_2622.2	1.0	0.883539118778	1.0	1.0	1.0	1.0	0.00608246042728	1.0	0.90360198122	0.607310958176	0.259774497174	0.26103217764
UP00214_1_Hoxb5_3122.2	1.0	1.0	1.0	1.0	1.0	1.0	0.0387798913867	1.0	0.986274601813	0.946555231675	0.45090864354	0.315951346602
UP00215_1_Vax1_3499.1	1.0	1.0	1.0	1.0	1.0	1.0	0.0775902324405	1.0	0.986274601813	0.687469575185	0.45090864354	0.537561143374
UP00216_1_Obox1_3970.2	1.0	1.0	1.0	1.0	1.0	0.981089656243	0.764306680097	1.0	0.986274601813	0.978745682801	0.680777482607	1.0
UP00217_1_Hoxa10_2318.1	1.0	0.985445614705	1.0	1.0	1.0	1.0	8.14893369405e-05	1.0	0.505324651626	0.356149364128	0.00397559968475	0.858811927576
UP00218_1_Dbx2_3487.1	1.0	0.832860034678	1.0	1.0	1.0	1.0	0.147462042374	1.0	1.0	0.988141819115	0.179048722104	0.676644159683
UP00219_1_Cutl1_3494.1	1.0	1.0	1.0	1.0	1.0	1.0	0.464972629917	1.0	1.0	1.0	0.674080483439	0.34669651641
UP00220_1_Nkx1-1_3856.3	0.659831293397	0.832860034678	1.0	1.0	1.0	0.664248927598	1.0	1.0	1.0	0.988141819115	0.647441812881	1.0
UP00221_1_Phox2a_3947.1	1.0	0.999294900769	1.0	1.0	1.0	1.0	0.285209950853	1.0	0.926569074083	1.0	0.601081971194	0.869415020686
UP00222_1_Tcf2_0913.2	1.0	1.0	1.0	1.0	1.0	1.0	0.284133499378	1.0	1.0	0.995603948698	0.948813415531	0.318186003935
UP00223_1_Irx3_0920.1	1.0	0.614770071181	1.0	1.0	0.857821682399	1.0	0.21748840002	1.0	0.986274601813	0.331880000241	1.0	0.493351085408
UP00224_1_Pax6_3838.3	1.0	1.0	1.0	1.0	1.0	0.981089656243	0.341816770144	1.0	1.0	1.0	0.179048722104	1.0
UP00225_1_Hlx1_2350.1	1.0	1.0	1.0	1.0	1.0	1.0	0.000358799038488	1.0	0.986274601813	0.374041384561	0.0444333280925	0.88549208882
UP00226_1_Mrg1_2246.2	1.0	1.0	1.0	1.0	1.0	1.0	0.341816770144	1.0	0.986274601813	0.938898773875	0.397382479685	1.0
UP00227_1_Duxl_1286.2	1.0	1.0	1.0	1.0	1.0	1.0	0.340437302271	1.0	0.986274601813	0.858143058068	0.851530622232	0.642706265275
UP00228_1_Bapx1_2343.1	1.0	0.985445614705	1.0	1.0	1.0	1.0	0.196524737074	1.0	0.986274601813	0.747153541319	0.542325708678	0.86600409462
UP00229_1_Otx1_2325.1	1.0	1.0	1.0	1.0	1.0	1.0	0.110193617295	1.0	0.986274601813	0.669998921366	0.300006503427	0.821953691296
UP00230_1_Dlx5_3419.2	1.0	0.999294900769	1.0	1.0	1.0	1.0	0.154061116979	1.0	0.853803100744	0.593872293545	0.591188567869	0.78698573378
UP00231_1_Nkx2-2_2823.1	1.0	1.0	1.0	1.0	1.0	1.0	0.00409973327945	0.404650432099	0.986274601813	0.552334099906	0.206732846227	0.869415020686
UP00232_1_Dobox4_3956.2	1.0	0.614770071181	1.0	1.0	1.0	0.981089656243	0.953587211039	1.0	1.0	0.995603948698	0.534231988276	1.0
UP00233_1_Meox1_2310.2	1.0	0.883539118778	1.0	1.0	1.0	1.0	0.00721066077356	1.0	0.817252136152	0.440916948986	0.879900382645	0.116504875793
UP00234_1_Msx1_3031.2	1.0	0.999294900769	1.0	1.0	1.0	1.0	0.0528792179364	1.0	1.0	0.669998921366	0.139275214248	0.58316644661
UP00235_1_Hoxc11_3718.2	1.0	1.0	1.0	1.0	1.0	1.0	2.66352913296e-05	1.0	0.986274601813	0.750617811123	0.0281576065797	0.019208348595
UP00236_1_Irx2_0900.3	1.0	0.781538761882	1.0	1.0	0.325553828311	1.0	0.226168482292	1.0	1.0	0.226720731535	1.0	0.44208612854
UP00237_1_Otp_3496.1	1.0	0.985445614705	1.0	1.0	1.0	1.0	0.574304739585	1.0	0.986274601813	1.0	0.179048722104	0.869415020686
UP00238_1_Nkx6-3_3446.1	1.0	1.0	1.0	1.0	1.0	0.938085551938	0.181890510049	1.0	1.0	0.581993107903	0.234521436101	1.0
UP00239_1_Obox2_3438.2	1.0	1.0	1.0	1.0	1.0	0.401251997761	0.690100195413	1.0	0.892516495799	0.466585259538	0.765094364154	1.0
UP00240_1_Cdx1_2245.1	1.0	0.996308574202	1.0	1.0	1.0	1.0	0.00453597431569	1.0	0.614527686891	0.669998921366	0.143478311023	0.518656866062
UP00241_1_Hoxd3_1742.2	1.0	0.883539118778	1.0	1.0	1.0	1.0	0.00865839102916	1.0	0.986274601813	0.781770770872	0.483344757288	0.135998196493
UP00242_1_Hoxc8_3429.2	1.0	0.614770071181	1.0	1.0	1.0	1.0	0.0414768155535	1.0	1.0	0.723072329709	0.389563004996	0.0870852450141
UP00243_1_Isx_3445.1	1.0	1.0	1.0	1.0	1.0	1.0	0.340437302271	1.0	0.986274601813	1.0	0.428755974196	0.682516105173
UP00244_1_Tlx2_3498.2	1.0	0.985445614705	1.0	1.0	1.0	1.0	0.00275326091873	1.0	1.0	1.0	0.0163692625223	0.400833774906
UP00245_1_Hoxc10_2779.2	1.0	1.0	1.0	1.0	1.0	1.0	0.000155306313209	1.0	0.986274601813	0.659341092349	0.235685470928	0.0191435559452
UP00246_1_Hoxa11_2218.1	1.0	1.0	1.0	1.0	1.0	1.0	3.15077812286e-05	1.0	0.986274601813	0.607310958176	0.179048722104	0.0158687366158
UP00247_1_Pax4_3989.2	1.0	1.0	1.0	1.0	1.0	0.621236242109	0.749166729036	1.0	1.0	1.0	0.40379543466	1.0
UP00248_1_Pax7_3783.1	1.0	0.999294900769	1.0	1.0	1.0	1.0	0.508895398365	1.0	1.0	1.0	0.483344757288	0.682516105173
UP00249_1_Nkx2-5_3436.1	1.0	0.985445614705	1.0	1.0	1.0	1.0	0.341307097358	1.0	0.817252136152	0.562627402384	0.647441812881	1.0
UP00250_1_Irx5_2385.1	1.0	0.819760055194	1.0	1.0	1.0	1.0	0.363555956941	1.0	0.986274601813	0.750617811123	1.0	0.705968002399
UP00251_1_Esx1_3124.2	1.0	0.985445614705	1.0	0.450699540259	1.0	1.0	0.73484191592	1.0	1.0	1.0	0.483344757288	0.858811927576
UP00252_1_Hoxc5_2630.2	1.0	0.985445614705	1.0	1.0	1.0	1.0	0.185711108859	1.0	1.0	1.0	0.0171224476852	0.975375947106
UP00253_1_Rax_3443.1	1.0	1.0	1.0	1.0	1.0	1.0	0.508895398365	1.0	1.0	1.0	0.512365390641	0.747623233307
UP00254_1_Pou2f1_3081.2	1.0	0.883539118778	1.0	1.0	1.0	1.0	0.594118457635	1.0	1.0	1.0	0.439775656618	1.0
UP00255_1_Dbx1_3486.1	1.0	0.883539118778	1.0	1.0	1.0	1.0	0.0335111344787	1.0	1.0	1.0	0.305812134894	0.156601192834
UP00256_1_Lhx6_2272.1	1.0	1.0	1.0	1.0	1.0	1.0	0.170032414751	1.0	1.0	0.975376896199	0.40379543466	0.869415020686
UP00257_1_Shox2_2641.2	1.0	1.0	1.0	1.0	1.0	1.0	0.736585131532	1.0	1.0	1.0	0.316180317125	1.0
UP00258_1_Tgif2_3451.1	1.0	1.0	1.0	1.0	1.0	1.0	0.0968031378957	1.0	1.0	1.0	0.179048722104	0.56993687752
UP00259_1_Hoxb6_3428.2	1.0	1.0	1.0	1.0	1.0	1.0	0.0133697229181	1.0	1.0	0.607310958176	0.143848418969	0.19881159401
UP00260_1_Hoxc6_3954.2	1.0	0.883539118778	1.0	1.0	1.0	1.0	0.464972629917	1.0	1.0	0.946555231675	0.235685470928	1.0
UP00261_1_Lhx4_1719.2	1.0	0.985445614705	0.990425880574	1.0	1.0	1.0	0.206980824992	1.0	1.0	0.200820496351	0.512365390641	0.78698573378
UP00262_1_Lhx1_2240.2	1.0	0.985445614705	1.0	1.0	1.0	1.0	0.160440947047	1.0	1.0	1.0	0.234521436101	0.411636606502
UP00263_1_Hoxb8_3780.2	1.0	0.985445614705	1.0	1.0	1.0	1.0	0.0480203923193	1.0	1.0	0.440916948986	0.22732332191	0.494761612732
UP00264_1_Hoxa1_3425.1	1.0	1.0	1.0	1.0	1.0	1.0	0.0764562105544	1.0	0.986274601813	1.0	0.700963898458	0.250187987687
UP00265_1_Pitx3_3497.2	0.0997584160204	0.639061331363	1.0	1.0	1.0	0.478956864121	1.0	1.0	1.0	1.0	1.0	1.0
UP00266_1_Prrx1_3442.1	1.0	0.781538761882	1.0	1.0	1.0	1.0	1.0	1.0	1.0	1.0	0.824421287406	0.858811927576
UP00267_1_Otx2_3441.1	1.0	1.0	1.0	1.0	1.0	1.0	0.692553564897	1.0	0.986274601813	0.747153541319	0.839982050368	1.0
UP00391_1_Hoxa3_primary	1.0	0.985445614705	1.0	1.0	1.0	1.0	0.078542624163	1.0	0.652947960415	0.566984806869	0.309455145339	0.869415020686
UP00391_3_Hoxa3_2783.2	1.0	0.883539118778	1.0	1.0	1.0	1.0	0.202208173583	1.0	0.652947960415	0.687469575185	0.93428261821	0.425661702233
UP00406_1_Spdef_primary	1.0	0.985445614705	1.0	1.0	1.0	1.0	0.0123656974694	1.0	0.913060119097	0.669998921366	0.0305505636589	0.400833774906
UP00407_1_Elf3_primary	1.0	1.0	1.0	1.0	1.0	1.0	2.94412158931e-11	1.0	0.679338691451	0.0150477076901	0.00490264558753	1.89557318543e-05
UP00408_1_Gabpa_primary	1.0	0.985445614705	1.0	1.0	1.0	1.0	0.00453597431569	1.0	0.655755609623	0.750617811123	0.0517635572943	0.0193106217522
klf4_homer	7.66878421283e-19	0.582431350964	0.216890709577	0.0284830648104	0.00315890363274	9.13752025409e-12	1.0	1.0	1.0	1.0	1.0	1.0
