TF	MERGED_WITH	CLUSTER1_WITH	CLUSTER2_WITH	CLUSTER3_WITH	CLUSTER4_WITH	CLUSTER5_WITH	MERGED_WO	CLUSTER1_WO	CLUSTER2_WO	CLUSTER3_WO	CLUSTER4_WO	CLUSTER5_WO
Ash2l_hand	3.2262431375e-11	0.00561650506036	0.000839110998472	0.00137135864167	0.035954796266	0.000160171243189	1.0	0.99645377463	0.999581478119	0.999186942982	0.97230303228	0.999903263463
E2A-Homer	0.571437380866	0.602951387472	0.629193869395	0.291975717995	0.656616985127	0.296763613994	0.453170472478	0.473672222391	0.454743795068	0.752592104228	0.389912939288	0.743251508052
IRF8_AICS	0.999947595768	0.986385578712	0.979803828825	0.95734479447	0.691272498751	0.907416856569	6.68112201297e-05	0.0219084059182	0.032502688096	0.0559170525676	0.351278686529	0.112717535555
IRF8_IECS_HAND_KANO	0.99983359828	0.395829662632	0.683195932144	0.953878523543	0.983784521459	0.96074567148	0.000210439216247	0.67462983001	0.397771804965	0.060942001521	0.0217575278473	0.0504787187822
IRF8_ISRE_KANNO	0.832912189825	0.782486362015	0.86795308678	0.978797377752	0.451231270626	0.343070965939	0.187997400182	0.302342969386	0.192756614206	0.0316075442864	0.608690366263	0.714141273735
MA0002.2.RUNX1	0.0298672254612	0.241312274699	0.0743356119907	0.0921251688988	0.557947026291	0.0168290241109	0.975247597864	0.8260125186	0.959813804247	0.935783233861	0.504483457789	0.988553884389
MA0003.2.TFAP2A	8.90832724184e-23	0.0106004006765	0.0201507521156	0.000197694606021	1.44673996008e-06	7.29764242511e-16	0.999999999917	0.993106749637	0.987189426754	0.999883259779	0.999999152203	1.0
MA0004.1.Arnt	1.0	1.0	1.0	1.0	1.0	1.0	1.0	1.0	1.0	1.0	1.0	1.0
MA0006.1.Arnt::Ahr	1.0	1.0	1.0	1.0	1.0	1.0	1.0	1.0	1.0	1.0	1.0	1.0
MA0007.2.AR	0.805296504801	0.408874354986	0.977608696436	0.933572751805	0.140995625339	0.299073459569	0.224593246466	0.716803063495	0.0448868337696	0.102010119217	0.902614671171	0.762286116172
MA0009.1.T	0.645613941812	0.681516750932	0.856689360152	0.947950723469	0.293088636881	0.236654767945	0.424297972767	0.511434077219	0.301089421156	0.121734538184	0.815525069734	0.855468219534
MA0014.2.PAX5	0.0351191179137	0.527898908432	0.398092309522	0.0856258977928	0.193143730717	0.251935793441	0.971233938636	0.583531742178	0.705254375016	0.942873278678	0.848368402384	0.801759614043
MA0017.1.NR2F1	0.394020899634	0.109906758808	0.850857384861	0.786373659842	0.090554620211	0.46313126389	0.643492040256	0.938786030037	0.23137925304	0.280192275352	0.938978807397	0.610344217746
MA0018.2.CREB1	0.909356786767	0.347358694658	0.930985754416	0.406631684021	0.914867514322	0.97621146051	0.105960430889	0.74397365826	0.112672559609	0.668354336613	0.113068874127	0.0374132025888
MA0019.1.Ddit3::Cebpa	0.865343870002	0.046173439783	0.999897767783	0.774984588947	0.834574606879	0.270562147794	0.170895903813	0.984429952433	0.000710736626663	0.338820336632	0.253735960079	0.814033740721
MA0024.2.E2F1	1.05727613444e-23	0.0144089654276	0.0503058785381	0.00195812841254	3.78040323527e-10	2.50642697613e-07	0.999999999958	0.989716528451	0.963798795766	0.998658769104	0.999999999783	0.999999858415
MA0025.1.NFIL3	0.999887196426	0.295610516146	0.561699731012	0.999479553136	0.986428704236	0.961345598134	0.000207197667673	0.832214077107	0.669114468484	0.0017105278538	0.0297751417359	0.0712218553645
MA0027.1.En1	0.103516840575	0.364897912996	0.746464510918	0.0856277215065	0.239684359111	0.463871086101	0.918383312309	0.771783555086	0.442375164637	0.950871458973	0.831709197953	0.639370325067
MA0028.1.ELK1	0.109162681081	0.579826126265	0.140196093596	0.40402095791	0.833908414688	0.468209292394	0.902459096081	0.499243027088	0.91009864199	0.650229634845	0.193117360278	0.593057031933
MA0029.1.Mecom	0.999716526568	0.97943257076	0.92872903966	0.989374554267	0.945850295673	0.799609847199	0.000493442344503	0.0751332509962	0.164477872468	0.0237233723194	0.0960900286934	0.287510358926
MA0030.1.FOXF2	0.999920281711	0.842512297946	0.498521904843	0.495199750752	0.999464220757	0.987500686098	0.00012579361593	0.257214951284	0.649064613908	0.609587935839	0.00126834911468	0.0213070835781
MA0031.1.FOXD1	0.997488962338	0.465508503337	0.698735024914	0.839980752262	0.944618192654	0.95718345278	0.00369091890336	0.702827305991	0.450413839435	0.240788690531	0.091118773365	0.0684719742901
MA0032.1.FOXC1	0.750577759262	0.296263950126	0.4670290408	0.815860749828	0.244824114926	0.980345271449	0.324860571237	0.878525532042	0.865296616962	0.335841916393	0.872192258232	0.0580904043703
MA0033.1.FOXL1	0.999277240025	0.597100763605	0.998360200915	0.999696918617	0.790564099593	0.392748912253	0.00122158587765	0.606105305489	0.00784212048278	0.00091216480851	0.325032510397	0.703608799743
MA0035.3.Gata1	0.99999515327	0.997676016312	0.965725668935	0.963259645488	0.992753887295	0.834340650829	7.91542403354e-06	0.008047951034	0.0717744353651	0.0581947673602	0.013235264496	0.217644282286
MA0036.2.GATA2	0.999961559624	0.997780023884	0.60730090553	0.880263323474	0.984437796906	0.968168999832	6.19271476994e-05	0.00841004800787	0.563545739624	0.172554022242	0.028023346065	0.0504283134033
MA0037.2.GATA3	0.999999370537	0.997655823891	0.985129206451	0.888388515518	0.989518906064	0.982716839178	1.09047070628e-06	0.00757078480314	0.0382928714039	0.159714056479	0.0189633160263	0.0281493879681
MA0038.1.Gfi1	0.998095563975	0.966656920221	0.441538591481	0.96352132438	0.465385735198	0.908088121891	0.00259784966151	0.0639071609293	0.713393237797	0.05624259208	0.61676345159	0.12562697313
MA0039.2.Klf4	1.60320748153e-51	0.000306118300723	0.000235784838682	3.17870560933e-05	1.27257207001e-10	4.5457691225e-31	1.0	0.999775712227	0.999834443181	0.999976423788	0.999999999936	1.0
MA0040.1.Foxq1	0.999999999431	0.935919866308	0.994431860342	0.943342982261	0.997574308879	0.999688721964	1.21286363484e-09	0.135613409193	0.0170304709877	0.0874417559091	0.00598917191835	0.000662400498918
MA0041.1.Foxd3	0.999999999842	0.3417325753	0.946673300806	0.943757407912	0.999817912692	0.999998838749	1.53282795798e-12	0.772086722386	0.101441906448	0.0836796989549	0.000413663095619	2.66150895576e-06
MA0042.1.FOXI1	0.999997963227	0.676373639194	0.946673300806	0.561121482946	0.975355002186	0.999720777508	3.37709780045e-06	0.455011524998	0.101441906448	0.537366008179	0.0414039188718	0.000569314356543
MA0043.1.HLF	0.925226875303	0.216681561798	0.769996001068	0.909643813551	0.757937299206	0.997185604387	0.10005837646	0.903466927618	0.387255169114	0.155005700686	0.34593884208	0.00944912944417
MA0046.1.HNF1A	0.999605781929	0.778251722201	0.766530056551	0.955660666707	0.938752245202	0.977071188742	0.000685837966538	0.402899236373	0.438300268992	0.0825513935075	0.112943037858	0.0444720550782
MA0047.2.Foxa2	0.999999998783	0.804359921778	0.96020573656	0.964834151502	0.978371788599	0.999915102937	2.37806668828e-09	0.296793524073	0.0762568486916	0.0566570177343	0.035840430656	0.000172739952237
MA0048.1.NHLH1	0.00172589132899	0.010047188756	0.778877903038	0.119821337789	0.0256017229587	0.0165180460687	0.998597972651	0.99397383877	0.290782770454	0.907297297103	0.980946429852	0.987907417922
MA0050.2.IRF1	0.999947107031	0.730272837399	0.999894718463	0.827142789492	0.886334659416	0.985986881153	7.02564176434e-05	0.35411594206	0.000237625515275	0.214700422298	0.142194977338	0.0196966861834
MA0051.1.IRF2	0.981454378793	0.829458270674	0.864696424513	0.167401533741	0.98166300789	0.94723588133	0.0239672733168	0.271004817629	0.23040911256	0.884533793941	0.0299600264995	0.08037054321
MA0052.2.MEF2A	0.999919054423	0.913197143738	0.886721405522	0.9987226512	0.644362712697	0.877168768926	0.000125379565476	0.15748770203	0.209633612223	0.00265468605854	0.448990814982	0.167698729726
MA0056.1.MZF1_1-4	1.73181463459e-24	0.00142519974913	0.0193409412951	0.00222595496932	8.38492678859e-09	2.29963600962e-18	0.999999999904	0.998980865704	0.985393617296	0.998286026934	0.999999994398	1.0
MA0057.1.MZF1_5-13	3.51854412255e-07	0.533846720542	0.0102804193615	0.720361696422	2.43847747946e-06	0.00114662133773	0.999999733301	0.52728245236	0.993640999238	0.322005180874	0.999998506318	0.999207526948
MA0058.2.MAX	0.759902781035	0.618409596158	0.753292562026	0.188399670352	0.903359621993	0.448493499306	0.273425879484	0.519065228525	0.364716188101	0.868264896087	0.136390824209	0.626305832868
MA0059.1.MYC::MAX	0.187561426496	0.276324418323	0.854934316227	0.52685832864	0.583355938293	0.0891077442771	0.841177584282	0.818642340933	0.254024063031	0.565992911023	0.499995233732	0.942871370499
MA0060.2.NFYA	0.949245152063	0.926211744639	0.856286509507	0.946897288047	0.562518839527	0.950464678045	0.0604745311096	0.115975983502	0.217385394078	0.0783769449072	0.496612431978	0.0739407969268
MA0062.2.GABPA	0.0251521771978	0.901042560273	0.420185986221	0.0231945313069	0.34971806756	0.555591354437	0.977848203762	0.129943173703	0.653057847487	0.982709600774	0.68371429809	0.493255080305
MA0063.1.Nkx2-5	0.957968401983	0.766601331925	0.101068180598	0.908000444381	0.96980833059	0.959293084914	0.0593310654736	0.463188689656	0.962803227085	0.16547199274	0.0612477548143	0.0824994300049
MA0065.2.PPARG::RXRA	0.00278911068087	0.153614927522	0.144708374008	0.245787791563	0.0826274498971	0.0154472791424	0.997686242763	0.881604809282	0.892339665068	0.799450852668	0.933828753518	0.98861146837
MA0066.1.PPARG	0.286798898373	0.228864431017	0.831131972214	0.675744792107	0.103569257776	0.129566695649	0.759669905122	0.86740355675	0.292405616653	0.472725333907	0.942395518803	0.915656378826
MA0067.1.Pax2	0.0528822250355	0.0932099415108	0.811264790658	0.633463011686	0.0562165320423	0.356977328512	0.956397166599	0.944324352033	0.275584730223	0.447814223094	0.960691639963	0.713499411182
MA0068.1.Pax4	0.213294527116	0.663432835532	0.698735024914	0.498820506684	0.0784843924011	0.267386838176	0.823050631032	0.465314985668	0.450413839435	0.626964166734	0.954152396285	0.811316933435
MA0069.1.Pax6	0.963764026681	0.871921305906	0.24066658905	0.961723695015	0.882341549107	0.631652753172	0.0527529239517	0.325314676705	0.921985337303	0.0829798911486	0.199465152313	0.492428828402
MA0070.1.PBX1	0.999999992875	0.836292704977	0.999996168971	0.924336854037	0.971784056651	0.999919478092	1.75766172962e-08	0.318483249056	4.0572843372e-05	0.144252160958	0.0541497043472	0.000283542196979
MA0071.1.RORA_1	0.984916818438	0.0983194561411	0.790366387776	0.875526164653	0.880176571596	0.911376882792	0.0202826893243	0.951434796412	0.344138119418	0.189705373244	0.17607038498	0.129931302702
MA0072.1.RORA_2	0.994943576137	0.71124066774	0.983748890418	0.546375237203	0.788316690866	0.973025416316	0.00769324460233	0.452743625971	0.0545007570683	0.582041069061	0.313210544254	0.0504999164591
MA0073.1.RREB1	1.90205174588e-17	0.0665744614034	0.0730522959412	0.0134626199937	1.71368650401e-06	2.08769297589e-11	0.999999999962	0.949384014582	0.945188154079	0.990361370073	0.999998957022	1.0
MA0074.1.RXRA::VDR	0.00157383982339	0.0233887329052	0.548554236793	0.193591796251	0.465733448025	0.00145146243464	0.998975667154	0.990600109983	0.60294382679	0.884924705817	0.624804908226	0.999392112864
MA0075.1.Prrx2	1.0	1.0	1.0	1.0	1.0	1.0	1.0	1.0	1.0	1.0	1.0	1.0
MA0076.2.ELK4	0.896621653039	0.447085506202	0.805164686187	0.449742395262	0.936798755079	0.899050890659	0.112276611949	0.608414253741	0.244929341282	0.592481007195	0.0746050836008	0.12016228827
MA0077.1.SOX9	0.999996115362	0.893598511092	0.844155912744	0.65224694832	0.999578806083	0.981576193504	5.99534432629e-06	0.169700326524	0.237328770556	0.427076527789	0.000881070474143	0.0276526816644
MA0078.1.Sox17	0.999963556424	0.738290188027	0.602853612121	0.810952433612	0.992430260183	0.997310472878	5.83904091901e-05	0.371770087443	0.558461408523	0.268341317343	0.0139918444355	0.00525996747618
MA0079.3.SP1	7.43755570398e-79	4.55596141338e-07	4.67930858224e-06	1.69754733829e-07	2.73836118368e-24	2.11279787656e-31	1.0	0.999999676138	0.999996717701	0.999999874852	1.0	1.0
MA0080.3.Spi1	0.999919196098	0.863096493029	0.946881599902	0.98570657085	0.617332659036	0.968797781489	9.65739795343e-05	0.169285966181	0.0710476461265	0.0184307057021	0.415987020447	0.0378605278707
MA0081.1.SPIB	0.999996901633	0.973006213335	0.734413643357	0.992842298835	0.937052356283	0.900410246197	4.10421662407e-06	0.0424282867737	0.341960082903	0.010184105146	0.0790723175297	0.120233087886
MA0083.2.SRF	0.997182929204	0.758130665163	0.892490423306	0.979301243541	0.757078436284	0.93635992366	0.00404660255991	0.342336986346	0.19177248812	0.0377587276526	0.331151742232	0.101070543091
MA0084.1.SRY	0.999999999991	0.999566977024	0.904611973409	0.979608477741	0.995411133751	0.999999307752	5.68649433974e-14	0.00136330580849	0.161830327092	0.0322352205518	0.00828223983783	1.64330151368e-06
MA0087.1.Sox5	0.999999999912	0.982058688574	0.955113166224	0.895603199338	0.999997632132	0.99999638723	1.6820309769e-13	0.0381116337476	0.0830284404936	0.147157104983	6.78183388556e-06	8.44374435159e-06
MA0088.1.znf143	0.0328167593468	0.145820745386	0.734413643357	0.489550006499	0.20369985012	0.0783240932701	0.972408363813	0.902537034783	0.341960082903	0.578918875846	0.834826730831	0.941998300743
MA0089.1.NFE2L1::MafG	0.999999825365	0.936969724101	0.11222246663	0.558154870361	0.991454086777	0.999889772258	2.53571607178e-07	0.0964782785217	0.931664182049	0.51044999349	0.0124690445028	0.000183437254252
MA0090.1.TEAD1	0.994901702289	0.407016329219	0.998881637573	0.51286946469	0.780020152206	0.995996575324	0.00640610057486	0.672191187582	0.00254194945529	0.558077960086	0.270039423373	0.0065974757746
MA0091.1.TAL1::TCF3	0.921172170084	0.350488515019	0.779304186379	0.171475465132	0.889611015682	0.936051839751	0.0966381971561	0.77124591209	0.350501684857	0.883151550888	0.162055901618	0.0952431322366
MA0092.1.Hand1::Tcfe2a	0.981045194	0.0922594002896	0.862314625676	0.998557655069	0.880438308839	0.502977209319	0.0236166871069	0.945528540893	0.211776250307	0.00271583229251	0.160130024557	0.566470336256
MA0093.2.USF1	0.417621029179	0.362042313132	0.70852023534	0.400128087117	0.679350378602	0.125787503568	0.61648626979	0.721703436174	0.41102036837	0.677208364708	0.38220120508	0.906357521173
MA0095.2.YY1	0.965175919077	0.999817626761	0.584207519808	0.3785388393	0.666167822551	0.999049207142	0.0415349728971	0.000435151999669	0.533892449742	0.685673076794	0.387033475337	0.0018733184935
MA0098.2.Ets1	0.999999890845	0.1278519732	0.989386282843	0.99949505394	0.991399143808	0.973360576108	1.3436436013e-07	0.895226984866	0.0148991053724	0.000680826095518	0.0105312135468	0.0315887298002
MA0099.2.JUN::FOS	1.0	0.232477181626	0.914226418957	0.999976261716	0.999999998231	0.999999999388	3.7301441498e-33	0.816214853292	0.120708941043	3.70002741186e-05	3.40281570706e-09	1.0350628974e-09
MA0100.2.Myb	0.999667155854	0.422452570871	0.948188545275	0.911478427307	0.995121309627	0.802838611321	0.000467009893009	0.685037872569	0.0953880265828	0.129409958152	0.00804503826166	0.249228463779
MA0101.1.REL	2.11018655115e-59	2.15337950862e-08	0.000307511183003	1.04166281714e-17	1.32128093789e-09	2.28872044648e-35	1.0	0.999999992191	0.999858484595	1.0	0.999999999332	1.0
MA0102.3.CEBPA	0.991461383194	0.228216444913	0.214634378781	0.652572860498	0.999197540588	0.971134491227	0.0120055075217	0.873892485814	0.898931819402	0.452460490928	0.00188412532217	0.0504094674977
MA0103.2.ZEB1	6.56820396878e-08	0.00461226254845	0.00178540249791	0.151616378527	0.000191752654356	0.0382572208312	0.999999961091	0.998235902696	0.999507357276	0.891560779121	0.999906128089	0.974837465087
MA0104.3.Mycn	0.091412858198	0.217538401174	0.103263403283	0.385572988969	0.816250338786	0.0799310675019	0.923116521944	0.853317082482	0.944583366522	0.692589914117	0.233343090348	0.94486965863
MA0105.3.NFKB1	1.90719947787e-54	5.9525328297e-09	0.033962952816	2.48603823319e-14	1.50141222366e-15	6.04540508804e-31	1.0	0.999999997809	0.97680436089	0.999999999991	1.0	1.0
MA0106.2.TP53	0.318994258375	0.607903479918	0.926455267151	0.323505246718	0.36507188516	0.375830960209	0.729237739803	0.553590465113	0.145065683777	0.779016194579	0.732687717191	0.728543308622
MA0107.1.RELA	1.67478868753e-88	1.37553280112e-13	2.92562364425e-07	2.68613809615e-23	2.22631830463e-17	2.56034229753e-44	1.0	0.999999999986	0.99999990021	0.999999999977	1.0	1.0
MA0108.2.TBP	0.741626751678	0.106112562749	0.844969721884	0.885717545731	0.516079220544	0.570539802487	0.305533098964	0.943234706025	0.281908882571	0.18832472048	0.607680784475	0.536128913875
MA0109.1.Hltf	0.999999634877	0.881370550189	0.926716628181	0.997385089193	0.986393238157	0.981406489191	7.85665526944e-07	0.246350011218	0.206654564805	0.00666129335922	0.0287758707124	0.0347242256748
MA0111.1.Spz1	0.0771515669155	0.498519099452	0.17088202271	0.383859456566	0.419802926981	0.170712585871	0.937102839868	0.620126216801	0.90669604858	0.704365746645	0.654294293639	0.879435824944
MA0112.2.ESR1	2.3565669592e-05	0.000353490817001	0.240152033689	0.0992652540513	0.208950754388	0.000899465868489	0.999984001392	0.999870029809	0.830309938164	0.934207573685	0.838510612044	0.999496499755
MA0113.2.NR3C1	0.719384720751	0.480934771451	0.994370343483	0.861130145592	0.514258467863	0.0675189979791	0.318629805887	0.653964354244	0.0146869552577	0.200924297606	0.568650632226	0.955112111131
MA0114.2.HNF4A	0.0388040300573	0.0966113032943	0.67712213195	0.539252592368	0.0508171976563	0.113910008345	0.967655918335	0.939461089659	0.420956600076	0.53199434802	0.964467669561	0.914113798231
MA0115.1.NR1H2::RXRA	0.942507442717	0.364897912996	0.214634378781	0.972991180136	0.360157808908	0.931528025706	0.0728240358745	0.771783555086	0.898931819402	0.0478150930273	0.726606146915	0.104253985771
MA0116.1.Zfp423	7.65960303635e-08	0.0970679914412	0.00532858757631	0.0657041433652	0.00522927571286	0.000403074692756	0.999999952963	0.938688647128	0.99774072736	0.957429623264	0.996883977184	0.999786034185
MA0117.1.Mafb	0.999370445688	0.885605273774	0.694157762275	0.708271443803	0.999762563685	0.708014400198	0.000827670932788	0.164761673478	0.415792480187	0.356436025106	0.000404897708463	0.34826740507
MA0119.1.TLX1::NFIC	0.573280620226	0.0695796697567	0.407729552768	0.0215340887597	0.996939501106	0.615511217087	0.458968007151	0.961092092804	0.689717166694	0.986383116608	0.00492028484914	0.445861861744
MA0122.1.Nkx3-2	0.927788588078	0.129609462426	0.867630367765	0.577429308518	0.996533380819	0.28314027862	0.0905218858234	0.93513692433	0.242990581108	0.547762487003	0.00643445527117	0.788488945361
MA0124.1.NKX3-1	0.999999612517	0.4083233009	0.981445632882	0.652572860498	0.999446911934	0.999948425025	8.09154119708e-07	0.797118842171	0.0732833718186	0.452460490928	0.00180145845245	0.000154897706264
MA0125.1.Nobox	0.959914250817	0.855363013122	0.766530056551	0.855747839036	0.933451082686	0.657579180207	0.0587095323633	0.409645338676	0.438300268992	0.246375748353	0.127761974572	0.473997997679
MA0130.1.ZNF354C	1.0	1.0	1.0	1.0	1.0	1.0	1.0	1.0	1.0	1.0	1.0	1.0
MA0131.1.HINFP	0.000785006537077	0.660101823192	0.082853892135	0.246475365022	0.0198872245133	0.316050784824	0.999542986776	0.523571425311	0.979530990542	0.837172800037	0.990114568501	0.805461578732
MA0132.1.Pdx1	1.0	1.0	1.0	1.0	1.0	1.0	1.0	1.0	1.0	1.0	1.0	1.0
MA0133.1.BRCA1	0.989171151255	0.871921305906	0.860031031685	0.612311228504	0.503959186777	0.993336532872	0.0165700480155	0.325314676705	0.341996627647	0.521393308864	0.630746680149	0.0156718822688
MA0135.1.Lhx3	0.820080506725	0.518072001105	0.269034065675	0.755188769917	0.461637476361	0.563771975962	0.230874716036	0.701425399296	0.939614924437	0.391438636762	0.690213754038	0.552067466658
MA0136.1.ELF5	1.0	0.425935761637	0.945933683838	0.997789901322	0.99992315923	0.999986490667	1.1355820582e-13	0.645408345156	0.081385174049	0.00330612320649	0.000121553196385	2.18853272287e-05
MA0137.3.STAT1	0.925218736045	0.165875911477	0.689349287432	0.695211554575	0.985298125001	0.516026391816	0.0853765107941	0.881467010417	0.395239174714	0.362253615258	0.0208783169947	0.539004784979
MA0138.2.REST	4.20688617848e-06	0.0101818560797	0.680023992147	0.00162388848278	0.104666751777	0.00160144724782	0.999997273653	0.994990540425	0.420121258417	0.999255672872	0.923495142796	0.999129808378
MA0139.1.CTCF	1.63596336611e-12	0.00280903523748	0.00503541901065	0.0277356541065	0.00101715956943	7.6564637916e-09	0.999999999947	0.998355225261	0.997110232552	0.980725582358	0.999336545911	0.999999996094
MA0140.2.TAL1::GATA1	0.997543386251	0.979123997167	0.216347072974	0.946453316084	0.972981058196	0.800490857089	0.00381950291822	0.0670068429726	0.917146107861	0.0955146048966	0.0507587249918	0.281501360899
MA0141.2.Esrrb	0.936621139451	0.519879820963	0.664955009149	0.936863465223	0.707370636978	0.593662002369	0.0756085441243	0.589300591229	0.454277459269	0.0909742854854	0.36057368177	0.475359097158
MA0142.1.Pou5f1::Sox2	0.999998479419	0.911785345205	0.971619939952	0.994414249508	0.980113078059	0.942215474302	2.79201222838e-06	0.167279863267	0.0630789946884	0.0115679365511	0.0400040165404	0.0886231172009
MA0143.3.Sox2	0.99154563728	0.995878942823	0.260044630514	0.241941081719	0.405749112387	0.993440958811	0.010442991636	0.00809159440092	0.815706200748	0.812865771509	0.656935462349	0.00994178562639
MA0144.2.STAT3	0.999472334759	0.116429579923	0.748302007837	0.993791937246	0.992781062511	0.754544400027	0.000660510215016	0.918059537533	0.322086451111	0.00931504046552	0.0101225806992	0.284918959395
MA0145.2.Tcfcp2l1	1.50164120656e-09	0.00602616119865	0.0114389694364	0.0215473563169	0.0105366996145	1.25639497699e-05	0.999999999007	0.996500132456	0.993833637716	0.98509544062	0.992592424322	0.999992898868
MA0146.2.Zfx	8.93346426802e-26	0.188865458134	0.00747544857872	6.61849270538e-05	4.30031903019e-06	1.91384872635e-17	1.0	0.846022288682	0.994948176183	0.999958339838	0.999997058257	1.0
MA0147.2.Myc	0.0989521756631	0.226466869709	0.103148809788	0.572804713429	0.695752834316	0.0107121989154	0.917417943567	0.857940336077	0.947976807383	0.513434924912	0.378728672895	0.993446271916
MA0148.3.FOXA1	0.999998919672	0.555921039486	0.961085840851	0.994742023243	0.878523075376	0.998213068634	1.79568181239e-06	0.58447086525	0.0722918710595	0.00993088199247	0.174372840067	0.00325382432047
MA0149.1.EWSR1-FLI1	0.0033216452986	0.163595725616	0.849556892212	0.52952686692	0.0212693887471	0.000847569671067	0.997094562837	0.864600894974	0.183910280511	0.511741685669	0.982702995423	0.999374612063
MA0150.2.Nfe2l2	1.0	0.740655373545	0.98894315643	0.999618410112	0.99161117671	0.973539594438	4.18652302334e-12	0.338405770145	0.0216406564451	0.000664205810271	0.0125207241831	0.0344424736137
MA0151.1.ARID3A	0.999963013594	0.437921378552	0.649498315145	0.923470728945	0.990933875226	0.998315838831	6.41396397096e-05	0.708125552555	0.502999183957	0.137221759681	0.0186670213882	0.00373487481857
MA0152.1.NFATC2	0.999825594547	0.477296192802	0.788223749687	0.995028102687	0.970206515078	0.744785582179	0.000243312201703	0.620177065012	0.30584223772	0.00855560744665	0.0456279214988	0.308607687387
MA0153.1.HNF1B	0.979932906805	0.488565922769	0.766530056551	0.428090385854	0.95432798791	0.862201822472	0.0296413302919	0.700776533773	0.438300268992	0.720687822311	0.0918994450276	0.21244414232
MA0154.2.EBF1	3.78273857222e-20	0.00187794703566	0.000995163565087	0.00472209464156	7.46148241857e-09	8.01561627758e-10	1.0	0.998902239381	0.999459442618	0.996794327442	0.999999996236	0.999999999575
MA0155.1.INSM1	3.31833027809e-14	7.57249694887e-06	0.0217759328633	0.0175287477728	0.000213962389612	6.1243553207e-06	0.999999999937	0.999996085379	0.985812081072	0.987474487503	0.999858009853	0.999996331383
MA0156.1.FEV	1.0	0.696063741899	0.948604779924	0.99933274086	0.999774178343	0.999570920334	1.87276447778e-12	0.362793417432	0.0743436995852	0.000975819829278	0.000327896688095	0.000606564072663
MA0157.1.FOXO3	0.999999991514	0.992409967861	0.868705214797	0.979613367642	0.962289296781	0.998866847832	1.41799441352e-08	0.0166339125307	0.205732668865	0.0315095850848	0.0568376617462	0.00192178037273
MA0158.1.HOXA5	0.999223147647	0.67468532329	0.945499242929	0.94518044035	0.969082937732	0.776101220142	0.00137211144788	0.583462369765	0.143310639845	0.111140222678	0.0665489173146	0.316256446621
MA0159.1.RXR::RAR_DR5	0.00103993382753	0.0118942508381	0.216605435531	0.0479550284067	0.474650572081	0.0110342061305	0.999261342769	0.994833207085	0.862178884924	0.971220318273	0.604974814463	0.993381293631
MA0160.1.NR4A2	0.906316432586	0.461561650586	0.65586188058	0.631381840211	0.764422742385	0.876751365836	0.111654826531	0.644075313206	0.504689734975	0.446813116169	0.304999571054	0.16967570231
MA0161.1.NFIC	1.0	1.0	1.0	1.0	1.0	1.0	1.0	1.0	1.0	1.0	1.0	1.0
MA0162.2.EGR1	2.46213782513e-67	0.00019596071972	7.87848779536e-06	4.68957122841e-08	2.95184589614e-27	1.88503866702e-24	1.0	0.9998543129	0.99999476802	0.999999968258	1.0	0.999999999995
MA0163.1.PLAG1	6.8670928957e-35	0.00373752057529	0.00126328085937	0.0146512331642	1.0656101089e-11	1.33011969014e-22	1.0	0.997397040221	0.999199843877	0.988890166981	1.0	1.0
MA0164.1.Nr2e3	0.978500570538	0.681516750932	0.4670290408	0.949722332274	0.956005625958	0.461070378375	0.0321004067595	0.511434077219	0.865296616962	0.101048624195	0.0856594162503	0.656660344863
MA0258.2.ESR2	0.000436444463456	0.0179560001203	0.094898891293	0.0757351375902	0.00748715049258	0.197366645013	0.999687762601	0.990898330004	0.948342953702	0.951033913202	0.995555840783	0.848055594184
MA0259.1.HIF1A::ARNT	0.0578219649837	0.16778592288	0.000715563735525	0.228766630926	0.968417578594	0.795195441359	0.957022187269	0.917897244969	0.999907471663	0.86317958767	0.0517563080845	0.335966228955
MA0442.1.SOX10	0.998988514179	0.906731950345	0.593251265925	0.793451370803	0.899015303939	0.986776981513	0.00121905605307	0.125279976675	0.474531906385	0.244714628978	0.122139716063	0.017490497779
MA0461.1.Atoh1	0.6300187504	0.0569639306411	0.741598765306	0.695142527445	0.902458344712	0.196609775676	0.393299030569	0.960820050319	0.326668570862	0.353573774143	0.120003540591	0.834667550398
MA0462.1.BATF::JUN	0.999999999948	0.602951387472	0.997204910349	0.99999867999	1.0	0.999999999473	2.00588900846e-40	0.473672222391	0.00533673819659	2.33799603061e-06	3.76794991669e-13	9.61059022682e-10
MA0463.1.Bcl6	0.985281608546	0.425226913989	0.87263922375	0.987669974505	0.892451648039	0.778581102545	0.017851348792	0.668418792724	0.178539522154	0.0187512740373	0.139212037824	0.27017726245
MA0464.1.Bhlhe40	0.144366165498	0.482827548137	0.316805448954	0.253202745109	0.613239376477	0.0706307952	0.876974474524	0.630195809583	0.800122875384	0.814154692235	0.458292488373	0.951859054784
MA0465.1.CDX2	0.999999886417	0.623669039835	0.828636631155	0.998500665147	0.999946765813	0.870304072905	2.37396973539e-07	0.544438824953	0.35951937455	0.00389037728269	0.000179432128778	0.184395153267
MA0466.1.CEBPB	0.960204912832	0.692733361423	0.307234328546	0.280255953809	0.986529727701	0.93694615522	0.0531531962526	0.466114578217	0.841913668393	0.810930238431	0.0276279005841	0.103692035112
MA0467.1.Crx	0.80368480992	0.623669039835	0.307234328546	0.912580050734	0.535500376802	0.546252958097	0.235994108684	0.544438824953	0.841913668393	0.144880633519	0.572325521836	0.553701823754
MA0468.1.DUX4	0.999537504279	0.415529134749	0.730769817379	0.955246299755	0.999797402014	0.752928954032	0.000722319474696	0.7145521047	0.445285759036	0.0769554612992	0.000519771619876	0.328171780679
MA0469.1.E2F3	2.00066321066e-31	0.0239807970538	0.0055087252084	0.000557971285109	1.40829698804e-13	5.14367517597e-12	0.999999999983	0.981823417368	0.996242134697	0.999611800168	0.999999999999	0.999999999977
MA0470.1.E2F4	1.89042040357e-35	0.218930531619	0.00703545988372	1.10648771425e-05	9.49431874205e-15	2.11010007566e-13	1.0	0.81341966608	0.995209776306	0.999993150658	1.0	0.999999999998
MA0471.1.E2F6	3.66780491792e-20	0.0167868257869	0.0792318772529	0.00254742114233	1.8154249707e-06	1.18156196396e-09	0.99999999989	0.987245768041	0.937196929869	0.998089595118	0.999998722845	0.999999999283
MA0472.1.EGR2	3.07010795333e-32	2.31890284274e-06	0.0138917603241	0.00138285591423	7.01034717958e-11	5.30165065839e-13	0.999999999954	0.999998613628	0.989831671696	0.999009553434	0.999999999941	1.0
MA0473.1.ELF1	0.999999737063	0.347047149224	0.837886290382	0.997384290979	0.976615674261	0.999460225058	3.30069678842e-07	0.700611511735	0.204647069929	0.0035104578302	0.028362962171	0.000732732789799
MA0474.1.Erg	0.999999992422	0.211056263562	0.905465510377	0.99634022378	0.999610453335	0.971769758597	9.19538881799e-09	0.819236125441	0.117270948584	0.00465860140437	0.000500222513352	0.0329734001064
MA0475.1.FLI1	0.999999808691	0.68171316059	0.9935198162	0.937371238621	0.973486287993	0.99734006953	2.34078726721e-07	0.360991212018	0.00936234952139	0.0738775154474	0.0314042426274	0.00335136223271
MA0476.1.FOS	0.999999999983	0.849831020828	0.998661885283	0.999999727395	0.999999999965	0.999999998038	3.99801854569e-42	0.191873798789	0.00241897991879	4.68596467297e-07	1.22367385748e-10	3.25742822096e-09
MA0477.1.FOSL1	0.999999999993	0.746386672089	0.981992032237	0.99999900104	0.999999998044	0.999999927163	3.2006117221e-35	0.309908783277	0.0282161321761	1.68846138076e-06	3.818473182e-09	1.14268420921e-07
MA0478.1.FOSL2	1.0	0.74541593363	0.99657382985	0.999999876878	0.999999998231	0.999999999941	5.45200823206e-42	0.308919946616	0.00590711669605	2.15046108215e-07	3.40281570706e-09	4.49959897905e-11
MA0479.1.FOXH1	0.999949115582	0.942613531051	0.939195359671	0.813209740727	0.995959641464	0.966153643906	8.27518014959e-05	0.112506436529	0.139113613707	0.259306828969	0.00803941969475	0.0557100599104
MA0480.1.Foxo1	0.999999999941	0.99813901266	0.985685313264	0.956277514756	0.99831903916	0.999346000967	5.80819557078e-11	0.00442443497997	0.0266056802763	0.0610407501111	0.0028296897606	0.00106561310198
MA0481.1.FOXP1	0.999999999952	0.949478407146	0.993662017941	0.909098201717	0.998102142592	0.995303778727	1.62803732504e-10	0.0804078274161	0.0124792222043	0.118713362242	0.00305475052957	0.00669740530402
MA0482.1.Gata4	0.999999770132	0.999961809194	0.926455267151	0.870763395498	0.997241107568	0.991202126048	4.05543206709e-07	0.000271434738278	0.145065683777	0.180149643179	0.005514154952	0.0150696264773
MA0483.1.Gfi1b	0.991055308225	0.947570839819	0.0736912026957	0.946072310318	0.62771293944	0.989735877711	0.0113530035609	0.0883939609699	0.962147626899	0.0788269033578	0.44072536885	0.016480687276
MA0484.1.HNF4G	0.015553664893	0.0414261635124	0.510438630281	0.527383288856	0.12215759572	0.0766244897227	0.987486824492	0.977722134104	0.592270447223	0.547539036513	0.908169466737	0.94472858779
MA0485.1.Hoxc9	0.999953463544	0.111435272074	0.945499242929	0.779476994679	0.98676473553	0.996227598277	7.61367839341e-05	0.953826560209	0.143310639845	0.309512239595	0.0230922188947	0.00714433469189
MA0486.1.HSF1	0.374923824222	0.475460955196	0.401508338707	0.406631684021	0.358810697916	0.505876712273	0.6575871968	0.634973178802	0.699756169152	0.668354336613	0.702642299645	0.560897237491
MA0488.1.JUN	0.999999978364	0.66930806125	0.993662017941	0.996684928599	0.98220740614	0.999878550152	3.36004483027e-08	0.41805585501	0.0124792222043	0.00548264943484	0.0260922096561	0.00022774373629
MA0489.1.JUN.var.2	1.0	0.897249476192	0.998661885283	0.999999845532	0.999999999983	0.999999999868	6.1522874109e-45	0.137340282876	0.00241897991879	2.6975525779e-07	2.32540891896e-12	2.51555328658e-10
MA0490.1.JUNB	0.999999999886	0.831996722945	0.95372123814	0.999999367377	0.999999999899	0.999999999994	2.07749288178e-42	0.21274548612	0.0672832906803	1.05597463635e-06	3.22732480143e-10	1.19681247788e-11
MA0491.1.JUND	0.9999999999	0.764978191196	0.999513792813	0.999999364521	1.0	0.999999997185	7.13391816768e-41	0.288779481774	0.000921226886234	1.07517343846e-06	1.35749136871e-11	4.64123261896e-09
MA0492.1.JUND.var.2	0.999999993169	0.464826672975	0.987280394185	0.999879324138	0.972687870488	0.999984856164	1.1004067252e-08	0.629304216416	0.0248520207986	0.000241872773533	0.0402166348162	3.34004215436e-05
MA0493.1.Klf1	3.68894422069e-20	0.205986237369	0.000431763384778	0.00893100399066	0.00293697439402	3.42394214666e-17	0.999999999953	0.827654399456	0.999736082785	0.993194103854	0.997671298404	1.0
MA0494.1.Nr1h3::Rxra	0.00208455734888	0.0453605999275	0.913364820486	0.340259907362	0.0942735059592	5.77985884997e-05	0.998624757966	0.981049785467	0.182050514408	0.757385468717	0.943817413201	0.99997697568
MA0495.1.MAFF	0.999933440744	0.580024424676	0.672650038578	0.999697798362	0.99949792762	0.32369740622	0.000110632242753	0.570004567685	0.508789650061	0.000887257395143	0.00122803288396	0.748452825086
MA0496.1.MAFK	0.999969146057	0.544988474979	0.844969721884	0.98643874222	0.998099225886	0.770211021847	5.08843833896e-05	0.591125644991	0.281908882571	0.0265803732477	0.00413433013252	0.297230276875
MA0497.1.MEF2C	0.999999987791	0.860732552132	0.965725668935	0.999278109443	0.993242692967	0.987858723719	2.15366471645e-08	0.219398777897	0.0717744353651	0.00145510566243	0.0121482689667	0.0194233070724
MA0498.1.Meis1	0.98703658906	0.87111152448	0.921807470581	0.732626537433	0.650252903675	0.856516295731	0.0165655827768	0.207684492938	0.131294785203	0.348954883662	0.421309474428	0.189104870864
MA0499.1.Myod1	0.0296588428763	0.265514650225	0.360969302399	0.0883752980385	0.208560005034	0.101869346498	0.974385357372	0.793386848348	0.712078836644	0.93259749856	0.825911483587	0.918368076621
MA0500.1.Myog	0.0830301402516	0.446634148077	0.493639489189	0.360501535639	0.393274028454	0.015962398495	0.925706715577	0.623684431425	0.584907928776	0.685986800779	0.651791679911	0.988089726109
MA0501.1.NFE2::MAF	0.999999999952	0.984949425254	0.999152120845	0.999986574834	0.99985434444	0.935166678062	1.71136491996e-16	0.0265645357018	0.00224521211638	2.6548381331e-05	0.000266621122341	0.0814281832311
MA0502.1.NFYB	0.491933597739	0.859816721872	0.673636745866	0.990836725388	0.108047150394	0.477524282647	0.547373941701	0.21397589914	0.453483594426	0.016496570607	0.919934735643	0.611043082891
MA0503.1.Nkx2-5.var.2	0.355225617801	0.892104561733	0.275849906956	0.608010772439	0.355070279906	0.202496986832	0.680986072264	0.183259949613	0.817357902129	0.486494298321	0.711163450157	0.846550232157
MA0504.1.NR2C2	4.90038301069e-09	0.0280923270579	0.177330935089	0.0128587572598	0.000823818668959	0.00108928981751	0.999999996426	0.979815260291	0.864840907443	0.991093437105	0.999434840042	0.999278454229
MA0505.1.Nr5a2	0.088547220727	0.146275317443	0.0743356119907	0.33480739212	0.357174561241	0.288169397656	0.92547424394	0.90880018987	0.959813804247	0.739147486318	0.71056790555	0.769013718455
MA0506.1.NRF1	3.27838329455e-18	0.84493402575	0.024917424325	0.0028687913864	2.92750594947e-06	2.48387505355e-08	1.0	0.184731969024	0.982177236653	0.997895409835	0.999997949295	0.999999985804
MA0507.1.POU2F2	0.994651521201	0.287657842957	0.867630367765	0.810294626741	0.609049429597	0.953345526346	0.00753716991645	0.822579804413	0.242990581108	0.272963089802	0.501577055466	0.0717719032673
MA0508.1.PRDM1	0.985542819862	0.841879270307	0.998917384196	0.593232033057	0.597310257669	0.60734697901	0.0169534380292	0.211404659778	0.00212235942935	0.465019962671	0.449940109649	0.439924917207
MA0509.1.Rfx1	0.614207656091	0.468379626526	0.208740284418	0.949891398065	0.624940537611	0.261790033722	0.419451162051	0.639596020398	0.870190557672	0.0734328042881	0.436700030864	0.790533478604
MA0510.1.RFX5	0.00142381152917	0.0309319314323	0.0743572672523	0.671135974425	0.0352182829961	0.0279001295586	0.998894559424	0.982070470695	0.95397213867	0.391783369546	0.975195700929	0.980372858153
MA0511.1.RUNX2	0.611598740666	0.347358694658	0.268571321868	0.356619748025	0.697075288418	0.547303332112	0.422373111909	0.74397365826	0.825787413075	0.718732547125	0.362396922028	0.519338345709
MA0512.1.Rxra	0.606921430144	0.118987391748	0.882160477526	0.911324510681	0.631174923193	0.0267488698269	0.42345438842	0.924955556999	0.178766276592	0.118118326843	0.431179483401	0.980831231379
MA0513.1.SMAD2::SMAD3::SMAD4	0.0849363585783	0.55445073153	0.544808111964	0.153792347493	0.397009474301	0.00934971870621	0.926769038439	0.532933884126	0.549101326859	0.886561033032	0.666655153024	0.993763970561
MA0514.1.Sox3	0.996519485095	0.500756972894	0.952244496579	0.621775098976	0.870495285261	0.973908541543	0.00420898036898	0.578272714521	0.0700641469566	0.436163620423	0.157815897098	0.034691569073
MA0515.1.Sox6	0.999999979367	0.852259580459	0.986277650369	0.934986830906	0.999260748106	0.999427481968	3.08344540418e-08	0.20543009791	0.0227986293086	0.0881436394644	0.00121687751469	0.000937111135109
MA0516.1.SP2	5.40583330131e-81	2.94932812454e-05	2.20523961826e-07	8.65418343507e-09	1.42581868995e-25	5.85456676579e-29	1.0	0.999978201417	0.999999854924	0.99999999395	1.0	1.0
MA0517.1.STAT2::STAT1	0.954112079071	0.816378158654	0.930386138464	0.985096985348	0.686460123022	0.240099752524	0.0530044635018	0.251566616329	0.105006758749	0.0213716269653	0.363387096589	0.799642794152
MA0518.1.Stat4	0.995511694846	0.119973092097	0.752287035089	0.961776760323	0.991507125823	0.632099144292	0.0055481273029	0.920518905224	0.330464371852	0.0536090486075	0.01252515067	0.420542265814
MA0519.1.Stat5a::Stat5b	0.704654670413	0.307387130837	0.282724720242	0.643701601864	0.864549625795	0.790740132158	0.32075310228	0.766609798465	0.790164652018	0.414697478146	0.16905513727	0.254217611859
MA0520.1.Stat6	0.995675336953	0.775825430083	0.996454967931	0.710100039286	0.938262277652	0.519816645845	0.0057350781645	0.336567164447	0.00987526529926	0.360498535193	0.0919840095177	0.548987201794
MA0521.1.Tcf12	0.249331992251	0.534309168727	0.600136135943	0.519372915557	0.625383613451	0.0105727190122	0.769674343424	0.539635507371	0.482220823066	0.532514295439	0.422001833159	0.992271411203
MA0522.1.Tcf3	0.0166510756261	0.260441490761	0.498873502265	0.0562921506444	0.108124647123	0.0323149858849	0.985486498783	0.791868835818	0.573690319377	0.956147078329	0.910934277598	0.974475842207
MA0523.1.TCF7L2	0.980686233318	0.446409534875	0.977976795713	0.539388641022	0.601403921745	0.962244352066	0.0251343772522	0.706176450398	0.0460435770668	0.550723303304	0.498536866225	0.0582337619833
MA0524.1.TFAP2C	5.7672021892e-29	5.42525134001e-05	0.00617402241535	4.5079774991e-05	5.72305703424e-07	1.60799500207e-17	1.0	0.999971245074	0.996147920702	0.999973314082	0.999999655511	1.0
MA0525.1.TP63	0.0541548790347	0.101245847276	0.0829529716605	0.0856277215065	0.867702241186	0.0928885641329	0.957571194028	0.948476729672	0.962861202931	0.950871458973	0.186180374936	0.938788534703
MA0526.1.USF2	0.168526857902	0.251712579159	0.546516405579	0.204647454035	0.702772642899	0.0672663234178	0.853211611224	0.822182968144	0.587186942085	0.848383621456	0.358787030969	0.952636781743
MA0527.1.ZBTB33	1.89495852594e-06	0.0798906425756	0.752118017544	0.0124355174819	0.0103764536973	0.0819650845902	0.999998772026	0.949121330891	0.345212577475	0.992736108288	0.993220474758	0.946392057709
MA0528.1.ZNF263	1.47829500621e-23	0.163832063752	0.138900595498	0.0177900183586	1.45754200217e-14	5.87841914882e-14	0.999999999989	0.857461611955	0.882545324133	0.985505458236	1.0	1.0
MA0591.1.Bach1::Mafk	0.999999978911	0.736437345042	0.881962681043	0.99966622705	0.99677253208	0.703251413408	3.04300228257e-08	0.330403418674	0.173715098104	0.000568752777358	0.00477031668691	0.336939273872
MA0592.1.ESRRA	0.902017301407	0.369804190403	0.466107550253	0.85498822516	0.634931925035	0.659384225987	0.114256274417	0.732840167635	0.650205064183	0.195094410483	0.434515906144	0.402564927284
MA0593.1.FOXP2	1.0	0.998281062371	0.935589781207	0.898349738387	0.994654970156	0.999323243337	6.40930038515e-11	0.00442786676603	0.107268778293	0.135717281801	0.00887131879415	0.00108982455938
MA0594.1.Hoxa9	0.99998972024	0.111435272074	0.991812806873	0.561664840896	0.999437151046	0.994592493095	1.82164656438e-05	0.953826560209	0.0326438156466	0.559632602597	0.00129465105168	0.010408304419
MA0595.1.SREBF1	0.674202825103	0.996007380071	0.623013487747	0.208033640064	0.919563617309	0.0900518070971	0.360582286273	0.00919660072952	0.494525793232	0.851845253457	0.108677039673	0.937161737162
MA0596.1.SREBF2	0.660706235318	0.775826666508	0.95008692787	0.175555478822	0.833551915485	0.0641467511106	0.376751393713	0.316246663704	0.0895063317748	0.882029375528	0.220770613628	0.956072468997
MA0597.1.THAP1	0.0103262431076	0.453615817335	0.859685382529	0.247109958228	0.224048294432	0.00024109045168	0.99138045601	0.622856286477	0.187336823423	0.801763299653	0.812380184044	0.999853362556
MA0598.1.EHF	0.999776759559	0.304739131107	0.55650352906	0.957790340838	0.99459042502	0.651100596773	0.000257306300854	0.733821404587	0.494387326578	0.0505688381701	0.00668888122573	0.375858710057
MA0599.1.KLF5	5.86649199286e-64	7.30837646692e-05	0.000119701083104	1.59222266089e-05	2.0687924407e-17	7.26345352302e-35	0.999999999889	0.999946039892	0.999914375772	0.999987987113	1.0	1.0
MA0600.1.RFX2	0.168570245885	0.374748485164	0.381701752985	0.811972860852	0.358810697916	0.169712167847	0.854106641589	0.730563345901	0.731428678132	0.248848541781	0.702642299645	0.874921638418
UP00000_1_Smad3_primary	0.0191315010575	0.441892925778	0.501180605496	0.572822023121	0.0284282900643	0.0272038618622	0.98533296403	0.674200440259	0.634801788811	0.517467704795	0.98327678987	0.983407417018
UP00001_1_E2F2_primary	1.52220336994e-05	0.708429641095	0.205027074655	0.888333920107	0.00122642161001	9.56957197776e-06	0.999989504608	0.365492538384	0.866779003343	0.15339086798	0.999249104726	0.999996100105
UP00002_1_Sp4_primary	2.70341524669e-35	0.00190421622823	0.000628807176977	0.000149365760771	2.28954978204e-11	2.96243627596e-14	1.0	0.998600454893	0.999568504694	0.999893624543	1.0	0.999999999998
UP00003_1_E2F3_primary	4.27698744693e-06	0.845795717657	0.0188393885826	0.562926400524	0.0133879342851	5.77985884997e-05	0.999997178147	0.212576846193	0.991385715713	0.51871696572	0.990954373425	0.99997697568
UP00004_1_Sox14_primary	0.999599915062	0.147696100937	0.959554030998	0.999280831597	0.593944207666	0.973089939427	0.000836649256144	0.978078789215	0.139968968311	0.00296777003814	0.59969174503	0.0593591770289
UP00005_1_Tcfap2a_primary	9.426406898e-22	6.55564345059e-05	0.278587929872	2.32869532213e-05	5.37339819904e-05	4.99737669847e-11	0.999999999914	0.999972116245	0.794879626568	0.999989522749	0.999968763522	1.0
UP00006_1_Zic3_primary	1.84444276082e-25	0.000250587132636	0.0364073746334	0.000138531846144	3.79477664438e-11	2.57612992246e-05	0.999999999889	0.999866723232	0.975419603299	0.999928126341	1.0	0.999986393411
UP00007_1_Egr1_primary	3.30573787731e-38	9.52942084426e-07	0.000796685971056	0.000652844222771	1.89761708093e-13	2.89856516926e-12	0.999999999953	0.999999427997	0.999475572208	0.999532566884	1.0	1.0
UP00008_1_Six6_primary	0.790410426974	0.0102064076131	0.4670290408	0.898423708064	0.565118649811	0.825309373618	0.283602619107	0.999999999986	0.865296616962	0.230224472328	0.640238076785	0.295146355345
UP00008_3_Six6_2267.4	0.903980480527	0.00475145247614	0.744913640621	0.731581490833	0.882130250149	0.94027518433	0.144232276617	0.999999999964	0.699591025777	0.450514195277	0.278896773675	0.129903323818
UP00008_4	0.997537978441	0.104155259993	0.598130353128	0.981029113016	0.99220751459	0.92641533338	0.00503743950196	0.977470235399	0.79883148541	0.0559449039937	0.0365409091389	0.148141494954
UP00009_1_Nr2f2_primary	0.730453287587	0.228754087897	0.161028454214	0.849993999867	0.519657000111	0.930607341306	0.309894844702	0.86485477456	0.923741991947	0.216081280583	0.571778588219	0.108242889964
UP00010_1_Tcfap2b_primary	8.47564117539e-21	0.000437488731594	0.00734374057989	0.00170662991633	6.0552805827e-08	1.95171800517e-08	0.999999999926	0.999778533622	0.996204720107	0.999003208523	0.999999969911	0.999999990956
UP00011_1_Irf6_primary	0.591744357812	0.947236369197	0.747793443164	0.184931969042	0.398722988965	0.929957066754	0.49605219752	0.193824021624	0.52415673489	0.924564002433	0.742529485202	0.169346435465
UP00012_1_Bbx_primary	0.996910239648	0.216681561798	0.658003372349	0.997616553239	0.979606032274	0.8244717336	0.00499644586117	0.903466927618	0.615236788514	0.00587318057218	0.0430511528534	0.268737612129
UP00014_1_Sox17_primary	0.999999995934	0.71124066774	0.730769817379	0.984392617925	0.999965084052	0.999574484856	8.84416931978e-09	0.452743625971	0.445285759036	0.0293733180737	0.000149031568	0.00100017553161
UP00015_1_Ehf_primary	0.997895086538	0.141152385592	0.181281704046	0.753910107127	0.999828478766	0.998705339358	0.00261333972871	0.901148517297	0.884255624216	0.295802316699	0.000269666475433	0.00213281887418
UP00016_1_Sry_primary	0.980220024389	0.101084182295	0.794782321622	0.955253708031	0.143561066682	0.959293084914	0.0326234518312	0.99999999998	0.532970959192	0.100186794131	0.953048364457	0.0824994300049
UP00017_1_Nkx3-1_primary	0.839909572065	0.381340598667	0.577824581874	0.888859777291	0.368190565355	0.57345104336	0.206331032758	0.776207126292	0.730965934318	0.200596209171	0.772766576903	0.545675490564
UP00017_3_Nkx3-1_2923.2	0.903827655431	0.425704386786	0.794782321622	0.700901571354	0.987352061178	0.355674405627	0.13757234271	0.825607053098	0.532970959192	0.452998775513	0.0434515945948	0.763345232082
UP00018_1_Irf4_primary	0.766291344988	0.681516750932	0.835522127524	0.455395749941	0.368691013201	0.987944811151	0.288156869555	0.511434077219	0.31587582071	0.684861585657	0.745178403097	0.032239408355
UP00019_1_Zbtb12_primary	0.994967346478	0.998118791684	0.901094301547	0.924336854037	0.800534847735	0.787737311389	0.00825781909551	0.0183209109909	0.233469943454	0.144252160958	0.308741630026	0.320105693955
UP00020_1_Atf1_primary	0.98654647614	0.775826666508	0.678760719835	0.943342982261	0.652934309702	0.9850882455	0.0172955642159	0.316246663704	0.452941981786	0.0874417559091	0.416392052542	0.0253511519845
UP00021_1_Zfp281_primary	1.1451513361e-45	0.000231059630118	3.06634384107e-05	0.000383654761876	1.93476895832e-16	3.56655566122e-21	0.999999999956	0.999834726376	0.999980578479	0.999719775351	1.0	1.0
UP00022_1_Zfp740_primary	2.27462046967e-16	0.00105678374844	0.057699516343	0.0166297492569	9.40994278481e-05	9.22688390474e-11	1.0	0.999337365509	0.959253959879	0.988488616636	0.999940075417	0.99999999995
UP00023_1_Sox30_primary	0.999999998638	0.842512297946	0.342368970609	0.997138760581	0.999197540588	0.999201249908	2.7423393283e-09	0.257214951284	0.791946282	0.00568671415712	0.00188412532217	0.00152396518804
UP00024_1_Glis2_primary	4.04378847754e-07	0.0469936603188	0.00869690066619	0.270237297937	0.0270996674125	0.000435180894984	0.999999784533	0.976296589703	0.997227926597	0.814543038508	0.984566499427	0.99982715174
UP00025_1_Foxk1_primary	0.99999999836	0.933997460225	0.999665677296	0.496129050384	0.998165297843	0.999829239284	2.9791045612e-09	0.130417673351	0.00123510163185	0.59148692957	0.00359932905251	0.00034142744678
UP00026_1_Zscan4_primary	0.649143806869	0.813180639597	0.488625193221	0.547001224484	0.427450236671	0.606431962512	0.417267941602	0.339898176797	0.709605552661	0.616567829283	0.71312392613	0.524175829749
UP00027_1_Osr1_primary	0.569471448564	0.805739818221	0.730769817379	0.107855203461	0.818612012888	0.213012405397	0.492336051161	0.381431550114	0.445285759036	0.948259055593	0.27941220805	0.855614094199
UP00028_1_Tcfap2e_primary	5.97085564959e-25	5.99273876078e-08	0.00546781797919	0.000299382259076	0.000175676903861	2.86679100293e-12	1.0	0.999999978643	0.997265937752	0.999844584511	0.99989139116	1.0
UP00029_1_Tbp_primary	0.999811012745	0.753649988783	0.901094301547	0.983329357365	0.970224858294	0.671828219329	0.000326695047059	0.421530731696	0.233469943454	0.0357346764851	0.0594509312912	0.417593522535
UP00030_1_Sox11_primary	0.999999607414	0.904783465899	0.996867977792	0.973600775063	0.908732874121	0.997334879553	5.88929469401e-07	0.14814183996	0.00634819931021	0.0391294732777	0.121017824472	0.00422983174461
UP00031_1_Zbtb3_primary	0.145219103591	0.269436654067	0.501180605496	0.291474436691	0.815390034584	0.0257392912134	0.875712452799	0.81851663282	0.634801788811	0.774344371385	0.239462843102	0.983447067062
UP00032_1_Gata3_primary	0.999169662936	0.998996191549	0.97113540677	0.991377704286	0.714566814372	0.570539802487	0.00140592747414	0.0106552069282	0.0837992300306	0.0186596348772	0.423389394557	0.536128913875
UP00033_1_Zfp410_primary	0.0326850387837	0.297172693994	0.456266645905	0.0863683458429	0.244315396256	0.23468052517	0.975168964019	0.836245161073	0.675276648686	0.949609446428	0.82343509838	0.829689376313
UP00034_1_Sox7_primary	0.999999999972	0.864386590796	0.926188756637	0.999922635447	0.999881503195	0.999996329216	2.03872491417e-15	0.24667386606	0.155030278116	0.000198023103306	0.000360993798105	9.98312556102e-06
UP00035_1_Hic1_primary	0.0450689315586	0.228424130172	0.0379730476375	0.224433237712	0.206223871612	0.531684062222	0.965335405197	0.862681518102	0.986781276382	0.844343333314	0.860388436817	0.564320404207
UP00036_1_Myf6_primary	0.0286932419069	0.45633987759	0.152693831365	0.110342300818	0.337656464212	0.153449767826	0.977225410901	0.66647072938	0.906176056098	0.924674385725	0.737959403455	0.88687535047
UP00037_1_Zfp105_primary	0.99999999842	0.922339104479	0.955113166224	0.836456682425	0.966223795637	0.999642991319	2.41289158807e-09	0.123458213528	0.0830284404936	0.217130094431	0.0507821748879	0.000613917024358
UP00039_1_Foxj3_primary	0.999985176494	0.8482833972	0.84356357151	0.313238827166	0.997266720043	0.992188571085	2.3845036673e-05	0.26400717325	0.263535403712	0.772078535044	0.00541808951711	0.0130663317728
UP00040_1_Irf5_primary	0.252176635051	0.871921305906	0.147336081408	0.805468982247	0.116060952627	0.455837245661	0.804092666706	0.325314676705	0.972937609328	0.330343883965	0.937281473356	0.684922008842
UP00041_1_Foxj1_primary	0.999990643413	0.791763818659	0.989448238025	0.274836940214	0.957069719306	0.997749020891	1.49725237222e-05	0.359038315274	0.0302089335129	0.795049816913	0.0690410755409	0.00393218281759
UP00042_1_Gm397_primary	0.247680395712	0.681516750932	0.612744830882	0.775925417954	0.368190565355	0.0957541222644	0.804852311016	0.511434077219	0.569556890529	0.347191814771	0.772766576903	0.950829420641
UP00043_1_Bcl6b_primary	0.991735851132	0.562007753095	0.499906984031	0.993848987104	0.850793833102	0.941761513462	0.0113677004043	0.618659401325	0.641520116984	0.0116715299226	0.214074875336	0.0914949555588
UP00044_1_Mafk_primary	0.999999999303	0.375585845593	0.953017336111	0.999705117504	0.999820567901	0.998258661808	1.40648275674e-09	0.77411198926	0.120615796171	0.000829109390893	0.000548909385494	0.0037784697705
UP00045_1_Mafb_primary	0.990008281164	0.533885421771	0.698910578841	0.795962116856	0.848770152406	0.896307964895	0.0146264969922	0.629883457756	0.514528517783	0.31800336676	0.231077366303	0.159838844912
UP00046_1_Tcfe2a_primary	0.17037603597	0.606211581659	0.252101734043	0.882037044606	0.0388053077748	0.251547174915	0.855967886508	0.527713964177	0.844425478506	0.174459902711	0.9764254763	0.810799015047
UP00047_1_Zbtb7b_primary	4.90184866276e-07	0.0731401266172	0.0520231926215	0.0122909838926	0.00839113155832	0.00110803942622	0.99999972647	0.957422711044	0.977055668333	0.995042059847	0.995412700212	0.999484119275
UP00048_1_Rara_primary	0.609022930119	0.283196936481	0.117824325367	0.266750613676	0.772541621098	0.863207282966	0.43570856199	0.820262808745	0.950913327279	0.806389068786	0.305739181912	0.192250526379
UP00049_1_Sp100_primary	0.517167298557	0.0965330723593	0.766530056551	0.0992099985887	0.788316690866	0.865529798812	0.551148376094	0.966279140597	0.438300268992	0.957762844368	0.313210544254	0.225934229356
UP00050_1_Bhlhb2_primary	0.653214298349	0.578469268305	0.982406413588	0.23621299918	0.815300468499	0.448272507874	0.409658015967	0.612575340947	0.0632262230973	0.874995918373	0.264717701033	0.686143304924
UP00051_1_Sox8_primary	0.999999999977	0.660101823192	0.897980110528	0.999335539252	0.999930153092	0.998900249516	5.42349477288e-11	0.523571425311	0.214444258866	0.00161083514853	0.000218837276245	0.00225969219494
UP00052_1_Osr2_primary	0.218990697303	0.733750830389	0.684124179283	0.23318413918	0.419039371251	0.208322509008	0.827108866542	0.481927998879	0.511374806771	0.867373142397	0.702477371972	0.869413276006
UP00053_1_Rxra_primary	0.119044607012	0.0156946649513	0.268571321868	0.915573445527	0.735016935491	0.0819650845902	0.900981384214	0.993177337692	0.825787413075	0.128560639606	0.335097530907	0.946392057709
UP00054_1_Tcf7_primary	0.999997821146	0.297172693994	0.967057688562	0.9938067486	0.872875806479	0.996864725563	3.84435658896e-06	0.836245161073	0.0735447328523	0.0122375856049	0.192976726801	0.0058673378014
UP00055_1_Hbp1_primary	0.999999293042	0.983453379046	0.684546992207	0.995497559507	0.995839418661	0.975425318065	1.29176433027e-06	0.0373551124728	0.452273546227	0.00981289273744	0.00882698139116	0.0410767756218
UP00056_1_Rfx4_primary	0.494002570103	0.690019705208	0.65586188058	0.238828668413	0.833551915485	0.259790588407	0.551932873426	0.444078960513	0.504689734975	0.839176134014	0.220770613628	0.809627083907
UP00057_1_Zic2_primary	5.46900442026e-26	5.67601471077e-05	0.0542036927381	7.63310873974e-05	1.16034619119e-08	3.15414896537e-07	1.0	0.999971294167	0.962151970097	0.999961195146	0.999999994485	0.99999985499
UP00058_1_Tcf3_primary	0.999977027458	0.940667608122	0.995524915574	0.986731817623	0.605381539699	0.971667415544	3.94153576751e-05	0.139139050259	0.0129777641705	0.0248439946837	0.513751380888	0.0468430081087
UP00059_1_Arid5a_primary	0.999921000301	0.911971271471	0.730769817379	0.998113251441	0.954664567637	0.943036106838	0.000172072100609	0.286157632781	0.445285759036	0.00949902998684	0.11380788403	0.10497958665
UP00060_1_Max_primary	0.0636654137491	0.267159832351	0.808227511866	0.668867856987	0.0611011095628	0.132019647122	0.949310833139	0.818712127376	0.308859350397	0.426544488684	0.961194692241	0.912360012245
UP00061_1_Foxl1_primary	0.999999999984	0.869582326626	0.997380814154	0.788915744341	0.999777927502	0.999965861642	2.55039469754e-11	0.227599810393	0.00825405320334	0.28510959014	0.000550124777043	7.65888168174e-05
UP00062_1_Sox4_primary	0.999999503326	0.884151566998	0.991720324384	0.989368884053	0.895060117973	0.994167523718	7.45186360858e-07	0.176360876438	0.0155544384305	0.0168012267972	0.138657836846	0.00888673983465
UP00064_1_Sox18_primary	0.999999999946	0.623669039835	0.953672215127	0.999954969665	0.995850018673	0.999724855337	9.17716118231e-12	0.544438824953	0.097132754442	0.000116543192525	0.00892262252789	0.000567579543357
UP00065_1_Zfp161_primary	1.57571847171e-07	0.831996722945	0.325252823733	0.333712183078	0.000256943475386	8.72879151475e-06	0.999999888402	0.21274548612	0.747900615075	0.722869309166	0.999829747268	0.999995594474
UP00066_1_Hnf4a_primary	0.000273752021923	0.0274780977542	0.103263403283	0.767674524433	0.0461555721002	0.00381142363268	0.999821062779	0.988032597873	0.944583366522	0.317312311914	0.971571709965	0.998066669028
UP00067_1_Lef1_primary	0.784602674556	0.359901825077	0.981724963491	0.750276995962	0.411405235947	0.425784104314	0.253541370163	0.771293831814	0.0401832727732	0.339039373678	0.696986933137	0.662149651587
UP00068_1_Eomes_primary	0.361401149064	0.465508503337	0.684124179283	0.817944744366	0.161138250388	0.23971939757	0.698843328266	0.702827305991	0.511374806771	0.295562007494	0.913268057086	0.845236889127
UP00069_1_Sox1_primary	0.999808506578	0.465508503337	0.34869760789	0.998349824123	0.911256537546	0.999875503953	0.000351564173792	0.702827305991	0.827769771998	0.0045575191389	0.15856180162	0.000539710538464
UP00070_1_Gcm1_primary	0.00252515029208	0.00347296538529	0.0254590371908	0.082149942776	0.45986971309	0.212724795917	0.998361947601	0.999055690344	0.994931129829	0.955722672683	0.63812960018	0.857268090692
UP00071_1_Sox21_primary	0.998029968964	0.263108162762	0.936773776896	0.99441026455	0.674504577458	0.940640822982	0.00369379384409	0.95292381117	0.171363368838	0.0163705960635	0.519959293927	0.114784527032
UP00072_1_IRC900814_primary	0.997275667671	0.999999999964	0.357259927447	0.951698129383	0.886192115999	0.966876245148	0.00547975441729	0.012374971749	0.909807925848	0.110335591022	0.234865006544	0.0907224556674
UP00073_1_Foxa2_primary	0.999999509452	0.82273891947	0.999837298998	0.597522743936	0.997327021158	0.984518933238	8.53778825755e-07	0.307266638565	0.000630760203222	0.500784940048	0.00521812759834	0.0248684875699
UP00074_1_Isgf3g_primary	0.819553961167	0.926442382384	0.66344159804	0.873673190774	0.341395149134	0.734024566733	0.215566916137	0.158683473066	0.506596857907	0.189047566362	0.741606951833	0.355881298378
UP00075_1_Sox15_primary	0.999999999924	0.951187391295	0.969791066487	0.987762414385	0.999904707587	0.999324699574	2.39393219203e-12	0.100382401875	0.0738112433624	0.0228607539738	0.000273499566459	0.00132385341121
UP00076_1_Rfxdc2_primary	0.335413358943	0.88749356347	0.390358164016	0.0463455217649	0.976639103515	0.150868050834	0.704110572702	0.196774194165	0.754893798512	0.973173741456	0.0363474429493	0.897228750979
UP00077_1_Srf_primary	0.739907081104	0.464104796757	0.746464510918	0.923470728945	0.369206605006	0.303924893121	0.311748440951	0.662432727816	0.442375164637	0.137221759681	0.760788970477	0.788353153869
UP00078_1_Arid3a_primary	0.994441617953	0.220822405921	0.92872903966	0.704437992495	0.904884989292	0.989829617225	0.00881320107493	0.895355769363	0.164477872468	0.435006901674	0.173941885398	0.0230410167612
UP00079_1_Esrra_primary	0.993170616746	0.429995432309	0.66344159804	0.929320757932	0.942558068238	0.96527577433	0.00972846509849	0.710191782141	0.506596857907	0.114549576358	0.0948893901078	0.060479327602
UP00080_1_Gata5_primary	0.991926329885	0.805739818221	0.835522127524	0.727036910183	0.903909971327	0.757344922284	0.0115922283132	0.381431550114	0.31587582071	0.371689170739	0.158125025936	0.319797576684
UP00081_1_Mybl1_primary	0.803083501893	0.436226255502	0.598130353128	0.45915595113	0.711912088964	0.962690849135	0.277558906365	0.852303899048	0.79883148541	0.780100102881	0.456205843005	0.11230100557
UP00082_1_Zfp187_primary	0.999599915062	0.987625028215	0.956577271294	0.190087219265	0.999866378169	0.939727754713	0.000836649256144	0.0880287284934	0.168442484984	0.914648086924	0.00059665986961	0.124932577579
UP00083_1_Tcf7l2_primary	0.985450602833	0.8482833972	0.898558093535	0.935057173834	0.209119184346	0.849139900376	0.0196573271135	0.26400717325	0.175952971632	0.105448061741	0.865514142523	0.207613377527
UP00084_1_Gmeb1_primary	0.379844727139	0.618568449885	0.996836167974	0.458273142195	0.27793385282	0.427623676439	0.690652038857	0.599173855787	0.0185543671176	0.712914677284	0.817866420342	0.733181364136
UP00085_1_Sfpi1_primary	0.999836761437	0.465100508896	0.831854471452	0.969597091404	0.990990603585	0.936211620077	0.000208250961947	0.608211845019	0.232218551889	0.0411016334936	0.0125423758586	0.0811511656804
UP00086_1_Irf3_primary	0.0347174204275	0.769209323885	0.508119563619	0.295696774323	0.0183777451043	0.27270216018	0.971672535032	0.331617599122	0.60190769047	0.767615408637	0.988348588914	0.783965594746
UP00087_1_Tcfap2c_primary	1.56673432413e-23	3.96663224689e-06	0.0394307111998	0.000168225604736	7.83537858274e-05	4.22704854619e-13	1.0	0.999998439836	0.976687678392	0.999916521873	0.999954698508	1.0
UP00088_1_Plagl1_primary	1.17225517946e-31	0.00013874187527	9.78276018042e-06	1.64385055074e-06	2.28155816735e-10	2.56334108988e-09	1.0	0.999929914305	0.999996457944	0.999999350983	0.999999999924	0.999999998952
UP00089_1_Tcf1_primary	0.977967475085	0.104155259993	0.890985003323	0.765417091891	0.849102027339	0.951874939838	0.0381673077829	0.977470235399	0.551422803642	0.514066477432	0.272061788005	0.108057130329
UP00089_3_Tcf1_2666.2	0.991938444699	0.263108162762	0.598130353128	0.889092722495	0.926751319973	0.999423383496	0.0160285970415	0.95292381117	0.79883148541	0.259451973009	0.157309894271	0.00579206763713
UP00091_1_Sox5_primary	1.0	0.869582326626	0.947989911559	0.997039537854	0.999948149764	0.999665895244	3.15028230438e-13	0.227599810393	0.118112535046	0.00619325138999	0.000156854917513	0.000675955611459
UP00092_1_Myb_primary	0.84138620934	0.59035466131	0.4670290408	0.380335931726	0.89193554761	0.971022558431	0.23259064471	0.717902150293	0.865296616962	0.859048268087	0.211479880338	0.108879897716
UP00093_1_Klf7_primary	7.81075954332e-44	0.00333032574649	0.000272379561907	6.45219494388e-06	8.97772967654e-14	5.34030633506e-20	1.0	0.99749837948	0.999817312397	0.999995585718	1.0	0.999999999996
UP00094_1_Zfp128_primary	0.895219701529	0.559953015255	0.982961310771	0.889092722495	0.619447226406	0.926756117298	0.161262038284	0.708544241649	0.0970026242497	0.259451973009	0.563166511046	0.226954390021
UP00095_1_Zfp691_primary	0.269251390387	0.49989304563	0.87398423232	0.397085379727	0.501463133834	0.112369188461	0.771164275622	0.644894867672	0.210001065244	0.714471596126	0.598929874896	0.928300979324
UP00096_1_Sox13_primary	0.999999999901	0.50227126468	0.916200769966	0.999851661118	0.999894548875	0.999830613474	2.87886792836e-13	0.700618976252	0.195383123433	0.000389136475802	0.000332326164035	0.000375605795513
UP00097_1_Mtf1_primary	0.0686406018055	0.742785048692	0.0829529716605	0.900382858461	0.352984930018	0.0306447026914	0.946225107713	0.381590403818	0.962861202931	0.160019247716	0.723372211427	0.983676833624
UP00098_1_Rfx3_primary	0.764091674276	0.778251722201	0.718878961153	0.354387033667	0.942558068238	0.271456691407	0.285686787728	0.402899236373	0.518569601373	0.768906786615	0.0948893901078	0.815353747996
UP00099_1_Ascl2_primary	0.012422732196	0.478470494743	0.600136135943	0.239708929204	0.131660135355	0.0090655808162	0.989746387568	0.609768317202	0.482220823066	0.809432792289	0.896880062501	0.993866221072
UP00100_1_Gata6_primary	0.998549546433	0.969516834631	0.817949485596	0.936744055771	0.990985987517	0.508299476465	0.00228289510801	0.0845344945192	0.327349961427	0.10868427371	0.0201078085145	0.589553449825
UP00101_1_Sox12_primary	1.0	0.974147006822	0.999250316091	0.998891002279	0.991811475967	0.999977018514	1.09622740408e-13	0.0573864689482	0.00217144773817	0.00228478749285	0.0155622031383	5.23173960744e-05
UP00102_1_Zic1_primary	8.25125993636e-29	0.000755106903237	0.0638152589193	3.9472651742e-06	3.32767400512e-14	2.96389377277e-06	0.999999999948	0.999567790382	0.954630284546	0.999998166846	1.0	0.999998466899
UP00103_1_Jundm2_primary	0.98499956396	0.765849713939	0.807887464186	0.988065633613	0.380801095466	0.946927711511	0.0190373962596	0.326132791232	0.291479764656	0.0205366497633	0.686297843156	0.0783666464922
UP00104_1_Hmx1_3423.1	0.96078419093	0.926442382384	0.26905115124	0.594675592326	0.969272612523	0.759022129527	0.0577111907739	0.158683473066	0.890447471694	0.592415912931	0.0697749727243	0.367250251668
UP00105_1_Pou3f4_3773.1	0.890141928518	0.104155259993	0.577824581874	0.815860749828	0.982679109674	0.161417498529	0.150226305286	0.977470235399	0.730965934318	0.335841916393	0.0471368507473	0.897962220779
UP00106_1_Vax2_3500.1	0.868862885387	0.855363013122	0.956577271294	0.421981133568	0.888923773601	0.315077991175	0.184438114074	0.409645338676	0.168442484984	0.765802983274	0.222698902663	0.801456391635
UP00107_1_Nkx2-4_3074.1	0.990238505573	0.933997460225	0.939195359671	0.73590183718	0.914340583751	0.653452966159	0.0143349887453	0.130417673351	0.139113613707	0.376348325647	0.151539781775	0.454041738295
UP00108_1_Alx3_3418.2	0.786305864672	0.41653763023	0.384763211482	0.07543599759	0.985466811721	0.94190959561	0.285277805837	0.808609739175	0.852663918588	0.977722407837	0.0453354323919	0.134538406574
UP00109_1_Obox6_3440.2	0.635645381494	0.559953015255	0.996084087961	0.394873292651	0.0740728971197	0.953875731815	0.447785462012	0.708544241649	0.0436933342312	0.763215729915	0.970677604491	0.110741403578
UP00110_1_Dlx4_3488.2	0.99951616668	0.766601331925	0.956577271294	0.970830999473	0.926470028718	0.977532699614	0.00104400512246	0.463188689656	0.168442484984	0.0712613147321	0.170775941683	0.0597248156725
UP00111_1_Dmbx1_2277.1	0.25634076562	0.806175978357	0.793345435194	0.438751192807	0.122946755389	0.362093367152	0.8043544453	0.440046984726	0.432224669545	0.770580837674	0.934718815485	0.767663001229
UP00112_1_Gsc_2327.3	0.25558185786	0.19139026082	0.88270520402	0.855747839036	0.503959186777	0.070265935673	0.800677073887	0.939462240412	0.281121038836	0.246375748353	0.630746680149	0.967118572067
UP00113_1_Hoxc4_3491.1	0.954105414856	0.296263950126	0.747793443164	0.624466381347	0.998085675849	0.682179322132	0.0719514266	0.878525532042	0.52415673489	0.578018866412	0.00815527572369	0.475944399109
UP00114_1_Homez_1063.2	0.976993903108	0.41653763023	0.99999999999	0.605712195131	0.652266628249	0.984089127801	0.0431948790475	0.808609739175	0.330218900158	0.717734863657	0.558095386143	0.0548441632417
UP00115_1_Lhx2_0953.2	0.712771870332	0.425704386786	0.401905285204	0.442317030065	0.954664567637	0.815503003195	0.363782783635	0.825607053098	0.813079642993	0.716676865915	0.11380788403	0.317820677878
UP00116_1_Rhox6_4251.1	0.910482666352	0.767026895852	0.686567267503	0.421981133568	0.99184472427	0.313856695089	0.131137114569	0.563773744483	0.642740072546	0.765802983274	0.0272890134735	0.798202578672
UP00117_1_Hoxd11_3873.1	0.999674890353	0.91866534671	0.481430398615	0.932748609719	0.954664567637	0.995181829052	0.000741085841904	0.365293360268	0.759333410939	0.185179625242	0.11380788403	0.0153283055485
UP00118_1_Pou4f3_2791.1	0.999321663749	0.888212308749	0.992661454102	0.193236907232	0.992409633927	0.810767292999	0.00119402895476	0.266249169594	0.0253930670535	0.906894321841	0.020005138693	0.271144075013
UP00119_1_Nkx2-9_3082.1	0.983084686062	0.713842367183	0.999999999996	0.794555533989	0.886192115999	0.682179322132	0.0298910988976	0.574295613179	0.0359793153248	0.375533618634	0.234865006544	0.475944399109
UP00120_1_Lbx2_3869.2	0.492061049086	0.713842367183	0.475843265105	0.134449070859	0.822296637239	0.473035949793	0.601505348047	0.574295613179	0.799902334126	0.955302524921	0.347733371765	0.683315738095
UP00121_1_Hoxd10_2368.2	0.999774398009	0.228216444913	0.953017336111	0.943332714127	0.999302362787	0.680373558475	0.000361174462392	0.873892485814	0.120615796171	0.094538546677	0.0017610704443	0.400386987471
UP00122_1_Tgif1_2342.2	0.879164919391	0.640961684711	0.899398435133	0.418724048761	0.694800586822	0.697071201195	0.148509838489	0.534491496649	0.196898519077	0.689721824842	0.398596078314	0.389764656391
UP00123_1_Hlxb9_3422.1	0.586020663573	0.714752913724	0.577824581874	0.504658655002	0.883924916673	0.483012565634	0.507938950867	0.782974744706	0.730965934318	0.66367890058	0.248135682123	0.683154101923
UP00124_1_Ipf1_3815.1	0.999762853177	0.53681131033	0.744913640621	0.850590132663	0.982679109674	0.972237366284	0.000489980434237	0.703736049861	0.699591025777	0.271294811695	0.0471368507473	0.0569638931685
UP00125_1_Pitx2_2274.3	0.917438479919	0.888212308749	0.936773776896	0.942288354248	0.831475052917	0.448272507874	0.110809199075	0.266249169594	0.171363368838	0.10856141783	0.248662901993	0.686143304924
UP00126_1_Dlx2_2273.2	0.998522976008	0.4083233009	0.598130353128	0.982813531352	0.694220112621	0.982398410132	0.00280947568628	0.797118842171	0.79883148541	0.0447462919502	0.486276516322	0.0407069150771
UP00127_1_Gsh2_3990.2	0.998567206168	0.67468532329	0.598130353128	0.815860749828	0.952863149252	0.996227585271	0.00289642842189	0.583462369765	0.79883148541	0.335841916393	0.108064452389	0.0136318166372
UP00128_1_Pou3f2_2824.1	0.55684828303	0.643884651523	0.306329446209	0.569222878876	0.990706615403	0.0841476446959	0.526119251968	0.591676699089	0.892412259792	0.60512670733	0.0286793514395	0.960501670031
UP00129_1_Pou3f1_3819.1	0.834451879124	0.174392946866	0.747793443164	0.293829017836	0.990706615403	0.181186325412	0.221981003194	0.95706386153	0.52415673489	0.880067152905	0.0286793514395	0.887807623693
UP00130_1_Lhx3_3431.1	0.347177986543	0.19139026082	0.147336081408	0.336321099401	0.883924916673	0.455837245661	0.727503856494	0.939462240412	0.972937609328	0.806763092749	0.248135682123	0.684922008842
UP00131_1_Gbx2_3110.1	0.939830540811	0.767026895852	0.747793443164	0.594675592326	0.982679109674	0.620066713611	0.091254005724	0.563773744483	0.52415673489	0.592415912931	0.0471368507473	0.535956159921
UP00132_1_Evx2_2645.3	0.811550159544	0.59035466131	0.686567267503	0.784107435742	0.742564585473	0.620066713611	0.251698929346	0.717902150293	0.642740072546	0.365534358164	0.404552912705	0.535956159921
UP00133_1_Cdx2_4272.1	0.999951058774	0.393894694488	0.879384203831	0.985345399014	0.999932506866	0.691502366794	9.23111590938e-05	0.783318438179	0.253535489083	0.0353655457081	0.000241009687129	0.406482057509
UP00134_1_Hoxb13_3479.1	0.999999164313	0.675673260433	0.413987366474	0.993989201374	0.99833958857	0.995467736036	1.60636458167e-06	0.478348967998	0.783652927022	0.012524340921	0.00404469290067	0.00909491894278
UP00135_1_Hoxc12_3480.1	0.978487645899	0.976817348702	0.24066658905	0.361224069321	0.969272612523	0.950860554168	0.0348720567	0.144636986865	0.921985337303	0.823302800507	0.0697749727243	0.104803443132
UP00136_1_Prrx2_3072.1	0.753321852755	0.291455758332	0.686567267503	0.184931969042	0.886192115999	0.889258596426	0.324870033544	0.895844739987	0.642740072546	0.924564002433	0.234865006544	0.217827917082
UP00137_1_Hoxb3_1720.2	0.996867670866	0.836725149299	0.567775330455	0.997171171437	0.895106586647	0.60893650746	0.00525691568323	0.356115348466	0.693670553791	0.00750292463938	0.201084764683	0.508609092339
UP00138_1_Bsx_3483.2	0.96078419093	0.210930420534	0.475843265105	0.620771055989	0.952752480322	0.973089939427	0.0577111907739	0.913222377566	0.799902334126	0.529862016648	0.101644180645	0.0593591770289
UP00139_1_Nkx1-2_3214.1	0.958117513886	0.121474467945	0.300408974219	0.292879553224	0.99613184623	0.895196556855	0.0647208453862	0.96557797256	0.999999999996	0.865550929129	0.0117545075959	0.192868406328
UP00140_1_Hoxd1_3448.1	0.888492742073	0.806175978357	0.475843265105	0.669656116016	0.888923773601	0.865461593406	0.15865132446	0.440046984726	0.799902334126	0.495341344978	0.222698902663	0.255464834407
UP00141_1_Vsx1_1728.1	0.834451879124	0.296263950126	0.915321586859	0.151287977897	0.89193554761	0.875067422417	0.221981003194	0.878525532042	0.252206556831	0.935253107226	0.211479880338	0.223570476418
UP00142_1_Uncx4.1_2281.2	0.210745698248	0.0804952265589	0.475843265105	0.176697199495	0.985466811721	0.165894506214	0.854753931217	0.989793592373	0.799902334126	0.937352205775	0.0453354323919	0.926571996698
UP00143_1_Dobox5_3493.1	0.764918843604	0.53681131033	0.879384203831	0.774984588947	0.782159510009	0.759022129527	0.287058976286	0.703736049861	0.253535489083	0.338820336632	0.304034071578	0.367250251668
UP00144_1_Hoxb4_2627.1	0.888492742073	0.296263950126	0.577824581874	0.352433131129	0.994720368271	0.7236724538	0.15865132446	0.878525532042	0.730965934318	0.815068030982	0.0173208903258	0.426740148466
UP00145_1_Barhl2_3868.1	0.999999772436	0.705791338758	0.97113540677	0.99206445749	0.992025384409	0.99759491752	5.28367298566e-07	0.49772873529	0.0837992300306	0.0193223948847	0.0202607095812	0.00592870753299
UP00146_1_Pou6f1_1731.2	0.829970594701	0.733750830389	0.684124179283	0.987852225614	0.742682594794	0.0293205024493	0.212372748133	0.481927998879	0.511374806771	0.0278422567302	0.381461764705	0.983837444806
UP00147_1_Nkx2-6_3437.1	0.990341818299	0.926442382384	0.561699731012	0.97627662768	0.742682594794	0.611878334139	0.0144564073683	0.158683473066	0.669114468484	0.0483781545553	0.381461764705	0.495782119234
UP00148_1_Hdx_3845.3	0.996656418969	0.0821027550186	0.963392814961	0.717698115714	0.949241275044	0.939119361373	0.00502480046417	0.965875221855	0.117294795968	0.393369058774	0.088735860849	0.0961447218742
UP00149_1_Phox2b_3948.1	0.486825273517	0.59035466131	0.200097665869	0.698880385629	0.926470028718	0.219461157549	0.609243917696	0.717902150293	0.959573865912	0.502086898507	0.170775941683	0.887464913646
UP00150_1_Irx6_2623.2	0.994962560339	0.174392946866	0.959554030998	0.997716437431	0.389172909706	0.875067422417	0.00975954681972	0.95706386153	0.139968968311	0.0100271084921	0.859299120103	0.223570476418
UP00151_1_Barx2_3447.2	0.943023859104	0.4083233009	0.577824581874	0.569222878876	0.89193554761	0.950860554168	0.0844260949925	0.797118842171	0.730965934318	0.60512670733	0.211479880338	0.104803443132
UP00152_1_Arx_1738.2	0.571737256882	0.767026895852	0.4670290408	0.119932847063	0.882130250149	0.78334671867	0.541647089408	0.563773744483	0.865296616962	0.968731374541	0.278896773675	0.411438647462
UP00153_1_Pitx1_2312.1	0.326907054052	0.0204287345138	0.817949485596	0.728741505833	0.684165840078	0.138745242069	0.727237469275	0.995002919993	0.327349961427	0.414397784391	0.425429031163	0.914527528181
UP00154_1_Dlx3_1030.1	0.989120871955	0.855363013122	0.577824581874	0.824281568116	0.971320648558	0.963550073909	0.0189120332817	0.409645338676	0.730965934318	0.299098428642	0.0732486800238	0.0906262417856
UP00155_1_Hmx2_3424.3	0.98149458336	0.597100763605	0.200097665869	0.594675592326	0.85526588512	0.982398410132	0.0291260966587	0.606105305489	0.959573865912	0.592415912931	0.257435414507	0.0407069150771
UP00156_1_Msx2_3449.1	0.975056458428	0.855363013122	0.793345435194	0.983629403933	0.335739792833	0.912525866862	0.0392206015114	0.409645338676	0.432224669545	0.0414024530552	0.803664246619	0.165456028084
UP00157_1_Hmx3_3490.2	0.997243412488	0.979820129818	0.481430398615	0.784107435742	0.980948230933	0.802535641588	0.00481048220842	0.0593323918704	0.759333410939	0.365534358164	0.0472475197037	0.306167502005
UP00158_1_Pou1f1_3818.1	0.603153670514	0.19139026082	0.658003372349	0.234197016707	0.994720368271	0.0439746613742	0.474301648433	0.939462240412	0.615236788514	0.898800244406	0.0173208903258	0.97736155963
UP00159_1_Six2_2307.2	0.893819538042	0.00475145247614	0.891696928108	0.94405509603	0.926305909305	0.559716316248	0.153801233828	0.999999999964	0.401869646866	0.134598667416	0.163950125698	0.591082505856
UP00160_1_Obox3_3439.1	0.281075070104	0.41653763023	0.992661454102	0.805468982247	0.368691013201	0.00810095102052	0.774817229566	0.808609739175	0.0253930670535	0.330343883965	0.745178403097	0.996702176094
UP00161_1_Hmbox1_2674.1	0.929792559429	0.836725149299	0.915321586859	0.66192950725	0.595447087276	0.782172082921	0.106180461798	0.356115348466	0.252206556831	0.619664068248	0.56799054297	0.362998883941
UP00162_1_Evx1_3952.2	0.88068968773	0.53681131033	0.090192074145	0.864891051356	0.836049874296	0.724894458929	0.16554812091	0.703736049861	0.999999999993	0.244811230065	0.305779887373	0.408880837209
UP00163_1_En2_0952.1	0.917961276051	0.41653763023	0.794782321622	0.438751192807	0.926470028718	0.761347268381	0.123680474286	0.808609739175	0.532970959192	0.770580837674	0.170775941683	0.379933286391
UP00164_1_Hoxa7_2668.2	0.932405168149	0.296263950126	0.269034065675	0.634465641828	0.995501584592	0.724894458929	0.099224082262	0.878525532042	0.939614924437	0.541726857797	0.0160784729904	0.408880837209
UP00165_1_Titf1_1722.2	0.871036464915	0.944106507343	0.707594383354	0.302570151883	0.93820207445	0.294484981399	0.160170478766	0.116452229243	0.449114175747	0.805296532588	0.102989185484	0.786811068432
UP00166_1_Barhl1_2590.2	0.994967346478	0.836725149299	0.658003372349	0.834528007243	0.956005625958	0.959293084914	0.00825781909551	0.356115348466	0.615236788514	0.269654373704	0.0856594162503	0.0824994300049
UP00167_1_En1_3123.2	0.595002580393	0.871921305906	0.107587740207	0.525394094415	0.822296637239	0.358869617264	0.489601048936	0.325314676705	0.981884870392	0.655852070767	0.347733371765	0.765206656681
UP00168_1_Hoxd8_2644.1	0.999959728316	0.387424659054	0.828636631155	0.928738685248	0.969669930644	0.996537218744	8.27304848146e-05	0.77917759408	0.35951937455	0.149409867317	0.0711820505144	0.00859573396641
UP00169_1_Lmx1b_3433.2	0.274628725767	0.121474467945	0.481430398615	0.728741505833	0.570876935293	0.17318483133	0.785763092159	0.96557797256	0.759333410939	0.414397784391	0.599942029299	0.89940289747
UP00170_1_Isl2_3430.1	0.998914945358	0.950306748078	0.34869760789	0.898951375794	0.981700357744	0.959918403399	0.00191666792258	0.138733248747	0.827769771998	0.182055255623	0.0473517281598	0.0769030272412
UP00171_1_Msx3_3206.1	0.992364958933	0.67468532329	0.561699731012	0.840936927385	0.928817949466	0.899689781517	0.0123180396289	0.583462369765	0.669114468484	0.271258494137	0.14473411486	0.165800913097
UP00172_1_Prop1_3949.1	0.63340481877	0.425704386786	0.567775330455	0.234197016707	0.983921527049	0.420918720485	0.454401535246	0.825607053098	0.693670553791	0.898800244406	0.0465070828739	0.730387371544
UP00173_1_Hoxc13_3127.1	0.99987476383	0.947183420716	0.936773776896	0.669656116016	0.969669930644	0.954289316551	0.000248775024447	0.163274850689	0.171363368838	0.495341344978	0.0711820505144	0.0827578541174
UP00174_1_Hoxa2_3079.1	0.997857216144	0.766601331925	0.902997375744	0.908884658227	0.898355819381	0.917500569986	0.00387123412062	0.463188689656	0.313432732491	0.175718431881	0.191414876937	0.148629809251
UP00175_1_Lhx9_3492.1	0.63853571328	0.134528698623	0.561699731012	0.190087219265	0.995501584592	0.559716316248	0.440198382479	0.954829810127	0.669114468484	0.914648086924	0.0160784729904	0.591082505856
UP00176_1_Crx_3485.1	0.00514874145754	0.0867776224322	0.658003372349	0.470137983345	0.142198371036	0.0137630128165	0.997037200359	0.973322002397	0.615236788514	0.678143558021	0.920868419252	0.994862053806
UP00177_1_Hoxd12_3481.1	0.996203876632	0.91866534671	0.747793443164	0.557654368547	0.836049874296	0.997348422688	0.00774530613519	0.365293360268	0.52415673489	0.708323286656	0.305779887373	0.011484897702
UP00178_1_Og2x_3719.1	0.915573905044	0.947236369197	0.793345435194	0.634465641828	0.953102669969	0.464043840082	0.12072795095	0.193824021624	0.432224669545	0.541726857797	0.0983720260888	0.683949215179
UP00179_1_Pou2f3_3986.2	0.988297603814	0.488565922769	0.557624835365	0.795962116856	0.681622550817	0.880046739681	0.0173576960551	0.700776533773	0.651302392112	0.31800336676	0.472262205482	0.178466430207
UP00180_1_Hoxd13_2356.1	0.999885105356	0.295610516146	0.698910578841	0.905461453313	0.994010828102	0.974573014134	0.000191702366502	0.832214077107	0.514528517783	0.14861519715	0.0135568656353	0.0428165472159
UP00181_1_Barx1_2877.1	0.997712743276	0.932993157015	0.577824581874	0.569222878876	0.836049874296	0.994249410157	0.00419785607587	0.163707295011	0.730965934318	0.60512670733	0.305779887373	0.0166314649383
UP00182_1_Hoxa6_1040.1	0.97590854703	0.518072001105	0.902997375744	0.755188769917	0.619447226406	0.967760591672	0.038152809789	0.701425399296	0.313432732491	0.391438636762	0.563166511046	0.0726584043196
UP00183_1_Hoxa13_3126.1	0.999319823012	0.861266751223	0.915321586859	0.778606137641	0.872238025428	0.981242588592	0.00124349088514	0.294208661212	0.252206556831	0.356081777254	0.220121796225	0.0400815965933
UP00184_1_Lhx8_2247.2	0.684146460125	0.660101823192	0.963392814961	0.509530938163	0.671367640068	0.159507309238	0.375812872607	0.523571425311	0.117294795968	0.636648126546	0.452018533809	0.900692164162
UP00185_1_Pbx1_3203.1	0.999997789317	0.0749563594461	0.999376190807	0.994375623516	0.99145113232	0.99175610915	5.04088199778e-06	0.980778347069	0.00370723954818	0.017186468629	0.0204380326108	0.019032245796
UP00186_1_Meis1_2335.1	0.951060007785	0.902774265743	0.61957682175	0.546375237203	0.867320612989	0.810767292999	0.0654057488926	0.221748277777	0.576850621039	0.582041069061	0.201715280515	0.271144075013
UP00187_1_Alx4_1744.1	0.54024801827	0.291455758332	0.902997375744	0.352433131129	0.886192115999	0.316845898068	0.553521219013	0.895844739987	0.313432732491	0.815068030982	0.234865006544	0.816560134511
UP00188_1_Lmx1a_2238.2	0.610657984451	0.0105721406074	0.306329446209	0.442317030065	0.930225027287	0.631652753172	0.461098862986	0.998465993635	0.892412259792	0.716676865915	0.138824923214	0.492428828402
UP00189_1_Hoxa5_3415.1	0.941748899919	0.67468532329	0.891696928108	0.643918222728	0.798915235302	0.834543971928	0.0858164226574	0.583462369765	0.401869646866	0.513571899407	0.337124059363	0.275105541084
UP00190_1_Nkx2-3_3435.1	0.817024510735	0.559953015255	0.357259927447	0.549485804746	0.926305909305	0.620066713611	0.248563949528	0.708544241649	0.909807925848	0.647566868894	0.163950125698	0.535956159921
UP00191_1_Pou2f2_3748.1	0.979237974455	0.476428574678	0.684124179283	0.817944744366	0.861175076797	0.606394418628	0.0298591728681	0.701579256569	0.511374806771	0.295562007494	0.244004830652	0.491700523539
UP00192_1_Six1_0935.2	0.958670065197	0.0102064076131	0.598130353128	0.989851326582	0.959375188087	0.7236724538	0.0665848288275	0.999999999986	0.79883148541	0.0291690005077	0.117587721245	0.426740148466
UP00193_1_Rhox11_1765.2	0.994441615749	0.643884651523	0.628439713694	0.799403790798	0.970332150245	0.959473755166	0.00919162247094	0.591676699089	0.586012633522	0.324255207862	0.0723698521542	0.0797359817451
UP00194_1_Irx4_2242.3	0.825455353629	0.104155259993	0.860031031685	0.889092722495	0.596906804699	0.620066713611	0.243365247684	0.977470235399	0.341996627647	0.259451973009	0.652910719207	0.535956159921
UP00195_1_Six3_1732.2	0.85169247032	0.00221169360388	0.794782321622	0.865401332608	0.882412278792	0.844721814393	0.209589572871	0.999999999981	0.532970959192	0.26841850919	0.262718367272	0.276327546237
UP00196_1_Hoxa4_3426.1	0.954427298305	0.518072001105	0.628439713694	0.850590132663	0.974595431448	0.870096676184	0.0689854958341	0.701425399296	0.586012633522	0.271294811695	0.0735299713021	0.238652731621
UP00197_1_Hoxc9_2367.2	0.999992431018	0.299381023718	0.977732317025	0.998449086704	0.99723358575	0.899726669315	1.5890493518e-05	0.855407531838	0.0608046403252	0.00562437646534	0.00797461564866	0.158756878574
UP00198_1_Cphx_3484.1	0.999592491151	0.692733361423	0.856689360152	0.955660666707	0.953102669969	0.873621019511	0.00069584308589	0.466114578217	0.301089421156	0.0825513935075	0.0983720260888	0.188612672269
UP00199_1_Six4_2860.1	0.185051931629	0.220822405921	0.143730804647	0.394873292651	0.369206605006	0.161417498529	0.8571942527	0.895355769363	0.959675072694	0.763215729915	0.760788970477	0.897962220779
UP00200_1_Nkx6-1_2825.1	0.942288809198	0.67468532329	0.401905285204	0.728705188286	0.952648271825	0.536796725244	0.0824343884812	0.583462369765	0.813079642993	0.430777121104	0.104893413338	0.582925568275
UP00201_1_Emx2_3420.1	0.923073381244	0.806175978357	0.794782321622	0.442317030065	0.926470028718	0.742343337845	0.113169622762	0.440046984726	0.532970959192	0.716676865915	0.170775941683	0.395118870472
UP00202_1_Dlx1_1741.2	0.94976363083	0.41653763023	0.891696928108	0.525394094415	0.765134993485	0.912525866862	0.076926618713	0.808609739175	0.401869646866	0.655852070767	0.406055792363	0.165456028084
UP00203_1_Pknox1_2364.2	0.822409823041	0.228216444913	0.902867245548	0.73590183718	0.735282298966	0.776101220142	0.215525621858	0.873892485814	0.181015380774	0.376348325647	0.359636732716	0.316256446621
UP00204_1_Gbx1_2883.2	0.955602470997	0.425704386786	0.831557515009	0.850798547128	0.926470028718	0.604881129545	0.0702074404111	0.825607053098	0.422175418119	0.301119614359	0.170775941683	0.544162754356
UP00205_1_Pknox2_3077.2	0.287692651042	0.228216444913	0.350935386088	0.460432007127	0.519657000111	0.465550271876	0.752655042982	0.873892485814	0.779118806992	0.652182868594	0.571778588219	0.627508372789
UP00206_1_Hoxb7_3953.1	0.974965875062	0.767026895852	0.134703383029	0.634465641828	0.983921527049	0.858818849864	0.040616395262	0.563773744483	0.999999999992	0.541726857797	0.0465070828739	0.2409778705
UP00207_1_Hoxb9_3413.1	0.999930932432	0.832720136727	0.423149378963	0.965215789834	0.970700944439	0.92971491134	0.000115744459937	0.280262852929	0.760665141757	0.0617328106112	0.057663087274	0.10521848124
UP00208_1_Obox5_2284.1	0.942239350713	0.643884651523	0.698910578841	0.964265323498	0.755271997748	0.802535641588	0.0800979143871	0.591676699089	0.514528517783	0.069905350397	0.362647842865	0.306167502005
UP00209_1_Cart1_0997.1	0.675139428719	0.53681131033	0.357259927447	0.352433131129	0.926751319973	0.524055600902	0.408255642143	0.703736049861	0.909807925848	0.815068030982	0.157309894271	0.634672202534
UP00210_1_Mrg2_2302.1	0.85721488884	0.381340598667	0.926455267151	0.455395749941	0.535500376802	0.821124317562	0.176695767044	0.776207126292	0.145065683777	0.684861585657	0.572325521836	0.255979666282
UP00211_1_Pou3f3_3235.2	0.960081861626	0.813180639597	0.401905285204	0.564993098315	0.888923773601	0.69477655712	0.0569572834143	0.339898176797	0.813079642993	0.584778135837	0.222698902663	0.411268552888
UP00212_1_Lhx5_2279.1	0.476268829559	0.202881157818	0.475843265105	0.236305432246	0.888923773601	0.355674405627	0.604836300278	0.925043640543	0.799902334126	0.888464260364	0.222698902663	0.763345232082
UP00213_1_Hoxa9_2622.2	0.999021127105	0.291874447416	0.844969721884	0.87483253664	0.95694884719	0.96222081188	0.00155831630781	0.826347557216	0.281908882571	0.205783051944	0.0826555218282	0.0636400763667
UP00214_1_Hoxb5_3122.2	0.992312361049	0.836725149299	0.794782321622	0.634465641828	0.89193554761	0.960113754583	0.0133806650033	0.356115348466	0.532970959192	0.541726857797	0.211479880338	0.0874741331503
UP00215_1_Vax1_3499.1	0.980749695505	0.559953015255	0.794782321622	0.840936927385	0.89193554761	0.88015017036	0.0309399067376	0.708544241649	0.532970959192	0.271258494137	0.211479880338	0.20991540516
UP00216_1_Obox1_3970.2	0.525044710902	0.618568449885	0.804616876563	0.546300003979	0.686789455769	0.273371158227	0.540946910203	0.599173855787	0.371560286302	0.596549538071	0.431815469339	0.821044343104
UP00217_1_Hoxa10_2318.1	0.999994064028	0.476428574678	0.985227239514	0.964265323498	0.999981430946	0.629259148045	1.14489151073e-05	0.701579256569	0.0469826638909	0.069905350397	8.21404893544e-05	0.459987458365
UP00218_1_Dbx2_3487.1	0.953327083561	0.216681561798	0.413987366474	0.547001224484	0.982679109674	0.787555857688	0.0661141801555	0.903466927618	0.783652927022	0.616567829283	0.0471368507473	0.305223442888
UP00219_1_Cutl1_3494.1	0.777198585424	0.559953015255	0.686567267503	0.236784270066	0.714566814372	0.951874939838	0.288206175568	0.708544241649	0.642740072546	0.880773131644	0.423389394557	0.108057130329
UP00220_1_Nkx1-1_3856.3	0.130875628442	0.225888010729	0.290394447332	0.547001224484	0.714910680759	0.139986344246	0.901635945938	0.882845039937	0.864127993323	0.616567829283	0.39461846033	0.924210253267
UP00221_1_Phox2a_3947.1	0.893819538042	0.53681131033	0.902997375744	0.549485804746	0.822296637239	0.664033771035	0.153801233828	0.703736049861	0.313432732491	0.647566868894	0.347733371765	0.487408315658
UP00222_1_Tcf2_0913.2	0.895716347611	0.67468532329	0.598130353128	0.614220011334	0.43200945701	0.963550073909	0.152046645328	0.583462369765	0.79883148541	0.629452083268	0.722022005661	0.0906262417856
UP00223_1_Irx3_0920.1	0.930978114822	0.104155259993	0.794782321622	0.981244959384	0.140700879901	0.909373758225	0.110092268605	0.977470235399	0.532970959192	0.0637703306248	0.976365915287	0.184496996816
UP00224_1_Pax6_3838.3	0.85684342784	0.618568449885	0.475843265105	0.476512536356	0.985466811721	0.273651040481	0.194065165352	0.599173855787	0.799902334126	0.70960657149	0.0453354323919	0.823686341805
UP00225_1_Hlx1_2350.1	0.999975472203	0.989344793061	0.794782321622	0.969053646091	0.999008565646	0.60893650746	5.63403448865e-05	0.0528165792728	0.532970959192	0.0778417374713	0.00449841544738	0.508609092339
UP00226_1_Mrg1_2246.2	0.843024492215	0.660101823192	0.730769817379	0.63175372669	0.887941260893	0.436058911826	0.194214073946	0.523571425311	0.445285759036	0.506599919593	0.169403434796	0.668176561925
UP00227_1_Duxl_1286.2	0.847692443077	0.753649988783	0.718878961153	0.704437992495	0.509054032037	0.811722902973	0.191320136813	0.421530731696	0.518569601373	0.435006901674	0.595613410522	0.281515967435
UP00228_1_Bapx1_2343.1	0.928961024431	0.381340598667	0.794782321622	0.795962116856	0.809863474321	0.64302890749	0.0963197820698	0.776207126292	0.532970959192	0.31800336676	0.29357300759	0.472032942661
UP00229_1_Otx1_2325.1	0.967899593218	0.9170584376	0.698910578841	0.855747839036	0.942336912718	0.693832498006	0.0466729164163	0.233398668062	0.514528517783	0.246375748353	0.104134488793	0.433054114216
UP00230_1_Dlx5_3419.2	0.953233637201	0.53681131033	0.915321586859	0.89981320585	0.798915235302	0.742343337845	0.070346088538	0.703736049861	0.252206556831	0.194531017734	0.337124059363	0.395118870472
UP00231_1_Nkx2-2_2823.1	0.999433710511	0.998773434774	0.698910578841	0.908000444381	0.970700944439	0.611878334139	0.000965639656731	0.00550649934165	0.514528517783	0.16547199274	0.057663087274	0.495782119234
UP00232_1_Dobox4_3956.2	0.37498044737	0.104155259993	0.485471482215	0.614220011334	0.842690105726	0.271496251528	0.705339300727	0.977470235399	0.730948848757	0.629452083268	0.288087911033	0.840207408069
UP00233_1_Meox1_2310.2	0.999026310519	0.298574600687	0.95630666576	0.951698129383	0.543794156993	0.992764998175	0.00186225743119	0.86547130136	0.20521767837	0.110335591022	0.634473623023	0.0182941540502
UP00234_1_Msx1_3031.2	0.98791740691	0.518072001105	0.561699731012	0.878265461772	0.990706615403	0.858818849864	0.0199935885999	0.701425399296	0.669114468484	0.240303490924	0.0286793514395	0.2409778705
UP00235_1_Hoxc11_3718.2	0.999998862571	0.911971271471	0.718878961153	0.834099617835	0.999492563695	0.999638594206	3.30189561937e-06	0.286157632781	0.518569601373	0.3396390509	0.00244342867014	0.00162715349669
UP00236_1_Irx2_0900.3	0.924180056807	0.174392946866	0.658003372349	0.989972891489	0.0403579126005	0.926239482734	0.11728985342	0.95706386153	0.615236788514	0.0341954822357	1.0	0.155278185644
UP00237_1_Otp_3496.1	0.719414887659	0.436226255502	0.747793443164	0.176697199495	0.983921527049	0.70377770486	0.370212972625	0.852303899048	0.52415673489	0.937352205775	0.0465070828739	0.492787846382
UP00238_1_Nkx6-3_3446.1	0.937461931658	0.778251722201	0.26905115124	0.914941915322	0.969090422365	0.240335967852	0.087562993474	0.402899236373	0.890447471694	0.184139250157	0.0682143332313	0.840492690755
UP00239_1_Obox2_3438.2	0.592414708895	0.618568449885	0.860886386289	0.940199746119	0.605381539699	0.0646645781516	0.471948687359	0.599173855787	0.269230182617	0.122430429672	0.513751380888	0.96535993531
UP00240_1_Cdx1_2245.1	0.999371099322	0.50227126468	0.97113540677	0.855747839036	0.986695466394	0.869326307223	0.00109650618788	0.700618976252	0.0837992300306	0.246375748353	0.030533607511	0.200390152797
UP00241_1_Hoxd3_1742.2	0.998765194899	0.298574600687	0.831557515009	0.794555533989	0.861175076797	0.990308375509	0.00228982242093	0.86547130136	0.422175418119	0.375533618634	0.244004830652	0.0228582162457
UP00242_1_Hoxc8_3429.2	0.991420530817	0.104155259993	0.744913640621	0.817944744366	0.926751319973	0.996312613116	0.0146539988836	0.977470235399	0.699591025777	0.295562007494	0.157309894271	0.0120551888759
UP00243_1_Isx_3445.1	0.860957638548	0.713842367183	0.747793443164	0.504658655002	0.898355819381	0.815503003195	0.190842911682	0.574295613179	0.52415673489	0.66367890058	0.191414876937	0.317820677878
UP00244_1_Tlx2_3498.2	0.999655806431	0.476428574678	0.485471482215	0.509530938163	0.999746331281	0.910585614805	0.000597298339807	0.701579256569	0.730948848757	0.636648126546	0.00108226529073	0.136039016775
UP00245_1_Hoxc10_2779.2	0.999990926377	0.91866534671	0.718878961153	0.898423708064	0.970332150245	0.999602300374	2.31034184938e-05	0.365293360268	0.518569601373	0.230224472328	0.0723698521542	0.00158211206158
UP00246_1_Hoxa11_2218.1	0.999998482614	0.956574959438	0.793345435194	0.907041560263	0.982679109674	0.999701740146	4.16631817899e-06	0.232973104134	0.432224669545	0.205444465991	0.0471368507473	0.00121310589831
UP00247_1_Pax4_3989.2	0.577252808382	0.976817348702	0.686567267503	0.361224069321	0.927499009919	0.124798282695	0.527822013639	0.144636986865	0.642740072546	0.823302800507	0.177703362774	0.949761660789
UP00248_1_Pax7_3783.1	0.75143605044	0.53681131033	0.4670290408	0.287085322708	0.883924916673	0.815503003195	0.324890124546	0.703736049861	0.865296616962	0.848712022095	0.248135682123	0.317820677878
UP00249_1_Nkx2-5_3436.1	0.845834092038	0.465508503337	0.897980110528	0.901009327015	0.714910680759	0.334625755405	0.192514127229	0.702827305991	0.214444258866	0.169718183364	0.39461846033	0.759794062584
UP00250_1_Irx5_2385.1	0.853685699509	0.19139026082	0.831557515009	0.815860749828	0.312701054953	0.795195441359	0.208068181968	0.939462240412	0.422175418119	0.335841916393	0.931086258154	0.335966228955
UP00251_1_Esx1_3124.2	0.583614496739	0.41653763023	0.744913640621	0.044697475067	0.883924916673	0.702503848414	0.513174726407	0.808609739175	0.699591025777	0.990493635271	0.248135682123	0.46311965516
UP00252_1_Hoxc5_2630.2	0.938065049659	0.400826144211	0.384763211482	0.34414792919	0.99974303593	0.526002002299	0.0897859493244	0.789069579464	0.852663918588	0.809912780691	0.00130894744701	0.606587107601
UP00253_1_Rax_3443.1	0.752349508108	0.59035466131	0.686567267503	0.234197016707	0.849102027339	0.782172082921	0.324893963006	0.717902150293	0.642740072546	0.898800244406	0.272061788005	0.362998883941
UP00254_1_Pou2f1_3081.2	0.679724205047	0.296263950126	0.628439713694	0.486428100575	0.895106586647	0.305751397362	0.386668004452	0.878525532042	0.586012633522	0.67109508625	0.201084764683	0.789197580508
UP00255_1_Dbx1_3486.1	0.992413042052	0.297172693994	0.290394447332	0.429492734603	0.940549068739	0.984776008228	0.0111472988658	0.836245161073	0.864127993323	0.6974298481	0.108438400202	0.0280130652795
UP00256_1_Lhx6_2272.1	0.949846458618	0.713842367183	0.744913640621	0.624466381347	0.927499009919	0.664033771035	0.080027006963	0.574295613179	0.699591025777	0.578018866412	0.177703362774	0.487408315658
UP00257_1_Shox2_2641.2	0.58238352502	0.713842367183	0.4670290408	0.290393428496	0.959375188087	0.37169148841	0.515913966093	0.574295613179	0.865296616962	0.855630130746	0.117587721245	0.780538842432
UP00258_1_Tgif2_3451.1	0.970339522926	0.932993157015	0.436454260376	0.417958930903	0.976797806439	0.840161155094	0.0402013031344	0.163707295011	0.726558671561	0.703331244528	0.04153945228	0.231978439817
UP00259_1_Hoxb6_3428.2	0.997873671705	0.861266751223	0.475843265105	0.88080707572	0.987700582242	0.984671694464	0.00375678164642	0.294208661212	0.799902334126	0.204037883136	0.0309095776296	0.0398862454294
UP00260_1_Hoxc6_3954.2	0.779787710921	0.296263950126	0.384763211482	0.634465641828	0.974595431448	0.502213067917	0.287515159904	0.878525532042	0.852663918588	0.541726857797	0.0735299713021	0.641130382732
UP00261_1_Lhx4_1719.2	0.928322769268	0.4083233009	0.147336081408	0.990097920289	0.849102027339	0.742343337845	0.103490412496	0.797118842171	0.972937609328	0.0273846131388	0.272061788005	0.395118870472
UP00262_1_Lhx1_2240.2	0.94976217557	0.4083233009	0.384763211482	0.525394094415	0.969272612523	0.927341595708	0.0742536614432	0.797118842171	0.852663918588	0.655852070767	0.0697749727243	0.141181150164
UP00263_1_Hoxb8_3780.2	0.988613704663	0.375585845593	0.557624835365	0.951698129383	0.96921723303	0.890187133906	0.0176603922166	0.77411198926	0.651302392112	0.110335591022	0.0648153273215	0.186046722143
UP00264_1_Hoxa1_3425.1	0.981955962698	0.806175978357	0.794782321622	0.549485804746	0.711912088964	0.975484164417	0.0303297364183	0.440046984726	0.532970959192	0.647566868894	0.456205843005	0.0602722452819
UP00265_1_Pitx3_3497.2	0.014015645226	0.117154960053	0.612744830882	0.280255953809	0.198154406265	0.0881154031286	0.990184661018	0.948428684808	0.569556890529	0.810930238431	0.863268027343	0.948103448931
UP00266_1_Prrx1_3442.1	0.327809934176	0.174392946866	0.357259927447	0.394873292651	0.619447226406	0.702503848414	0.749017111843	0.95706386153	0.909807925848	0.763215729915	0.563166511046	0.46311965516
UP00267_1_Otx2_3441.1	0.589289599257	0.766601331925	0.684124179283	0.795962116856	0.536549185594	0.483961552835	0.476488299816	0.463188689656	0.511374806771	0.31800336676	0.58486353507	0.647481398524
UP00391_1_Hoxa3_primary	0.981087966676	0.436226255502	0.982961310771	0.908884658227	0.953492917166	0.664033771035	0.0314819609248	0.852303899048	0.0970026242497	0.175718431881	0.111076226438	0.487408315658
UP00391_3_Hoxa3_2783.2	0.931014504172	0.291455758332	0.982961310771	0.840936927385	0.469938456219	0.92641533338	0.100686301309	0.895844739987	0.0970026242497	0.271258494137	0.698727210248	0.148141494954
UP00406_1_Spdef_primary	0.99754197774	0.472286035809	0.831131972214	0.818021708012	0.998515770297	0.905660925291	0.00339801190791	0.658267424687	0.292405616653	0.24640456199	0.00271420296969	0.136647877809
UP00407_1_Elf3_primary	0.999999999994	0.615266741734	0.918727076872	0.999725835364	0.999929318245	0.999999821314	1.03409229377e-12	0.462400990016	0.120525035884	0.000435264272029	0.000114380769978	3.52482617125e-07
UP00408_1_Gabpa_primary	0.999147454043	0.414541427917	0.940312784958	0.718698163667	0.995836022103	0.999017559732	0.00108815147629	0.675729016303	0.101615022152	0.335033087831	0.00596248350652	0.00167571511073
klf4_homer	5.38716246356e-20	0.0758123452701	0.013714481799	0.00165385085614	0.000261066415929	3.77583481574e-13	0.999999999958	0.939647496594	0.990196335646	0.998782119492	0.999797524952	1.0
