TF	MERGED_WITH	CLUSTER1_WITH	CLUSTER2_WITH	CLUSTER3_WITH	CLUSTER4_WITH	CLUSTER5_WITH	MERGED_WO	CLUSTER1_WO	CLUSTER2_WO	CLUSTER3_WO	CLUSTER4_WO	CLUSTER5_WO
Ash2l_hand	2.79055177768e-38	1.15985097144e-06	0.000127092875775	0.00381597772461	4.9912893502e-11	5.39824853333e-15	1.0	1.0	1.0	1.0	1.0	1.0
E2A-Homer	9.99968144741e-11	0.00105706416558	0.0226648692568	0.136417329892	0.00379159439574	0.0126016576118	1.0	1.0	1.0	1.0	1.0	1.0
IRF8_AICS	0.000543752442568	0.201480091021	0.202775676327	1.0	0.000429329908334	0.332001042742	1.0	1.0	1.0	1.0	1.0	1.0
IRF8_IECS_HAND_KANO	0.000256564263888	0.0211638290053	0.0204783932284	1.0	0.00151719542049	0.516083261441	1.0	1.0	1.0	1.0	1.0	1.0
IRF8_ISRE_KANNO	0.0520265933445	0.770972941118	0.705752435918	1.0	0.000256490543631	1.0	1.0	1.0	1.0	0.827923234942	1.0	0.981245464722
MA0002.2.RUNX1	9.55366123727e-08	0.00382311050716	0.00202358718717	0.999638321439	0.00364642175831	0.0236586193673	1.0	1.0	1.0	1.0	1.0	1.0
MA0003.2.TFAP2A	3.34742527996e-53	1.09492706401e-05	1.5899560194e-08	7.24934525891e-06	8.91253105755e-13	1.15378090118e-18	1.0	1.0	1.0	1.0	1.0	1.0
MA0004.1.Arnt	1.0	1.0	1.0	1.0	1.0	1.0	1.0	1.0	1.0	1.0	1.0	1.0
MA0006.1.Arnt::Ahr	1.0	1.0	1.0	1.0	1.0	1.0	1.0	1.0	1.0	1.0	1.0	1.0
MA0007.2.AR	0.000447121641238	0.00508528619476	0.332089662921	0.753189997691	0.0102128775491	0.329507198586	1.0	1.0	1.0	1.0	1.0	1.0
MA0009.1.T	0.0964684980956	0.514611602589	0.528926912983	1.0	0.0758258806153	0.12546760474	1.0	1.0	1.0	0.843625397622	1.0	1.0
MA0014.2.PAX5	9.92331961164e-10	0.00433214649794	0.00217671676933	0.884855210053	1.58034904804e-05	0.121343331176	1.0	1.0	1.0	1.0	1.0	1.0
MA0017.1.NR2F1	6.41710366529e-07	0.000361337529371	0.0134932106508	0.962696761186	0.00206017201742	0.0328671224984	1.0	1.0	1.0	1.0	1.0	1.0
MA0018.2.CREB1	0.295053687756	0.013740039797	0.0581580866314	1.0	0.161989144796	1.0	1.0	1.0	1.0	1.0	1.0	0.0404148015246
MA0019.1.Ddit3::Cebpa	0.378773297393	0.317104805292	0.602928241898	1.0	0.0798145140571	1.0	1.0	1.0	1.0	1.0	1.0	0.952976552325
MA0024.2.E2F1	4.30852863159e-37	0.0010289178535	1.01481435581e-09	0.0641496493001	5.65701903299e-19	2.2895479219e-06	1.0	1.0	1.0	1.0	1.0	1.0
MA0025.1.NFIL3	1.0	0.705452335091	0.640566080984	1.0	0.63109048365	1.0	0.355613349056	1.0	1.0	0.827923234942	1.0	0.0223044476611
MA0027.1.En1	0.000281420074984	0.108626820226	0.868349140195	0.570041495928	0.00129067089169	0.335405958219	1.0	1.0	1.0	1.0	1.0	1.0
MA0028.1.ELK1	1.32310501151e-17	0.0105344738087	0.000120935389602	0.89652634907	7.43391030208e-07	0.000174299171874	1.0	1.0	1.0	1.0	1.0	1.0
MA0029.1.Mecom	1.0	0.770972941118	0.498023345129	0.89652634907	0.329674775206	1.0	0.432048380243	1.0	1.0	1.0	1.0	0.0078508528908
MA0030.1.FOXF2	0.882392010029	0.861612205666	0.686215890808	0.89652634907	0.171274970974	1.0	1.0	1.0	1.0	1.0	1.0	0.0756579850237
MA0031.1.FOXD1	0.211940634554	0.730775954556	0.528926912983	0.419718645449	0.200042596916	1.0	1.0	1.0	1.0	1.0	1.0	0.409498020474
MA0032.1.FOXC1	1.0	0.22667745913	0.862481288801	1.0	0.394853631663	1.0	0.926662151748	1.0	1.0	0.919224625488	1.0	0.358850892527
MA0033.1.FOXL1	1.0	0.640272978764	0.964538174762	1.0	0.1585425864	1.0	0.307235204902	1.0	1.0	0.832725627134	1.0	0.0101820903839
MA0035.3.Gata1	0.516914496358	0.410431510496	0.868349140195	0.89652634907	0.151541527944	1.0	1.0	1.0	1.0	1.0	1.0	0.698976239764
MA0036.2.GATA2	1.0	0.931929053217	0.717542249226	0.962696761186	0.366247619631	1.0	0.922077975534	1.0	1.0	1.0	1.0	0.302464062849
MA0037.2.GATA3	0.407180595266	0.408682221819	0.536042977683	0.89652634907	0.205814811103	1.0	1.0	1.0	1.0	1.0	1.0	0.609129979949
MA0038.1.Gfi1	0.67091044009	0.959953821478	0.527587590455	1.0	0.0109986423795	1.0	1.0	1.0	1.0	1.0	1.0	0.225632436331
MA0039.2.Klf4	6.06408679408e-60	0.000251759913666	9.64403046786e-08	0.00135222119793	2.3311594056e-20	2.33724675756e-24	1.0	1.0	1.0	1.0	1.0	1.0
MA0040.1.Foxq1	1.0	1.0	1.0	0.89652634907	0.713770474378	1.0	0.00309401934292	1.0	0.929579835272	1.0	1.0	0.000807620655787
MA0041.1.Foxd3	1.0	0.32370909477	0.273533791199	1.0	0.151120922838	1.0	0.439843629196	1.0	1.0	1.0	1.0	0.0015602718651
MA0042.1.FOXI1	1.0	0.988939821048	0.655386778102	0.884855210053	0.0159570164255	1.0	0.876339454643	1.0	1.0	1.0	1.0	0.0355902795079
MA0043.1.HLF	1.0	0.497108914121	0.262285679629	1.0	0.856482813609	1.0	0.983865914493	1.0	1.0	0.827923234942	1.0	0.424716019612
MA0046.1.HNF1A	1.0	0.958324001786	0.990029348075	1.0	0.108643502749	1.0	0.355613349056	1.0	1.0	1.0	1.0	0.0601269242648
MA0047.2.Foxa2	1.0	0.959953821478	0.868349140195	1.0	0.192606228199	1.0	0.516274794296	1.0	1.0	1.0	1.0	0.0163161406359
MA0048.1.NHLH1	4.45873925628e-24	3.34689867404e-07	9.5680479512e-07	0.339127831837	1.11116558141e-07	2.1040696016e-06	1.0	1.0	1.0	1.0	1.0	1.0
MA0050.2.IRF1	0.915134703286	0.865890348338	0.537358828837	1.0	0.0180264098784	1.0	1.0	1.0	1.0	1.0	1.0	0.0912320856878
MA0051.1.IRF2	0.107321057906	0.99638192481	0.467705801903	0.884855210053	0.00457865319277	1.0	1.0	1.0	1.0	1.0	1.0	0.743299504837
MA0052.2.MEF2A	1.0	0.999878412298	0.163961827303	1.0	0.000369642475951	1.0	0.983865914493	1.0	1.0	0.714996010589	1.0	0.0501300825239
MA0056.1.MZF1_1-4	3.52572205273e-67	9.00194978834e-09	2.0587913794e-06	0.000276884357152	6.59297765034e-24	6.9990050883e-29	1.0	1.0	1.0	1.0	1.0	1.0
MA0057.1.MZF1_5-13	7.48176613301e-38	3.97857216681e-08	5.76185006733e-06	0.000645932990621	3.56800953657e-14	1.65871711684e-09	1.0	1.0	1.0	1.0	1.0	1.0
MA0058.2.MAX	0.000167587553515	0.0433097715198	0.00245998653874	0.69817247566	0.0479360565206	0.617144134775	1.0	1.0	1.0	1.0	1.0	1.0
MA0059.1.MYC::MAX	1.87912562769e-05	0.0258509373563	0.280604267912	0.221084122677	0.0299592883703	0.516083261441	1.0	1.0	1.0	1.0	1.0	1.0
MA0060.2.NFYA	0.00098500524565	0.0712585215848	0.0496442348481	1.0	0.000195270019379	0.978419626995	1.0	1.0	1.0	0.827923234942	1.0	1.0
MA0062.2.GABPA	3.55592914374e-22	0.158211589298	2.42071315221e-06	0.0608692062164	1.7686335361e-08	0.00012234750257	1.0	1.0	1.0	1.0	1.0	1.0
MA0063.1.Nkx2-5	1.0	0.988939821048	0.0184774834698	1.0	0.682421260716	1.0	0.266209280805	1.0	1.0	0.254162525415	1.0	0.123086469998
MA0065.2.PPARG::RXRA	1.82666427248e-26	0.000511354491534	2.32584452366e-05	0.0368232333582	6.45622398002e-09	4.65801725946e-10	1.0	1.0	1.0	1.0	1.0	1.0
MA0066.1.PPARG	5.69710491797e-10	0.00471042968148	0.0247116035037	0.499043318578	0.00507765180829	7.05711258411e-05	1.0	1.0	1.0	1.0	1.0	1.0
MA0067.1.Pax2	3.02814564404e-09	0.0132537692137	0.0299699591026	0.753189997691	0.000128893739657	0.125417172004	1.0	1.0	1.0	1.0	1.0	1.0
MA0068.1.Pax4	0.0762548510861	0.30055696531	0.439564856109	0.8140462299	0.00101202676262	1.0	1.0	1.0	1.0	1.0	1.0	0.145349776214
MA0069.1.Pax6	0.848921549549	0.5020724478	0.139469027767	1.0	0.529733387697	1.0	1.0	1.0	1.0	0.748003743186	1.0	0.851430080678
MA0070.1.PBX1	1.0	0.990006488244	1.0	1.0	0.525458556652	1.0	0.00858487116288	1.0	1.0	1.0	1.0	0.00282510341374
MA0071.1.RORA_1	0.155583294359	0.0437484213139	0.0150196043651	1.0	0.0321836646642	1.0	1.0	1.0	1.0	0.748003743186	1.0	0.524444815588
MA0072.1.RORA_2	0.723341490956	0.344255623273	0.560814089806	0.884855210053	0.0297248117362	1.0	1.0	1.0	1.0	1.0	1.0	0.0436622756976
MA0073.1.RREB1	1.72568258281e-48	0.00082114770024	4.31530397621e-08	0.000136364055603	7.10962825713e-16	9.67810865571e-16	1.0	1.0	1.0	1.0	1.0	1.0
MA0074.1.RXRA::VDR	8.64352542488e-08	0.00865745400235	0.31785686759	0.884855210053	0.00104917757992	0.00434664473283	1.0	1.0	1.0	1.0	1.0	1.0
MA0075.1.Prrx2	1.0	1.0	1.0	1.0	1.0	1.0	1.0	1.0	1.0	1.0	1.0	1.0
MA0076.2.ELK4	3.56281932634e-14	0.0105344738087	0.000124962149842	0.482270940848	4.87077067553e-06	0.0365064598838	1.0	1.0	1.0	1.0	1.0	1.0
MA0077.1.SOX9	1.0	0.092384684503	0.359217083762	1.0	0.317323200148	1.0	0.396394264739	1.0	1.0	0.8754387171	1.0	0.00941137163862
MA0078.1.Sox17	1.0	0.353486926445	0.180437420639	1.0	0.473616085333	1.0	0.798114316762	1.0	1.0	1.0	1.0	0.160425772403
MA0079.3.SP1	1.23597882968e-65	6.42986644988e-05	1.27506320701e-08	0.000107275931585	2.70371798437e-22	5.53556642804e-24	1.0	1.0	1.0	1.0	1.0	1.0
MA0080.3.Spi1	3.23202183174e-05	0.0750811372	0.053468044114	0.361541504367	0.000293264461444	1.0	1.0	1.0	1.0	1.0	1.0	0.857288484203
MA0081.1.SPIB	0.00854496875016	0.173152531135	0.0496763687987	1.0	0.000286808613862	1.0	1.0	1.0	1.0	1.0	1.0	0.663519379766
MA0083.2.SRF	0.267228613251	0.200969954455	0.286452759978	1.0	0.0479360565206	1.0	1.0	1.0	1.0	0.95843267241	1.0	0.576049708782
MA0084.1.SRY	1.0	0.990006488244	0.220714869067	1.0	0.0818273874299	1.0	0.223461505341	1.0	1.0	1.0	1.0	0.00182240058844
MA0087.1.Sox5	1.0	0.933881897583	0.574573455247	0.976177907086	0.624455021002	1.0	0.025563811025	1.0	1.0	1.0	1.0	0.000630344339144
MA0088.1.znf143	1.93854813424e-23	0.000947339364057	0.00154615266581	0.111117681081	1.7686335361e-08	1.19056902619e-07	1.0	1.0	1.0	1.0	1.0	1.0
MA0089.1.NFE2L1::MafG	0.0990108935538	0.678577383605	0.31785686759	0.887698953911	0.00123991387265	1.0	1.0	1.0	1.0	1.0	1.0	0.79418277152
MA0090.1.TEAD1	8.59035100829e-05	0.0248835569806	0.439564856109	0.587856365838	0.000251189702513	1.0	1.0	1.0	1.0	1.0	1.0	0.454025158962
MA0091.1.TAL1::TCF3	0.00293769983229	0.478697353649	0.286452759978	0.361541504367	0.0199627219519	0.648794011773	1.0	1.0	1.0	1.0	1.0	1.0
MA0092.1.Hand1::Tcfe2a	0.000339466225432	0.00660165187654	0.0585593178452	0.959612796455	0.0206086717842	0.711061191255	1.0	1.0	1.0	1.0	1.0	1.0
MA0093.2.USF1	0.00012233642705	0.0130299855161	0.0180842610363	0.959612796455	0.00540319921172	0.68170499081	1.0	1.0	1.0	1.0	1.0	1.0
MA0095.2.YY1	0.0228403526017	0.933349620773	0.317116859057	0.806593017668	0.0199627219519	1.0	1.0	1.0	1.0	1.0	1.0	0.759344589207
MA0098.2.Ets1	0.00598187859302	0.00266541119542	0.0695613528105	1.0	0.0105213860281	1.0	1.0	1.0	1.0	0.82864745467	1.0	0.97286613178
MA0099.2.JUN::FOS	1.0	0.49517817499	0.00226504934715	1.0	0.834681275137	1.0	0.0152945483692	1.0	1.0	0.0919951293021	1.0	0.00373117590005
MA0100.2.Myb	0.436433913138	0.081687409688	0.498525402285	1.0	0.128592939478	1.0	1.0	1.0	1.0	0.714996010589	1.0	0.97286613178
MA0101.1.REL	0.0	7.84869328471e-28	3.32464707179e-17	5.11235855154e-74	2.83293184144e-65	5.56540393008e-164	1.0	1.0	1.0	1.0	1.0	1.0
MA0102.3.CEBPA	1.0	0.990006488244	0.866195106828	1.0	0.717411264391	1.0	0.0186647428498	1.0	1.0	0.254162525415	1.0	0.0633244290465
MA0103.2.ZEB1	7.06814598432e-29	0.000264246035503	3.1901100765e-05	0.0977071079103	2.54179397316e-12	1.20460842356e-08	1.0	1.0	1.0	1.0	1.0	1.0
MA0104.3.Mycn	2.66303882177e-13	0.00184974700521	8.44701936332e-05	0.0741392661906	0.0245212072464	0.000122436019132	1.0	1.0	1.0	1.0	1.0	1.0
MA0105.3.NFKB1	0.0	4.18808983625e-25	6.07889248617e-20	2.08755959273e-64	3.89691446764e-73	2.10575175057e-141	1.0	1.0	1.0	1.0	1.0	1.0
MA0106.2.TP53	0.0019932620269	0.0640488167728	0.632988834452	0.566149254241	0.0318127458273	0.268958637375	1.0	1.0	1.0	1.0	1.0	1.0
MA0107.1.RELA	0.0	3.6624778264e-38	3.82124067469e-23	2.20386341391e-89	5.11685273812e-87	7.41776047814e-223	1.0	1.0	1.0	1.0	1.0	1.0
MA0108.2.TBP	0.336381967744	0.719809668163	0.4024750196	1.0	0.00729812578774	1.0	1.0	1.0	1.0	1.0	1.0	0.258816161213
MA0109.1.Hltf	1.0	0.28731651642	0.844734253668	1.0	0.0906252720443	1.0	0.549557382737	1.0	1.0	0.843625397622	1.0	0.0109221432232
MA0111.1.Spz1	4.44715745204e-05	0.419398159204	0.00776683734103	0.566149254241	6.85614190181e-05	0.618869082244	1.0	1.0	1.0	1.0	1.0	1.0
MA0112.2.ESR1	2.79171314969e-24	4.06121556914e-05	0.000131095168784	0.127772145662	5.86979708742e-06	5.97074040862e-10	1.0	1.0	1.0	1.0	1.0	1.0
MA0113.2.NR3C1	0.00495554004129	0.00341869287623	0.440012911198	1.0	0.000296903273399	0.886571260989	1.0	1.0	1.0	1.0	1.0	1.0
MA0114.2.HNF4A	6.39691578183e-13	0.000214780208963	6.8668442585e-06	0.884855210053	3.41972721885e-05	0.000557943530301	1.0	1.0	1.0	1.0	1.0	1.0
MA0115.1.NR1H2::RXRA	0.04551728314	0.0351740541303	0.0259130238203	1.0	0.0479360565206	1.0	1.0	1.0	1.0	0.827923234942	1.0	1.0
MA0116.1.Zfp423	4.14869062337e-33	5.03543412124e-06	6.28407098322e-07	0.00190903035375	1.54237172776e-11	5.91814892001e-08	1.0	1.0	1.0	1.0	1.0	1.0
MA0117.1.Mafb	0.0122762098912	0.521571192779	0.00716373851101	1.0	0.0180264098784	1.0	1.0	1.0	1.0	0.919224625488	1.0	1.0
MA0119.1.TLX1::NFIC	3.58297449028e-05	0.00286631303193	0.100696531366	0.566149254241	0.0124215234431	0.821523579758	1.0	1.0	1.0	1.0	1.0	1.0
MA0122.1.Nkx3-2	0.0630620991647	0.0250117990696	0.534639541811	1.0	0.00624629112251	1.0	1.0	1.0	1.0	0.970671360806	1.0	0.857288484203
MA0124.1.NKX3-1	1.0	0.178306582752	0.94981672033	1.0	0.720741461425	1.0	0.00829589459966	1.0	1.0	0.800238474221	1.0	0.000207345968201
MA0125.1.Nobox	1.0	0.94144196343	0.170425360986	1.0	0.544905319069	1.0	0.515841727858	1.0	1.0	0.651807687681	1.0	0.141313751985
MA0130.1.ZNF354C	1.0	1.0	1.0	1.0	1.0	1.0	1.0	1.0	1.0	1.0	1.0	1.0
MA0131.1.HINFP	3.02814564404e-09	0.353486926445	0.048934526285	0.0641496493001	0.000111830816336	0.68170499081	1.0	1.0	1.0	1.0	1.0	1.0
MA0132.1.Pdx1	1.0	1.0	1.0	1.0	1.0	1.0	1.0	1.0	1.0	1.0	1.0	1.0
MA0133.1.BRCA1	0.0319740799073	0.174064221329	0.220714869067	1.0	0.0297248117362	1.0	1.0	1.0	1.0	1.0	1.0	0.991822020312
MA0135.1.Lhx3	1.0	0.990006488244	1.0	0.89652634907	0.178652625889	1.0	0.0341359855576	1.0	1.0	1.0	1.0	0.00651206116071
MA0136.1.ELF5	0.889493981026	0.561019247234	0.388255574811	1.0	0.00540319921172	1.0	1.0	1.0	1.0	0.814028341927	1.0	0.10572696429
MA0137.3.STAT1	2.34599279046e-06	0.218425750101	0.344447657606	0.104176905665	0.076800421586	0.0212660084948	1.0	1.0	1.0	1.0	1.0	1.0
MA0138.2.REST	2.15498569184e-26	0.00359938478139	0.0228770858439	0.000287647621255	1.93421185122e-10	1.60808069166e-06	1.0	1.0	1.0	1.0	1.0	1.0
MA0139.1.CTCF	6.68866791113e-32	3.09298355467e-07	8.08114987221e-07	0.375690418372	7.10340508777e-12	3.43447740882e-11	1.0	1.0	1.0	1.0	1.0	1.0
MA0140.2.TAL1::GATA1	0.889493981026	0.799305256642	0.0594804940947	1.0	0.0627656449582	1.0	1.0	1.0	1.0	0.441716812052	1.0	0.386132623846
MA0141.2.Esrrb	4.31933219408e-06	0.00529686985832	0.302540953903	0.37288716152	0.0380116387272	0.0184527479112	1.0	1.0	1.0	1.0	1.0	1.0
MA0142.1.Pou5f1::Sox2	1.0	0.485708217056	0.875907953501	1.0	0.643089512503	1.0	0.00215245707497	1.0	1.0	0.0980705278191	1.0	0.000600655061038
MA0143.3.Sox2	0.036085007472	0.786226214524	0.100696531366	0.179248890418	0.00865095501473	1.0	1.0	1.0	1.0	1.0	1.0	0.323612938856
MA0144.2.STAT3	1.99165880271e-07	0.00295629878973	0.369015997069	0.588916416737	0.00792347093501	0.00346993599436	1.0	1.0	1.0	1.0	1.0	1.0
MA0145.2.Tcfcp2l1	1.68493445875e-28	1.15985097144e-06	0.000253353325171	0.0641496493001	1.42655681374e-07	2.7799109385e-09	1.0	1.0	1.0	1.0	1.0	1.0
MA0146.2.Zfx	1.16977586691e-56	5.36055754905e-07	8.37797621086e-15	0.000549252347356	3.8999151058e-18	3.54825413678e-16	1.0	1.0	1.0	1.0	1.0	1.0
MA0147.2.Myc	2.31049783362e-09	0.0115646149412	0.00384126350358	0.2417545316	0.0369819914585	0.00239952335401	1.0	1.0	1.0	1.0	1.0	1.0
MA0148.3.FOXA1	1.0	0.959953821478	0.954624475122	0.89652634907	0.242661363608	1.0	0.706766310587	1.0	1.0	1.0	1.0	0.0394360953249
MA0149.1.EWSR1-FLI1	4.91461277074e-22	0.000264246035503	0.00359732957518	0.709793725564	5.14979758791e-08	1.65871711684e-09	1.0	1.0	1.0	1.0	1.0	1.0
MA0150.2.Nfe2l2	1.0	0.730775954556	0.459387484393	1.0	0.235214947202	1.0	0.571032036191	1.0	1.0	0.211848996284	1.0	0.792276445186
MA0151.1.ARID3A	1.0	0.959953821478	0.459387484393	0.89652634907	0.12453182302	1.0	0.51277922422	1.0	1.0	1.0	1.0	0.00675193135428
MA0152.1.NFATC2	0.853465231653	0.740082746053	0.462763009145	1.0	0.136849022532	1.0	1.0	1.0	1.0	1.0	1.0	0.406575661154
MA0153.1.HNF1B	1.0	0.959953821478	0.954624475122	1.0	0.647138218007	1.0	0.00858487116288	1.0	1.0	1.0	1.0	0.0015602718651
MA0154.2.EBF1	7.43706409556e-54	1.45513750349e-07	3.97061551491e-10	0.000107275931585	5.19028091589e-17	6.31296058565e-20	1.0	1.0	1.0	1.0	1.0	1.0
MA0155.1.INSM1	1.42418994078e-41	1.12845358458e-05	3.03020470413e-11	0.00324172264848	4.16444409844e-14	1.66445997714e-12	1.0	1.0	1.0	1.0	1.0	1.0
MA0156.1.FEV	0.726278261873	0.457846130825	0.309375905951	1.0	0.00707486621831	1.0	1.0	1.0	1.0	0.68946603637	1.0	0.156391525082
MA0157.1.FOXO3	1.0	0.94144196343	0.686215890808	1.0	0.26162767134	1.0	0.324055698691	1.0	1.0	0.843625397622	1.0	0.0404148015246
MA0158.1.HOXA5	1.0	0.963207898581	0.826395929318	1.0	0.707906169775	1.0	0.515841727858	1.0	1.0	0.919224625488	1.0	0.576049708782
MA0159.1.RXR::RAR_DR5	1.75857879528e-18	0.00455911480711	1.55435855479e-05	0.0293909812391	0.015583527334	3.50227054582e-09	1.0	1.0	1.0	1.0	1.0	1.0
MA0160.1.NR4A2	0.00501669561337	0.0595149754792	0.0539389576683	0.89652634907	0.262337164802	0.476667856521	1.0	1.0	1.0	1.0	1.0	1.0
MA0161.1.NFIC	1.0	1.0	1.0	1.0	1.0	1.0	1.0	1.0	1.0	1.0	1.0	1.0
MA0162.2.EGR1	4.2740246961e-59	1.51169788978e-05	1.27506320701e-08	0.000971785882189	1.33278494986e-21	5.15913955014e-21	1.0	1.0	1.0	1.0	1.0	1.0
MA0163.1.PLAG1	3.45546358695e-70	1.89239417184e-05	3.03020470413e-11	0.000523604493566	3.16938732359e-24	8.85242489076e-27	1.0	1.0	1.0	1.0	1.0	1.0
MA0164.1.Nr2e3	0.295457440653	0.637349705478	0.964538174762	0.999638321439	0.1585425864	0.720232288904	1.0	1.0	1.0	1.0	1.0	1.0
MA0258.2.ESR2	1.97063445803e-15	0.000103685554679	0.000630402023794	0.885839176787	2.19255022241e-09	0.00131978094407	1.0	1.0	1.0	1.0	1.0	1.0
MA0259.1.HIF1A::ARNT	1.6308133269e-05	0.269510785344	1.2843521352e-05	0.499043318578	0.200042596916	0.799398083024	1.0	1.0	1.0	1.0	1.0	1.0
MA0442.1.SOX10	0.155583294359	0.0922921941834	0.437353150429	1.0	0.0208358385903	1.0	1.0	1.0	1.0	0.800238474221	1.0	0.866491659656
MA0461.1.Atoh1	6.73033949596e-11	0.0569591386852	0.00562155159944	1.0	9.01804018352e-06	1.68702677532e-05	1.0	1.0	1.0	0.919224625488	1.0	1.0
MA0462.1.BATF::JUN	1.0	0.629258721353	0.863295172306	1.0	0.931744278551	1.0	6.93394382872e-05	1.0	1.0	0.0750983762055	1.0	0.00166337594042
MA0463.1.Bcl6	5.59883928514e-07	0.000322348804517	0.319384415926	0.238754273483	0.1253837002	0.0148245088691	1.0	1.0	1.0	1.0	1.0	1.0
MA0464.1.Bhlhe40	2.54163975739e-07	0.14410434972	0.000589380540816	0.959612796455	0.00722332671447	0.00237996969657	1.0	1.0	1.0	1.0	1.0	1.0
MA0465.1.CDX2	1.0	0.959953821478	0.993705872028	0.89652634907	0.879123494409	1.0	0.00858487116288	1.0	1.0	1.0	1.0	0.00182240058844
MA0466.1.CEBPB	1.0	0.857000848465	0.835471820876	1.0	0.0961312900616	1.0	0.293871558145	1.0	1.0	0.254162525415	1.0	0.116636577198
MA0467.1.Crx	0.233823213106	0.00236709337065	0.439564856109	1.0	0.0339843849223	1.0	1.0	1.0	1.0	0.879383683622	1.0	0.223853812939
MA0468.1.DUX4	1.0	0.4608345868	1.0	1.0	0.697253189865	1.0	0.294163963702	1.0	0.83861644231	1.0	1.0	0.138504814878
MA0469.1.E2F3	3.65680594048e-56	5.28402806398e-06	1.47753285833e-06	5.61887442807e-06	7.87400074823e-19	6.20129316473e-16	1.0	1.0	1.0	1.0	1.0	1.0
MA0470.1.E2F4	6.59288845026e-44	0.00842586719574	1.32970107529e-11	0.000534277746512	2.78786059872e-20	1.07311004868e-07	1.0	1.0	1.0	1.0	1.0	1.0
MA0471.1.E2F6	1.42418994078e-41	1.86769466116e-05	5.85278669239e-06	0.0470966267316	2.75148598377e-13	1.08001142645e-15	1.0	1.0	1.0	1.0	1.0	1.0
MA0472.1.EGR2	1.29295029536e-51	5.01857648365e-05	8.09904508096e-10	0.00331819197184	3.63041795968e-15	3.45875150401e-18	1.0	1.0	1.0	1.0	1.0	1.0
MA0473.1.ELF1	0.00304737431146	0.0510603163872	0.0156134024069	1.0	2.30838677643e-05	1.0	1.0	1.0	1.0	0.919224625488	1.0	0.395605810587
MA0474.1.Erg	0.0162939669613	0.00146625604742	0.0544118504495	1.0	0.015583527334	1.0	1.0	1.0	1.0	0.82864745467	1.0	0.720570418086
MA0475.1.FLI1	7.62008186685e-05	0.179417998419	0.0378501887256	1.0	0.000973721586072	0.339546733607	1.0	1.0	1.0	1.0	1.0	1.0
MA0476.1.FOS	1.0	0.677973947575	0.083144555012	1.0	0.925657777638	1.0	0.000518538074162	1.0	1.0	0.0980705278191	1.0	0.000754834471567
MA0477.1.FOSL1	1.0	0.94144196343	0.0428619490288	1.0	0.850344968021	1.0	0.00206849138607	1.0	1.0	0.0919951293021	1.0	0.00205028792414
MA0478.1.FOSL2	1.0	0.806014911541	0.145078581268	1.0	0.797693417847	1.0	0.00137444879953	1.0	1.0	0.0980705278191	1.0	0.000776550905735
MA0479.1.FOXH1	1.0	0.861612205666	1.0	1.0	0.618457368613	1.0	0.00858487116288	1.0	0.929579835272	0.827923234942	1.0	0.00349416429914
MA0480.1.Foxo1	1.0	0.840656868352	0.837593956176	1.0	0.343971858886	1.0	0.640267228377	1.0	1.0	1.0	1.0	0.173097755465
MA0481.1.FOXP1	1.0	0.49517817499	0.956212564758	1.0	0.0249130581356	1.0	0.368751288535	1.0	1.0	1.0	1.0	0.000807620655787
MA0482.1.Gata4	0.536204113097	0.676289367552	0.46743812903	0.884855210053	0.461443471392	1.0	1.0	1.0	1.0	1.0	1.0	0.609129979949
MA0483.1.Gfi1b	0.098513836641	0.49517817499	0.0428619490288	1.0	0.0102128775491	1.0	1.0	1.0	1.0	0.748003743186	1.0	0.909004399321
MA0484.1.HNF4G	6.23779140094e-11	0.000322348804517	0.000243488344224	0.884855210053	2.14440213244e-05	0.00400068943416	1.0	1.0	1.0	1.0	1.0	1.0
MA0485.1.Hoxc9	1.0	0.988939821048	0.837593956176	1.0	0.213942108142	1.0	0.0931081879595	1.0	1.0	1.0	1.0	0.00166337594042
MA0486.1.HSF1	2.7511000876e-09	0.00058656755002	0.00191348112249	0.0477413920636	0.00457865319277	0.281553079937	1.0	1.0	1.0	1.0	1.0	1.0
MA0488.1.JUN	1.0	0.213639311137	0.459387484393	1.0	0.219842961126	1.0	0.898449554959	1.0	1.0	0.14057932072	1.0	0.401313284497
MA0489.1.JUN.var.2	1.0	0.945313308526	0.136754412108	1.0	0.713770474378	1.0	0.000398146160139	1.0	1.0	0.0980705278191	1.0	0.000245821095421
MA0490.1.JUNB	1.0	0.939824674719	0.0428619490288	1.0	0.892731762938	1.0	0.000398146160139	1.0	1.0	0.159727101758	1.0	0.000282199989024
MA0491.1.JUND	1.0	0.945313308526	0.0695733725708	1.0	0.931336418825	1.0	0.000398146160139	1.0	1.0	0.14057932072	1.0	0.000727033771159
MA0492.1.JUND.var.2	1.0	0.344313441644	0.286452759978	1.0	0.210997863797	1.0	0.574138383944	1.0	1.0	0.363408710964	1.0	0.0607345180867
MA0493.1.Klf1	2.82102928072e-47	0.00073552662627	1.05937466788e-07	0.000510101285355	8.91253105755e-13	8.19872175058e-18	1.0	1.0	1.0	1.0	1.0	1.0
MA0494.1.Nr1h3::Rxra	3.26159069112e-07	0.0115532901187	0.496476739633	0.965988459295	3.34970865374e-05	0.000414535890399	1.0	1.0	1.0	1.0	1.0	1.0
MA0495.1.MAFF	1.0	0.521571192779	0.705752435918	1.0	0.550734252419	1.0	0.124038735554	1.0	1.0	0.0980705278191	1.0	0.156959742373
MA0496.1.MAFK	1.0	0.28384612932	0.597967562177	1.0	0.539279211976	1.0	0.368751288535	1.0	1.0	0.262693543411	1.0	0.270464257394
MA0497.1.MEF2C	1.0	0.974868841089	0.602245902842	1.0	0.327237148991	1.0	0.330323704968	1.0	1.0	0.714996010589	1.0	0.0617639037214
MA0498.1.Meis1	3.06782703323e-05	0.00331024620717	0.0226648692568	0.999638321439	0.000845127558634	0.390424653825	1.0	1.0	1.0	1.0	1.0	1.0
MA0499.1.Myod1	3.46720635521e-16	0.0105344738087	0.00137774118046	0.331585592145	5.86979708742e-06	2.11680437863e-05	1.0	1.0	1.0	1.0	1.0	1.0
MA0500.1.Myog	2.4562146146e-15	0.00178244028719	0.00226504934715	0.356672558651	0.00017931976488	9.22212261207e-05	1.0	1.0	1.0	1.0	1.0	1.0
MA0501.1.NFE2::MAF	1.0	0.959953821478	0.341142306934	1.0	0.529733387697	1.0	0.33610449657	1.0	1.0	0.651807687681	1.0	0.314445195742
MA0502.1.NFYB	0.00539042239411	0.619690451698	0.059019374163	1.0	0.00339159354289	0.342551700208	1.0	1.0	1.0	0.714996010589	1.0	1.0
MA0503.1.Nkx2-5.var.2	1.20965225137e-07	0.0124391021085	8.99806492432e-05	0.83483374367	0.000108629373665	0.194595706958	1.0	1.0	1.0	1.0	1.0	1.0
MA0504.1.NR2C2	1.43661095875e-33	1.2418916438e-06	2.81570341235e-06	0.111117681081	8.74148727338e-13	1.27774947094e-10	1.0	1.0	1.0	1.0	1.0	1.0
MA0505.1.Nr5a2	1.41872582184e-09	0.00020371340942	0.0515290699105	0.708176980957	0.000687895986392	0.00265750435032	1.0	1.0	1.0	1.0	1.0	1.0
MA0506.1.NRF1	8.19441775755e-38	0.0782307295642	1.27506320701e-08	0.00418324838696	3.47473603448e-13	6.41501007385e-08	1.0	1.0	1.0	1.0	1.0	1.0
MA0507.1.POU2F2	1.0	0.965544370989	0.357944884186	0.801157001194	0.108643502749	1.0	0.570764246592	1.0	1.0	1.0	1.0	0.0101820903839
MA0508.1.PRDM1	0.0137160999157	0.167818898041	0.868349140195	0.801157001194	0.00149336901428	0.872893920862	1.0	1.0	1.0	1.0	1.0	1.0
MA0509.1.Rfx1	3.31596370832e-06	0.0521154961682	0.000120935389602	0.891841353563	0.00540319921172	0.342551700208	1.0	1.0	1.0	1.0	1.0	1.0
MA0510.1.RFX5	6.68227311064e-19	4.92171816175e-06	1.25964184215e-07	0.382042070966	2.14440213244e-05	0.000111478705337	1.0	1.0	1.0	1.0	1.0	1.0
MA0511.1.RUNX2	4.26613210021e-06	0.00161151096892	0.00975653293505	0.806593017668	0.00768458653756	0.339546733607	1.0	1.0	1.0	1.0	1.0	1.0
MA0512.1.Rxra	1.20965225137e-07	0.00298103673847	0.0763668992915	0.89652634907	0.000429329908334	0.00753976233625	1.0	1.0	1.0	1.0	1.0	1.0
MA0513.1.SMAD2::SMAD3::SMAD4	2.06513511082e-10	0.00189454949231	0.0186135962855	0.518471499321	8.71191099029e-05	0.00637780793694	1.0	1.0	1.0	1.0	1.0	1.0
MA0514.1.Sox3	0.155583294359	0.715184114572	0.0594804940947	0.959612796455	2.30838677643e-05	1.0	1.0	1.0	1.0	1.0	1.0	0.0996970600761
MA0515.1.Sox6	0.786100659698	0.690303816826	0.0695613528105	1.0	0.0677865578016	1.0	1.0	1.0	1.0	1.0	1.0	0.127879304477
MA0516.1.SP2	3.24265307896e-64	0.000713886153609	1.27506320701e-08	0.000217438754376	2.74178161382e-21	1.33038099822e-25	1.0	1.0	1.0	1.0	1.0	1.0
MA0517.1.STAT2::STAT1	0.0115319910586	0.730775954556	0.439564856109	1.0	5.27347317212e-05	0.861754044363	1.0	1.0	1.0	0.95843267241	1.0	1.0
MA0518.1.Stat4	6.08711373279e-05	0.0712257951966	0.25760067026	0.566149254241	0.0114103199089	0.312428035045	1.0	1.0	1.0	1.0	1.0	1.0
MA0519.1.Stat5a::Stat5b	2.70544356416e-12	0.109177021603	0.308329190022	0.00167360704527	4.34276284444e-05	0.0124249008375	1.0	1.0	1.0	1.0	1.0	1.0
MA0520.1.Stat6	0.0765254035779	0.0744876916191	0.942582489991	0.779939302505	0.000303842096338	1.0	1.0	1.0	1.0	1.0	1.0	0.183011352906
MA0521.1.Tcf12	1.19233096248e-12	0.00295629878973	0.0103192341758	0.37288716152	0.00175369126509	0.000287002401283	1.0	1.0	1.0	1.0	1.0	1.0
MA0522.1.Tcf3	2.76979365712e-17	0.00114208529422	0.00200200611376	0.142425935472	6.11618378872e-06	2.25860675772e-05	1.0	1.0	1.0	1.0	1.0	1.0
MA0523.1.TCF7L2	0.409838945059	0.174082313996	0.640566080984	0.943821544856	0.000515661678128	1.0	1.0	1.0	1.0	1.0	1.0	0.0954350466343
MA0524.1.TFAP2C	1.37520391549e-53	3.22190089403e-08	1.55763746424e-09	0.000381918916462	6.81321375773e-14	5.41314453173e-19	1.0	1.0	1.0	1.0	1.0	1.0
MA0525.1.TP63	4.167566547e-08	0.010881735639	0.139469027767	0.0176608386132	0.000786338185746	0.121959723061	1.0	1.0	1.0	1.0	1.0	1.0
MA0526.1.USF2	2.86030723115e-07	0.00268257857958	0.00532370034752	0.708176980957	0.0180667813588	0.0445939267405	1.0	1.0	1.0	1.0	1.0	1.0
MA0527.1.ZBTB33	1.36541098485e-19	0.00236709337065	0.00329668577293	0.0280022531744	2.31229568077e-07	0.00439072495721	1.0	1.0	1.0	1.0	1.0	1.0
MA0528.1.ZNF263	3.07857723837e-26	0.00269306424484	1.27506320701e-08	0.305537136438	4.33839447741e-12	8.91108279367e-08	1.0	1.0	1.0	1.0	1.0	1.0
MA0591.1.Bach1::Mafk	0.0711202426982	0.450919729127	0.000574105756289	1.0	0.0497426349204	1.0	1.0	1.0	1.0	0.843625397622	1.0	0.992688425507
MA0592.1.ESRRA	6.39163902176e-08	0.000700768329381	0.118442767176	0.436799831134	0.00735561746819	0.00534005961755	1.0	1.0	1.0	1.0	1.0	1.0
MA0593.1.FOXP2	1.0	0.844054833497	0.721752362924	1.0	0.187288767708	1.0	0.624402841865	1.0	1.0	1.0	1.0	0.00941137163862
MA0594.1.Hoxa9	1.0	0.865890348338	0.862481288801	0.884855210053	0.63109048365	1.0	0.466626393452	1.0	1.0	1.0	1.0	0.0789511113806
MA0595.1.SREBF1	1.45777707082e-06	0.632958782509	0.647760528513	0.127772145662	0.00194668735726	0.016315773278	1.0	1.0	1.0	1.0	1.0	1.0
MA0596.1.SREBF2	4.69685088793e-06	0.0277404039664	0.534961132138	0.5385925428	0.0114232785876	0.0578726338634	1.0	1.0	1.0	1.0	1.0	1.0
MA0597.1.THAP1	2.0025891427e-18	0.00220209244973	0.0187409019179	0.884855210053	1.12669197506e-08	7.4010523733e-08	1.0	1.0	1.0	1.0	1.0	1.0
MA0598.1.EHF	5.22190499888e-12	0.00163055411022	0.00202014899008	0.0295885121973	0.000687895986392	0.0119153417778	1.0	1.0	1.0	1.0	1.0	1.0
MA0599.1.KLF5	5.74690369106e-66	0.000143161488169	9.46172045101e-08	0.000130180031353	7.29511082726e-22	3.09152338726e-27	1.0	1.0	1.0	1.0	1.0	1.0
MA0600.1.RFX2	1.5605112519e-06	0.0612628789046	0.00466904618797	0.887698953911	0.000973904594602	0.312428035045	1.0	1.0	1.0	1.0	1.0	1.0
UP00000_1_Smad3_primary	0.00064064721486	0.0125296587811	0.439564856109	0.891841353563	0.000973721586072	0.872893920862	1.0	1.0	1.0	1.0	1.0	1.0
UP00001_1_E2F2_primary	9.90382711517e-14	0.167832285588	5.01130893704e-05	1.0	1.12669197506e-08	0.012602457305	1.0	1.0	1.0	0.933964834779	1.0	1.0
UP00002_1_Sp4_primary	1.06135518469e-62	0.000167368074114	1.81034141297e-08	0.000523604493566	1.33278494986e-21	9.89415118398e-23	1.0	1.0	1.0	1.0	1.0	1.0
UP00003_1_E2F3_primary	1.51379815879e-16	0.178306582752	7.2995801706e-07	0.724318815231	5.9474439369e-08	0.044553497532	1.0	1.0	1.0	1.0	1.0	1.0
UP00004_1_Sox14_primary	1.0	0.959953821478	0.963623204864	1.0	0.680812379278	1.0	0.0637214969556	1.0	1.0	1.0	1.0	0.0080875991964
UP00005_1_Tcfap2a_primary	1.01231460473e-45	2.44821080316e-06	4.70117302001e-05	1.43430646481e-05	8.74459301285e-15	9.47929345092e-13	1.0	1.0	1.0	1.0	1.0	1.0
UP00006_1_Zic3_primary	8.157834655e-57	1.88972394592e-08	1.27506320701e-08	0.000394509579947	4.73127623636e-24	2.45467648385e-13	1.0	1.0	1.0	1.0	1.0	1.0
UP00007_1_Egr1_primary	1.93770568316e-55	5.03543412124e-06	3.03020470413e-11	0.000679432723563	5.19938467659e-18	5.96125414881e-16	1.0	1.0	1.0	1.0	1.0	1.0
UP00008_1_Six6_primary	1.0	0.0674621628432	0.933524568702	1.0	0.015471186374	1.0	0.550794998642	1.0	1.0	1.0	1.0	0.010948609412
UP00008_3_Six6_2267.4	1.0	0.163278118124	0.889586534944	0.884855210053	0.0333616765531	1.0	0.515841727858	1.0	1.0	1.0	1.0	0.00130747988201
UP00008_4	1.0	0.663102154106	0.936699769684	1.0	0.12453182302	1.0	0.0239220067231	1.0	1.0	0.827923234942	1.0	0.000628567024493
UP00009_1_Nr2f2_primary	0.0413641470524	0.0302952187991	0.0965939271369	0.977184779896	0.167466821025	1.0	1.0	1.0	1.0	1.0	1.0	0.6843928439
UP00010_1_Tcfap2b_primary	1.15076795118e-55	3.10638219036e-06	1.69803768591e-07	7.24934525891e-06	2.71698775095e-18	1.42129768922e-16	1.0	1.0	1.0	1.0	1.0	1.0
UP00011_1_Irf6_primary	0.132312620452	0.586139885654	0.678892748574	0.884855210053	0.0809297928754	1.0	1.0	1.0	1.0	1.0	1.0	0.448192608005
UP00012_1_Bbx_primary	1.0	0.884760522111	1.0	1.0	0.642597315371	1.0	0.15720392811	1.0	1.0	0.991847763565	1.0	0.0725222345733
UP00014_1_Sox17_primary	1.0	0.990006488244	0.630982740482	1.0	0.915576840778	1.0	0.00400595349196	1.0	1.0	0.855773982401	1.0	0.00282510341374
UP00015_1_Ehf_primary	0.00355604755089	0.219990106216	4.14169550821e-05	0.884855210053	0.149215970908	1.0	1.0	1.0	1.0	1.0	1.0	0.560645606305
UP00016_1_Sry_primary	1.0	0.705452335091	1.0	1.0	0.149977633485	1.0	0.343971664451	1.0	1.0	1.0	1.0	0.0217060362017
UP00017_1_Nkx3-1_primary	0.195501723917	0.167242821163	0.745175988353	1.0	0.0059054202372	1.0	1.0	1.0	1.0	1.0	1.0	0.499654422076
UP00017_3_Nkx3-1_2923.2	0.688160241358	0.251542932797	0.647760528513	1.0	0.0443757400282	1.0	1.0	1.0	1.0	0.827923234942	1.0	0.64781095768
UP00018_1_Irf4_primary	0.285423492585	0.317104805292	0.537172296359	1.0	0.0479360565206	1.0	1.0	1.0	1.0	1.0	1.0	0.468124118703
UP00019_1_Zbtb12_primary	0.285423492585	0.28731651642	0.31785686759	1.0	0.00157154192866	1.0	1.0	1.0	1.0	0.827923234942	1.0	0.156959742373
UP00020_1_Atf1_primary	0.959673206892	0.677973947575	0.0563324860903	1.0	0.210997863797	1.0	1.0	1.0	1.0	0.748003743186	1.0	0.0595267486865
UP00021_1_Zfp281_primary	4.49380952645e-53	0.00196843683117	1.98958247099e-05	0.000549252347356	2.69394734655e-21	7.70441841719e-22	1.0	1.0	1.0	1.0	1.0	1.0
UP00022_1_Zfp740_primary	6.98087784097e-41	1.26613984005e-05	0.000342453936378	0.00816148912309	3.86138326238e-15	3.8708891043e-16	1.0	1.0	1.0	1.0	1.0	1.0
UP00023_1_Sox30_primary	1.0	0.94144196343	0.686215890808	1.0	0.64317117332	1.0	0.00985219246435	1.0	1.0	0.827923234942	1.0	0.00166337594042
UP00024_1_Glis2_primary	6.50223163246e-34	5.31280559636e-08	0.00300872731377	0.00711311070149	1.42240430882e-09	3.26170523658e-12	1.0	1.0	1.0	1.0	1.0	1.0
UP00025_1_Foxk1_primary	1.0	0.945313308526	1.0	0.89652634907	0.0281998280806	1.0	0.223461505341	1.0	1.0	1.0	1.0	0.00105384987908
UP00026_1_Zscan4_primary	0.00246305811935	0.218425750101	0.102019460488	0.806593017668	0.176716023751	0.429041590319	1.0	1.0	1.0	1.0	1.0	1.0
UP00027_1_Osr1_primary	0.643357870483	0.759799763238	0.439564856109	1.0	0.531833135901	0.825999815792	1.0	1.0	1.0	0.947978402791	1.0	1.0
UP00028_1_Tcfap2e_primary	6.03234276931e-46	3.84104892912e-08	2.64571177601e-07	0.00463205245103	6.81321375773e-14	1.15183330325e-14	1.0	1.0	1.0	1.0	1.0	1.0
UP00029_1_Tbp_primary	1.0	0.990006488244	0.534961132138	1.0	0.0337832711433	1.0	0.218176323016	1.0	1.0	0.690588740319	1.0	0.0436622756976
UP00030_1_Sox11_primary	1.0	0.955967949307	0.247964475083	1.0	0.00806148066433	1.0	0.730398946476	1.0	1.0	0.827923234942	1.0	0.0329955186429
UP00031_1_Zbtb3_primary	5.06765530652e-10	0.0380316132768	0.0983925580746	0.884855210053	0.000574870689773	0.000216708937099	1.0	1.0	1.0	1.0	1.0	1.0
UP00032_1_Gata3_primary	1.0	0.790990680628	0.956265689463	1.0	0.136849022532	1.0	0.515841727858	1.0	1.0	1.0	1.0	0.062544726902
UP00033_1_Zfp410_primary	4.846337038e-07	0.730775954556	0.0695733725708	0.884855210053	9.01804018352e-06	0.049852376397	1.0	1.0	1.0	1.0	1.0	1.0
UP00034_1_Sox7_primary	1.0	0.990006488244	0.630030317241	1.0	0.768244269361	1.0	0.000145716714581	1.0	1.0	0.827923234942	1.0	3.18270026422e-05
UP00035_1_Hic1_primary	1.28632877502e-09	0.0363540061602	0.000117470551794	0.6068206314	0.00212975115401	0.0161425555004	1.0	1.0	1.0	1.0	1.0	1.0
UP00036_1_Myf6_primary	1.74354887106e-15	0.103820115379	5.13281984644e-05	0.0577096401271	0.00540319921172	3.38084966389e-05	1.0	1.0	1.0	1.0	1.0	1.0
UP00037_1_Zfp105_primary	1.0	0.730775954556	0.999513341918	0.687955287538	0.0383648212753	1.0	0.515841727858	1.0	1.0	1.0	1.0	0.00911133906657
UP00039_1_Foxj3_primary	0.929118613654	0.990006488244	0.58959112397	0.753189997691	0.0479360565206	1.0	1.0	1.0	1.0	1.0	1.0	0.0622308970283
UP00040_1_Irf5_primary	0.319153902787	0.988939821048	0.483201075936	1.0	0.0160807852667	1.0	1.0	1.0	1.0	1.0	1.0	0.524444815588
UP00041_1_Foxj1_primary	0.987256550554	0.521571192779	0.837593956176	1.0	0.0479360565206	1.0	1.0	1.0	1.0	1.0	1.0	0.0756579850237
UP00042_1_Gm397_primary	0.00972524108365	0.139909359199	0.31785686759	1.0	0.176437271671	0.0882971829775	1.0	1.0	1.0	1.0	1.0	1.0
UP00043_1_Bcl6b_primary	0.107001415543	0.544229262834	0.602928241898	0.89652634907	0.0324991687017	1.0	1.0	1.0	1.0	1.0	1.0	1.0
UP00044_1_Mafk_primary	1.0	0.247916256259	0.543268699572	1.0	0.63109048365	1.0	0.368849242475	1.0	1.0	0.442418945906	1.0	0.233641274934
UP00045_1_Mafb_primary	0.729516524045	0.32923415966	0.31785686759	1.0	0.12453182302	1.0	1.0	1.0	1.0	0.919224625488	1.0	0.417636560124
UP00046_1_Tcfe2a_primary	5.06708630204e-12	0.0871848926898	0.00390331591288	0.768636761102	2.79885959138e-07	3.91953809039e-05	1.0	1.0	1.0	1.0	1.0	1.0
UP00047_1_Zbtb7b_primary	1.50200764223e-25	0.00375693900733	0.000369090145099	0.0641496493001	9.06245521821e-13	1.80992992011e-07	1.0	1.0	1.0	1.0	1.0	1.0
UP00048_1_Rara_primary	0.0762548510861	0.04422458106	0.220714869067	0.976177907086	0.19452470836	1.0	1.0	1.0	1.0	1.0	1.0	0.848242079177
UP00049_1_Sp100_primary	0.00306571653542	0.22667745913	0.369015997069	0.761910020017	0.0274029556075	0.978419626995	1.0	1.0	1.0	1.0	1.0	1.0
UP00050_1_Bhlhb2_primary	0.0108795566036	0.206088116515	0.397298358492	0.887698953911	0.028545239734	1.0	1.0	1.0	1.0	1.0	1.0	0.89929952673
UP00051_1_Sox8_primary	1.0	0.933881897583	0.655386778102	1.0	0.691595129506	1.0	0.0062669597207	1.0	1.0	0.784030116035	1.0	0.000776550905735
UP00052_1_Osr2_primary	0.145273744822	0.576233733694	0.31785686759	1.0	0.140650293734	1.0	1.0	1.0	1.0	1.0	1.0	0.97286613178
UP00053_1_Rxra_primary	8.39260106864e-07	0.000485841259545	0.00184707394542	0.976177907086	0.00540319921172	0.169120509724	1.0	1.0	1.0	1.0	1.0	1.0
UP00054_1_Tcf7_primary	1.0	0.770972941118	0.954624475122	1.0	0.00344058784197	1.0	0.17585588791	1.0	1.0	0.827923234942	1.0	0.00482512020388
UP00055_1_Hbp1_primary	1.0	0.959953821478	0.941997938235	1.0	0.0317551663055	1.0	0.17585588791	1.0	1.0	0.800238474221	1.0	0.0261483860037
UP00056_1_Rfx4_primary	0.00216858032073	0.752929323471	0.0217207554553	0.806593017668	0.0834499841264	0.567862682101	1.0	1.0	1.0	1.0	1.0	1.0
UP00057_1_Zic2_primary	8.22010462461e-54	8.86712838118e-10	1.81034141297e-08	0.00114189247052	5.47594435146e-22	1.03247494321e-12	1.0	1.0	1.0	1.0	1.0	1.0
UP00058_1_Tcf3_primary	1.0	0.958600885747	1.0	1.0	0.00542265829864	1.0	0.302764121315	1.0	1.0	0.919224625488	1.0	0.0532046140482
UP00059_1_Arid5a_primary	1.0	0.945313308526	0.397298358492	1.0	0.558504532916	1.0	0.0152945483692	1.0	1.0	0.581988159646	1.0	0.00675193135428
UP00060_1_Max_primary	1.52651753306e-10	0.102733766778	0.0177064544498	0.246666709759	0.000141505310491	0.00637780793694	1.0	1.0	1.0	1.0	1.0	1.0
UP00061_1_Foxl1_primary	1.0	0.959953821478	1.0	0.89652634907	0.0988641171989	1.0	0.0637214969556	1.0	1.0	1.0	1.0	0.000418092496666
UP00062_1_Sox4_primary	1.0	0.938076922311	0.359524255751	1.0	0.0109986423795	1.0	0.663304645342	1.0	1.0	0.748003743186	1.0	0.0379712323966
UP00064_1_Sox18_primary	1.0	0.651820788101	0.647760528513	1.0	0.514144014009	1.0	0.0152945483692	1.0	1.0	0.827923234942	1.0	0.000518422582152
UP00065_1_Zfp161_primary	1.04641270031e-15	0.203394761011	1.9819632483e-07	0.89652634907	7.79587557374e-08	0.049852376397	1.0	1.0	1.0	1.0	1.0	1.0
UP00066_1_Hnf4a_primary	1.01785870243e-11	8.73746837498e-05	0.0146517857692	0.89652634907	0.000219435404106	0.000494615860371	1.0	1.0	1.0	1.0	1.0	1.0
UP00067_1_Lef1_primary	0.591105379386	0.497108914121	0.835471820876	1.0	4.87077067553e-06	1.0	1.0	1.0	1.0	0.827923234942	1.0	0.204076964182
UP00068_1_Eomes_primary	1.05938889726e-07	0.0680593317181	0.465265546278	0.0577096401271	0.0396304556967	0.00131756275708	1.0	1.0	1.0	1.0	1.0	1.0
UP00069_1_Sox1_primary	1.0	0.958600885747	0.439564856109	1.0	0.247050718558	1.0	0.0637214969556	1.0	1.0	1.0	1.0	0.000245821095421
UP00070_1_Gcm1_primary	1.62283463788e-12	1.82166304529e-05	0.000197908367944	0.0741392661906	0.00845091657642	0.0140316242621	1.0	1.0	1.0	1.0	1.0	1.0
UP00071_1_Sox21_primary	1.0	0.990006488244	0.975407006495	1.0	0.287243850642	1.0	0.022779726747	1.0	1.0	0.843625397622	1.0	0.00166337594042
UP00072_1_IRC900814_primary	1.0	1.0	0.963623204864	1.0	0.0189972824788	1.0	0.502932890465	1.0	1.0	0.714996010589	1.0	0.0501300825239
UP00073_1_Foxa2_primary	1.0	0.405670092163	1.0	0.73372721891	0.253893353539	1.0	0.574138383944	1.0	0.929579835272	1.0	1.0	0.0217060362017
UP00074_1_Isgf3g_primary	0.3261181718	0.456330107453	0.877071606738	1.0	0.000178633842649	1.0	1.0	1.0	1.0	0.914548148766	1.0	0.193739909563
UP00075_1_Sox15_primary	1.0	0.990006488244	0.494267828324	1.0	0.718619527758	1.0	0.0637214969556	1.0	1.0	1.0	1.0	0.00605059736401
UP00076_1_Rfxdc2_primary	0.000806511093857	0.206088116515	0.00100777042168	1.0	0.138447212532	0.831478639136	1.0	1.0	1.0	1.0	1.0	1.0
UP00077_1_Srf_primary	0.0101095762017	0.046162625069	0.275185009065	0.884855210053	0.015471186374	1.0	1.0	1.0	1.0	1.0	1.0	0.923794770958
UP00078_1_Arid3a_primary	1.0	0.888085437506	0.875907953501	0.736313569992	0.12453182302	1.0	0.567648502596	1.0	1.0	1.0	1.0	0.00867720471092
UP00079_1_Esrra_primary	0.0657780843655	0.0288121758667	0.844734253668	0.89652634907	0.274343521991	0.476667856521	1.0	1.0	1.0	1.0	1.0	1.0
UP00080_1_Gata5_primary	1.0	0.945313308526	0.835471820876	1.0	0.197175416664	1.0	0.384305328204	1.0	1.0	0.777635916924	1.0	0.0994210356067
UP00081_1_Mybl1_primary	0.100941559475	0.092956762608	0.835471820876	0.737364048501	0.0556559760661	1.0	1.0	1.0	1.0	1.0	1.0	0.698976239764
UP00082_1_Zfp187_primary	1.0	0.990006488244	0.947664302618	0.887698953911	0.257634141206	1.0	0.426998593766	1.0	1.0	1.0	1.0	0.0595267486865
UP00083_1_Tcf7l2_primary	0.959673206892	0.933881897583	0.95185182688	1.0	7.15115894003e-06	1.0	1.0	1.0	1.0	0.82864745467	1.0	0.195109516293
UP00084_1_Gmeb1_primary	0.221877953997	0.394429843576	0.706932690423	0.999638321439	0.0321836646642	1.0	1.0	1.0	1.0	1.0	1.0	0.0895869225279
UP00085_1_Sfpi1_primary	4.00400696971e-05	0.0562277485404	0.0352652084851	0.823032404263	0.000486978508408	0.522363400696	1.0	1.0	1.0	1.0	1.0	1.0
UP00086_1_Irf3_primary	0.0163901033445	0.244543080466	0.841398381888	1.0	5.61173731023e-05	1.0	1.0	1.0	1.0	0.989857372432	1.0	0.736379134542
UP00087_1_Tcfap2c_primary	4.37237176377e-46	1.78653065639e-07	3.40717196921e-06	0.000107275931585	3.83612813733e-15	2.52923117934e-12	1.0	1.0	1.0	1.0	1.0	1.0
UP00088_1_Plagl1_primary	1.54424293487e-80	8.86831412371e-09	2.41770653525e-13	5.03263066481e-12	1.60239285408e-19	1.18194202729e-21	1.0	1.0	1.0	1.0	1.0	1.0
UP00089_1_Tcf1_primary	1.0	0.127995461706	0.540604716567	1.0	0.292993770446	1.0	0.863476749782	1.0	1.0	0.68946603637	1.0	0.183011352906
UP00089_3_Tcf1_2666.2	0.95880718826	0.0712257951966	0.25760067026	1.0	0.173544519989	1.0	1.0	1.0	1.0	0.269663455152	1.0	0.323612938856
UP00091_1_Sox5_primary	1.0	0.965540431751	0.492897979393	1.0	0.893369215779	1.0	0.00101699701073	1.0	1.0	0.748003743186	1.0	0.000754834471567
UP00092_1_Myb_primary	0.151637856579	0.265331194766	0.861932306488	0.689638053402	0.210997863797	1.0	1.0	1.0	1.0	1.0	1.0	0.926176983361
UP00093_1_Klf7_primary	2.01631830723e-59	5.6825798266e-05	5.92373551083e-08	0.0039263246826	3.16938732359e-24	8.12424827839e-20	1.0	1.0	1.0	1.0	1.0	1.0
UP00094_1_Zfp128_primary	0.155583294359	0.491080902521	0.94380089057	0.768636761102	0.0180264098784	1.0	1.0	1.0	1.0	1.0	1.0	0.544146748509
UP00095_1_Zfp691_primary	9.75299930235e-10	0.000947339364057	0.25733909342	0.580115557648	0.000292353138005	0.00358047405929	1.0	1.0	1.0	1.0	1.0	1.0
UP00096_1_Sox13_primary	1.0	0.965540431751	0.845220694342	1.0	0.467500463732	1.0	0.00192657657147	1.0	1.0	0.651807687681	1.0	0.00104770867563
UP00097_1_Mtf1_primary	1.88019813042e-07	0.000585892631571	0.0469932836398	0.89652634907	0.000973904594602	0.108067265172	1.0	1.0	1.0	1.0	1.0	1.0
UP00098_1_Rfx3_primary	0.0759640916365	0.75504732009	0.00329668577293	1.0	0.071610736617	1.0	1.0	1.0	1.0	0.912605753732	1.0	0.940155571073
UP00099_1_Ascl2_primary	5.18823596636e-17	0.00226559304468	8.15030236876e-06	0.322734254229	0.000100395652434	4.9239125461e-07	1.0	1.0	1.0	1.0	1.0	1.0
UP00100_1_Gata6_primary	1.0	0.938076922311	0.95185182688	1.0	0.572499910465	1.0	0.228287161598	1.0	1.0	0.748003743186	1.0	0.143144685288
UP00101_1_Sox12_primary	1.0	0.770972941118	0.886946375514	1.0	0.435153116023	1.0	0.00729561756157	1.0	1.0	0.800238474221	1.0	0.000583378663458
UP00102_1_Zic1_primary	2.73711312884e-60	3.84104892912e-08	1.49339876227e-06	0.000985550518188	1.15110906529e-26	3.13798304862e-19	1.0	1.0	1.0	1.0	1.0	1.0
UP00103_1_Jundm2_primary	0.369552244578	0.677973947575	0.0744264639859	1.0	0.0963681669154	1.0	1.0	1.0	1.0	0.800238474221	1.0	0.58465339392
UP00104_1_Hmx1_3423.1	0.760259736598	0.945313308526	0.275185009065	0.887698953911	0.0109986423795	1.0	1.0	1.0	1.0	1.0	1.0	0.0692019358775
UP00105_1_Pou3f4_3773.1	1.0	0.990006488244	0.845220694342	0.89652634907	0.850344968021	1.0	0.17585588791	1.0	1.0	1.0	1.0	0.0815816861154
UP00106_1_Vax2_3500.1	0.678580904618	0.990006488244	0.286452759978	0.317046371602	0.768244269361	1.0	1.0	1.0	1.0	1.0	1.0	0.27486171969
UP00107_1_Nkx2-4_3074.1	0.215009993479	0.505982009855	0.8228144285	0.89652634907	0.00960713697712	1.0	1.0	1.0	1.0	1.0	1.0	0.66995791547
UP00108_1_Alx3_3418.2	1.0	0.808377624466	0.120943674062	0.89652634907	0.925657777638	1.0	1.0	1.0	1.0	1.0	1.0	0.300848534181
UP00109_1_Obox6_3440.2	1.0	0.990006488244	0.908011239226	1.0	0.200042596916	1.0	0.957752940988	1.0	1.0	1.0	1.0	0.371869060166
UP00110_1_Dlx4_3488.2	1.0	0.962802142929	0.903412973156	0.959612796455	0.692429449541	1.0	0.294163963702	1.0	1.0	1.0	1.0	0.0491670056128
UP00111_1_Dmbx1_2277.1	0.506629945139	0.58730899288	0.483201075936	1.0	0.425073522136	1.0	1.0	1.0	1.0	1.0	1.0	0.447940024842
UP00112_1_Gsc_2327.3	0.535752374792	0.3648532037	0.782795300631	1.0	0.200042596916	1.0	1.0	1.0	1.0	0.827923234942	1.0	0.738538988023
UP00113_1_Hoxc4_3491.1	1.0	0.888085437506	0.94981672033	0.763637749799	0.959007864855	1.0	0.574138383944	1.0	1.0	1.0	1.0	0.291047797357
UP00114_1_Homez_1063.2	1.0	0.576219831261	1.0	1.0	0.183290577808	1.0	0.549352459151	1.0	1.0	0.843625397622	1.0	0.203288030144
UP00115_1_Lhx2_0953.2	1.0	0.988939821048	0.483201075936	0.884855210053	0.698822686239	1.0	0.333024177231	1.0	1.0	1.0	1.0	0.0252289988981
UP00116_1_Rhox6_4251.1	1.0	0.968265980174	0.717542249226	0.89652634907	0.8088706867	1.0	0.386873440384	1.0	1.0	1.0	1.0	0.115234349491
UP00117_1_Hoxd11_3873.1	1.0	0.94144196343	0.397298358492	1.0	0.73775551886	1.0	0.377077346449	1.0	1.0	1.0	1.0	0.0633244290465
UP00118_1_Pou4f3_2791.1	1.0	0.553823327371	0.880813396119	1.0	0.906867811102	1.0	0.141518627573	1.0	1.0	1.0	1.0	0.0379712323966
UP00119_1_Nkx2-9_3082.1	1.0	0.678729331964	1.0	0.959612796455	0.0199627219519	1.0	0.585649593318	1.0	0.929579835272	1.0	1.0	0.0844019888839
UP00120_1_Lbx2_3869.2	1.0	0.999878412298	0.28053343363	0.884855210053	0.714905589676	1.0	0.928683456251	1.0	1.0	1.0	1.0	0.447940024842
UP00121_1_Hoxd10_2368.2	1.0	0.497108914121	0.974012792919	0.857739017432	0.799528037338	1.0	0.075353385421	1.0	1.0	1.0	1.0	0.00166337594042
UP00122_1_Tgif1_2342.2	0.19746673389	0.115899717852	0.137355940438	1.0	0.546692035339	1.0	1.0	1.0	1.0	1.0	1.0	0.933241930071
UP00123_1_Hlxb9_3422.1	1.0	0.911766269486	0.483201075936	1.0	0.570366783097	1.0	0.818393373083	1.0	1.0	0.919224625488	1.0	0.143144685288
UP00124_1_Ipf1_3815.1	1.0	0.988939821048	0.483201075936	1.0	0.73775551886	1.0	0.162607574517	1.0	1.0	0.81424032003	1.0	0.0413696819428
UP00125_1_Pitx2_2274.3	1.0	0.926031920175	0.918591931998	1.0	0.249670546646	1.0	0.301176506773	1.0	1.0	0.441716812052	1.0	0.0970877618824
UP00126_1_Dlx2_2273.2	1.0	0.945313308526	0.236681562358	1.0	0.514079868107	1.0	0.333024177231	1.0	1.0	1.0	1.0	0.00780403368741
UP00127_1_Gsh2_3990.2	1.0	0.959953821478	0.193653800897	0.930138360286	0.914595716346	1.0	0.324381325506	1.0	1.0	1.0	1.0	0.0260819694538
UP00128_1_Pou3f2_2824.1	1.0	0.990006488244	0.397298358492	0.884855210053	0.936497862697	1.0	0.514732473413	1.0	1.0	1.0	1.0	0.295198052757
UP00129_1_Pou3f1_3819.1	1.0	0.990006488244	0.835471820876	0.784859858807	0.762676259827	1.0	0.42543025561	1.0	1.0	1.0	1.0	0.16832926394
UP00130_1_Lhx3_3431.1	1.0	0.705452335091	0.835471820876	0.884855210053	0.569925664959	1.0	0.79165719614	1.0	1.0	1.0	1.0	0.0914893542149
UP00131_1_Gbx2_3110.1	0.882392010029	0.959953821478	0.105083221107	1.0	0.292833148998	1.0	1.0	1.0	1.0	1.0	1.0	0.231681714717
UP00132_1_Evx2_2645.3	0.847779275302	0.875408833048	0.439564856109	0.89652634907	0.098476027404	1.0	1.0	1.0	1.0	1.0	1.0	0.0327082552517
UP00133_1_Cdx2_4272.1	1.0	0.521548304789	0.982044824476	0.978223665403	0.933224762924	1.0	0.318658629119	1.0	1.0	1.0	1.0	0.314353469743
UP00134_1_Hoxb13_3479.1	1.0	0.401150721908	1.0	1.0	0.506373193072	1.0	0.162607574517	1.0	1.0	1.0	1.0	0.0327082552517
UP00135_1_Hoxc12_3480.1	1.0	0.994821398616	0.439564856109	0.127772145662	0.850344968021	1.0	0.79165719614	1.0	1.0	1.0	1.0	0.045439652568
UP00136_1_Prrx2_3072.1	1.0	0.826129552278	0.379607846502	0.89652634907	0.675802538253	1.0	0.663304645342	1.0	1.0	1.0	1.0	0.0692019358775
UP00137_1_Hoxb3_1720.2	1.0	0.962802142929	0.398872315437	1.0	0.915576840778	1.0	0.252177410609	1.0	1.0	0.800238474221	1.0	0.0633244290465
UP00138_1_Bsx_3483.2	1.0	0.945313308526	0.142607157011	1.0	0.718619527758	1.0	0.329648238729	1.0	1.0	0.919224625488	1.0	0.0537465329987
UP00139_1_Nkx1-2_3214.1	0.965763419068	0.945313308526	0.483201075936	0.340740219892	0.854931340854	1.0	1.0	1.0	1.0	1.0	1.0	0.12908717602
UP00140_1_Hoxd1_3448.1	1.0	0.955967949307	0.335233861944	1.0	0.720109058472	1.0	0.573068824638	1.0	1.0	1.0	1.0	0.121707886073
UP00141_1_Vsx1_1728.1	0.959673206892	0.945313308526	0.299799731236	0.584088356386	0.765716283919	1.0	1.0	1.0	1.0	1.0	1.0	0.17293658199
UP00142_1_Uncx4.1_2281.2	0.901827327133	0.730775954556	0.0676340416884	0.89652634907	0.877312374669	1.0	1.0	1.0	1.0	1.0	1.0	0.49308977778
UP00143_1_Dobox5_3493.1	0.861490571573	0.592787276114	0.868349140195	1.0	0.1585425864	1.0	1.0	1.0	1.0	0.827923234942	1.0	0.458218635905
UP00144_1_Hoxb4_2627.1	0.812325105204	0.958600885747	0.597967562177	0.59222648827	0.956167290348	1.0	1.0	1.0	1.0	1.0	1.0	0.746191973629
UP00145_1_Barhl2_3868.1	1.0	0.990006488244	0.901749377096	1.0	0.200042596916	1.0	0.0329605780667	1.0	1.0	0.827923234942	1.0	0.00990614663235
UP00146_1_Pou6f1_1731.2	1.0	0.770972941118	0.480456095376	1.0	0.14035994472	1.0	0.488644107541	1.0	1.0	0.254162525415	1.0	0.186814845664
UP00147_1_Nkx2-6_3437.1	0.959673206892	0.790990680628	0.914037887445	1.0	0.057457421651	1.0	1.0	1.0	1.0	0.827923234942	1.0	0.731522630333
UP00148_1_Hdx_3845.3	1.0	0.561019247234	0.956265689463	1.0	0.0479360565206	1.0	0.934994960084	1.0	1.0	0.973572037156	1.0	0.256004708101
UP00149_1_Phox2b_3948.1	1.0	0.945313308526	0.837593956176	0.885839176787	0.835613513148	1.0	0.79165719614	1.0	1.0	1.0	1.0	0.392233063216
UP00150_1_Irx6_2623.2	1.0	0.394429843576	1.0	1.0	0.0147851397136	1.0	0.426998593766	1.0	1.0	0.843625397622	1.0	0.0187405481035
UP00151_1_Barx2_3447.2	1.0	0.94144196343	0.297170593597	0.962696761186	0.796903802852	1.0	0.896119148505	1.0	1.0	1.0	1.0	0.270464257394
UP00152_1_Arx_1738.2	0.68459643998	0.990006488244	0.203117864144	0.194026700016	0.834681275137	1.0	1.0	1.0	1.0	1.0	1.0	0.291047797357
UP00153_1_Pitx1_2312.1	0.0625655501008	0.00171078454917	0.705752435918	1.0	0.0383290027351	1.0	1.0	1.0	1.0	1.0	1.0	0.6843928439
UP00154_1_Dlx3_1030.1	1.0	0.637349705478	0.837593956176	1.0	0.796232846729	1.0	0.180496857848	1.0	1.0	1.0	1.0	0.0098550461682
UP00155_1_Hmx2_3424.3	0.961817322717	0.472506544832	0.310730091645	0.89652634907	0.0468450693705	1.0	1.0	1.0	1.0	1.0	1.0	0.0187405481035
UP00156_1_Msx2_3449.1	1.0	0.958600885747	0.069033042411	1.0	0.00992340133922	1.0	0.75578959172	1.0	1.0	1.0	1.0	0.00522528668696
UP00157_1_Hmx3_3490.2	1.0	0.806368779111	0.439564856109	0.884855210053	0.10463475594	1.0	0.88051105033	1.0	1.0	1.0	1.0	0.0149470421402
UP00158_1_Pou1f1_3818.1	1.0	0.945313308526	0.720013282651	0.718601453064	0.717078328726	1.0	0.377077346449	1.0	1.0	1.0	1.0	0.087677656357
UP00159_1_Six2_2307.2	0.908315684258	0.0625617425073	0.390934813458	1.0	0.0166393780426	1.0	1.0	1.0	1.0	1.0	1.0	0.0390467640213
UP00160_1_Obox3_3439.1	0.0843501865898	0.246913151212	0.740368011202	0.89652634907	0.0481362216775	1.0	1.0	1.0	1.0	1.0	1.0	0.759344589207
UP00161_1_Hmbox1_2674.1	0.89384522968	0.790990680628	0.483201075936	1.0	0.155498829751	1.0	1.0	1.0	1.0	0.855773982401	1.0	0.731522630333
UP00162_1_Evx1_3952.2	0.93789173015	0.945313308526	0.0585593178452	1.0	0.293256038225	1.0	1.0	1.0	1.0	0.843625397622	1.0	0.154990112868
UP00163_1_En2_0952.1	1.0	0.990006488244	0.0676340416884	0.884855210053	0.915576840778	1.0	0.879040442153	1.0	1.0	1.0	1.0	0.188878032544
UP00164_1_Hoxa7_2668.2	1.0	0.990006488244	0.736950938999	0.884855210053	0.710538743117	1.0	0.42543025561	1.0	1.0	1.0	1.0	0.0487006329218
UP00165_1_Titf1_1722.2	0.155417548494	0.770972941118	0.956265689463	0.89652634907	0.015471186374	0.978419626995	1.0	1.0	1.0	1.0	1.0	1.0
UP00166_1_Barhl1_2590.2	1.0	0.990006488244	0.721752362924	1.0	0.285198815792	1.0	0.0446633840552	1.0	1.0	0.651807687681	1.0	0.00990614663235
UP00167_1_En1_3123.2	1.0	0.990006488244	0.162735561022	1.0	0.906867811102	1.0	0.439843629196	1.0	1.0	1.0	1.0	0.258875323787
UP00168_1_Hoxd8_2644.1	1.0	0.987057420151	0.736950938999	1.0	0.301314413798	1.0	0.211813489779	1.0	1.0	1.0	1.0	0.0261483860037
UP00169_1_Lmx1b_3433.2	1.0	0.875408833048	0.439564856109	0.89652634907	0.200042596916	1.0	1.0	1.0	1.0	1.0	1.0	0.0590356967103
UP00170_1_Isl2_3430.1	1.0	0.677973947575	0.695768145627	0.884855210053	0.796903802852	1.0	0.896119148505	1.0	1.0	1.0	1.0	0.23998216052
UP00171_1_Msx3_3206.1	1.0	0.958600885747	0.439564856109	1.0	0.255661104904	1.0	0.377077346449	1.0	1.0	0.947978402791	1.0	0.0252289988981
UP00172_1_Prop1_3949.1	0.604671091558	0.865890348338	0.58959112397	0.753189997691	0.915576840778	1.0	1.0	1.0	1.0	1.0	1.0	0.79235517454
UP00173_1_Hoxc13_3127.1	1.0	0.990006488244	0.706049204396	1.0	0.287243850642	1.0	0.17585588791	1.0	1.0	0.748003743186	1.0	0.0376090587143
UP00174_1_Hoxa2_3079.1	1.0	0.990006488244	0.882970169698	1.0	0.539279211976	1.0	0.162607574517	1.0	1.0	1.0	1.0	0.0154337866745
UP00175_1_Lhx9_3492.1	1.0	0.770972941118	0.0744264639859	0.959612796455	0.936092082203	1.0	1.0	1.0	1.0	1.0	1.0	0.375795326988
UP00176_1_Crx_3485.1	0.000197025600075	0.0107353320472	0.220077884181	0.988531028621	0.0339843849223	0.433078919601	1.0	1.0	1.0	1.0	1.0	1.0
UP00177_1_Hoxd12_3481.1	1.0	0.990006488244	0.537172296359	0.8140462299	0.531833135901	1.0	0.355613349056	1.0	1.0	1.0	1.0	0.0436622756976
UP00178_1_Og2x_3719.1	1.0	0.990006488244	0.156841697078	0.89652634907	0.722559873185	1.0	0.574138383944	1.0	1.0	1.0	1.0	0.0841117544041
UP00179_1_Pou2f3_3986.2	1.0	0.677973947575	0.880813396119	0.976177907086	0.502333518001	1.0	0.100537656028	1.0	1.0	1.0	1.0	0.00426551780084
UP00180_1_Hoxd13_2356.1	1.0	0.220571994844	0.963623204864	0.887698953911	0.315287806613	1.0	0.879040442153	1.0	1.0	1.0	1.0	0.0692019358775
UP00181_1_Barx1_2877.1	1.0	0.959953821478	0.139469027767	1.0	0.385621197448	1.0	0.432048380243	1.0	1.0	1.0	1.0	0.032944051321
UP00182_1_Hoxa6_1040.1	1.0	0.990006488244	0.536400971981	1.0	0.788702796823	1.0	0.624312537561	1.0	1.0	1.0	1.0	0.274567576511
UP00183_1_Hoxa13_3126.1	1.0	0.90785044951	0.771833589478	1.0	0.053673517142	1.0	0.43760634449	1.0	1.0	0.68946603637	1.0	0.0595267486865
UP00184_1_Lhx8_2247.2	0.488311809024	0.514626698043	0.866195106828	0.887698953911	0.016175276687	1.0	1.0	1.0	1.0	1.0	1.0	0.227497606064
UP00185_1_Pbx1_3203.1	1.0	0.433078481846	1.0	1.0	0.0231746374126	1.0	0.0359451504435	1.0	0.929579835272	0.827923234942	1.0	0.00261158027197
UP00186_1_Meis1_2335.1	0.912700125041	0.994821398616	0.25523484633	0.884855210053	0.569925664959	1.0	1.0	1.0	1.0	1.0	1.0	0.669446294771
UP00187_1_Alx4_1744.1	0.510820089412	0.945313308526	0.388040869233	0.556333490765	0.825036528275	1.0	1.0	1.0	1.0	1.0	1.0	0.785870498496
UP00188_1_Lmx1a_2238.2	0.987256550554	0.509956326837	0.82061563653	0.779939302505	0.249670546646	1.0	1.0	1.0	1.0	1.0	1.0	0.173101646068
UP00189_1_Hoxa5_3415.1	1.0	0.990006488244	0.835471820876	0.768636761102	0.506373193072	1.0	0.591915935416	1.0	1.0	1.0	1.0	0.0607937022928
UP00190_1_Nkx2-3_3435.1	0.440880078179	0.705452335091	0.483201075936	0.89652634907	0.0021785831046	1.0	1.0	1.0	1.0	1.0	1.0	0.0996970600761
UP00191_1_Pou2f2_3748.1	1.0	0.32923415966	0.911109848849	0.884855210053	0.323870607093	1.0	0.203299374827	1.0	1.0	1.0	1.0	0.000807620655787
UP00192_1_Six1_0935.2	1.0	0.130892878649	0.602245902842	1.0	0.171256404574	1.0	0.624402841865	1.0	1.0	0.947978402791	1.0	0.0355902795079
UP00193_1_Rhox11_1765.2	0.305932898965	0.92018329257	0.534961132138	0.884855210053	0.432543541529	1.0	1.0	1.0	1.0	1.0	1.0	0.682322562481
UP00194_1_Irx4_2242.3	1.0	0.806368779111	1.0	1.0	0.015583527334	1.0	0.482478333685	1.0	0.929579835272	1.0	1.0	0.0308804332787
UP00195_1_Six3_1732.2	1.0	0.384697266477	0.835471820876	1.0	0.00739024036782	1.0	0.88051105033	1.0	1.0	1.0	1.0	0.0142580122944
UP00196_1_Hoxa4_3426.1	1.0	0.990006488244	0.638340368727	1.0	0.949779124698	1.0	0.432048380243	1.0	1.0	1.0	1.0	0.361682015346
UP00197_1_Hoxc9_2367.2	1.0	0.94144196343	0.480456095376	1.0	0.915576840778	1.0	0.0761700147484	1.0	1.0	0.827923234942	1.0	0.0910942654501
UP00198_1_Cphx_3484.1	1.0	0.677973947575	0.647760528513	1.0	0.558504532916	1.0	0.782874836724	1.0	1.0	0.827923234942	1.0	0.609129979949
UP00199_1_Six4_2860.1	0.00495554004129	0.0803755770915	0.0548316022008	0.718601453064	0.0326834620567	0.963096666839	1.0	1.0	1.0	1.0	1.0	1.0
UP00200_1_Nkx6-1_2825.1	1.0	0.990006488244	0.677661350147	0.89652634907	0.925657777638	1.0	0.075353385421	1.0	1.0	1.0	1.0	0.063672275932
UP00201_1_Emx2_3420.1	0.959673206892	0.990006488244	0.390934813458	0.956343097352	0.45066904713	1.0	1.0	1.0	1.0	1.0	1.0	0.258833516203
UP00202_1_Dlx1_1741.2	1.0	0.837791678326	0.858755518626	0.884855210053	0.687069059226	1.0	0.515841727858	1.0	1.0	1.0	1.0	0.055711508336
UP00203_1_Pknox1_2364.2	0.0287031137604	0.231611172885	0.0378501887256	0.887698953911	0.4886520244	0.861754044363	1.0	1.0	1.0	1.0	1.0	1.0
UP00204_1_Gbx1_2883.2	1.0	0.394429843576	0.0122411187972	1.0	0.529733387697	1.0	0.88051105033	1.0	1.0	0.988136099394	1.0	0.0355902795079
UP00205_1_Pknox2_3077.2	0.000637658320643	0.0640488167728	0.0129764708878	0.884855210053	0.366247619631	0.164412904034	1.0	1.0	1.0	1.0	1.0	1.0
UP00206_1_Hoxb7_3953.1	1.0	0.990006488244	0.439564856109	0.791759753905	0.962101946646	1.0	0.329648238729	1.0	1.0	1.0	1.0	0.0491670056128
UP00207_1_Hoxb9_3413.1	1.0	0.576233733694	1.0	1.0	0.290871903691	1.0	0.211813489779	1.0	1.0	1.0	1.0	0.0226094163552
UP00208_1_Obox5_2284.1	0.823936258302	0.576233733694	0.550416173068	1.0	0.12453182302	1.0	1.0	1.0	1.0	1.0	1.0	0.102357832211
UP00209_1_Cart1_0997.1	0.972771883649	0.990006488244	0.188555863076	0.884855210053	0.925657777638	1.0	1.0	1.0	1.0	1.0	1.0	0.447940024842
UP00210_1_Mrg2_2302.1	0.921822961572	0.409733515689	0.494267828324	1.0	0.862777467863	1.0	1.0	1.0	1.0	1.0	1.0	0.700703724535
UP00211_1_Pou3f3_3235.2	1.0	0.960543136657	0.359217083762	1.0	0.350217955905	1.0	0.294163963702	1.0	1.0	1.0	1.0	0.0428923671512
UP00212_1_Lhx5_2279.1	0.895280255645	0.455069752307	0.835471820876	0.718601453064	0.807294396018	1.0	1.0	1.0	1.0	1.0	1.0	0.392233063216
UP00213_1_Hoxa9_2622.2	1.0	0.740082746053	0.974012792919	0.884855210053	0.208716402968	1.0	0.318522088739	1.0	1.0	1.0	1.0	0.0142580122944
UP00214_1_Hoxb5_3122.2	1.0	0.945313308526	0.835471820876	0.89652634907	0.538793346456	1.0	0.896119148505	1.0	1.0	1.0	1.0	0.232254761459
UP00215_1_Vax1_3499.1	1.0	0.990006488244	0.439564856109	1.0	0.796903802852	1.0	0.846700590795	1.0	1.0	1.0	1.0	0.235548484789
UP00216_1_Obox1_3970.2	0.210355768064	0.153066382418	0.835471820876	0.387902607354	0.00856822537888	1.0	1.0	1.0	1.0	1.0	1.0	0.0725222345733
UP00217_1_Hoxa10_2318.1	1.0	0.829977754665	0.95185182688	0.884855210053	0.969839786122	1.0	0.0465105987272	1.0	1.0	1.0	1.0	0.00990614663235
UP00218_1_Dbx2_3487.1	1.0	0.988939821048	0.889855618298	1.0	0.856482813609	1.0	0.0637214969556	1.0	1.0	1.0	1.0	0.0413696819428
UP00219_1_Cutl1_3494.1	0.387533366121	0.317104805292	0.705752435918	0.959612796455	0.0721179397748	1.0	1.0	1.0	1.0	1.0	1.0	0.6843928439
UP00220_1_Nkx1-1_3856.3	0.387533366121	0.730775954556	0.0216593481721	1.0	0.624455021002	1.0	1.0	1.0	1.0	1.0	1.0	0.609129979949
UP00221_1_Phox2a_3947.1	1.0	0.990006488244	0.483201075936	0.73372721891	0.665853802766	1.0	0.957752940988	1.0	1.0	1.0	1.0	0.39081146638
UP00222_1_Tcf2_0913.2	0.180469618206	0.561019247234	0.539257783875	1.0	0.111537333677	0.720232288904	1.0	1.0	1.0	1.0	1.0	1.0
UP00223_1_Irx3_0920.1	1.0	0.94144196343	0.993705872028	1.0	0.0590342388415	1.0	0.368751288535	1.0	1.0	0.933964834779	1.0	0.0379712323966
UP00224_1_Pax6_3838.3	1.0	0.990006488244	0.483201075936	0.884855210053	0.797693417847	1.0	0.386873440384	1.0	1.0	1.0	1.0	0.155341433398
UP00225_1_Hlx1_2350.1	1.0	0.990006488244	0.835471820876	1.0	0.925657777638	1.0	0.0372178907779	1.0	1.0	0.843625397622	1.0	0.0912320856878
UP00226_1_Mrg1_2246.2	0.688160241358	0.990006488244	0.439564856109	0.89652634907	0.447563234157	1.0	1.0	1.0	1.0	1.0	1.0	0.755097540981
UP00227_1_Duxl_1286.2	1.0	0.945313308526	0.868349140195	1.0	0.529733387697	1.0	0.516274794296	1.0	1.0	0.919224625488	1.0	0.312971592058
UP00228_1_Bapx1_2343.1	0.48655974795	0.32923415966	0.868349140195	0.884855210053	0.0479360565206	1.0	1.0	1.0	1.0	1.0	1.0	0.236188500461
UP00229_1_Otx1_2325.1	1.0	0.619690451698	0.439564856109	1.0	0.642597315371	1.0	0.663304645342	1.0	1.0	0.827923234942	1.0	0.0996970600761
UP00230_1_Dlx5_3419.2	0.54892732323	0.663102154106	0.540604716567	0.884855210053	0.0971750064182	1.0	1.0	1.0	1.0	1.0	1.0	0.248020349725
UP00231_1_Nkx2-2_2823.1	1.0	0.965540431751	0.974012792919	1.0	0.0326834620567	1.0	0.957752940988	1.0	1.0	0.988136099394	1.0	0.414502464963
UP00232_1_Dobox4_3956.2	0.14173548162	0.514611602589	0.597967562177	0.37288716152	7.61621052561e-05	1.0	1.0	1.0	1.0	1.0	1.0	0.0521230891613
UP00233_1_Meox1_2310.2	1.0	0.759799763238	0.439564856109	0.884855210053	0.768940286012	1.0	0.863476749782	1.0	1.0	1.0	1.0	0.124162746953
UP00234_1_Msx1_3031.2	1.0	0.990006488244	0.220714869067	1.0	0.892731762938	1.0	0.296621574073	1.0	1.0	0.919224625488	1.0	0.186823006162
UP00235_1_Hoxc11_3718.2	1.0	0.933881897583	0.95185182688	0.884855210053	0.957428496166	1.0	0.00858487116288	1.0	1.0	1.0	1.0	0.00166337594042
UP00236_1_Irx2_0900.3	1.0	0.353486926445	0.909266625822	1.0	0.0567169713287	1.0	1.0	1.0	1.0	0.843625397622	1.0	0.186814845664
UP00237_1_Otp_3496.1	0.726278261873	0.775995684555	0.439564856109	0.752691693488	0.768244269361	1.0	1.0	1.0	1.0	1.0	1.0	0.568917895224
UP00238_1_Nkx6-3_3446.1	1.0	0.988939821048	0.695768145627	1.0	0.915576840778	1.0	0.0588381191131	1.0	1.0	1.0	1.0	0.0711795455423
UP00239_1_Obox2_3438.2	0.140585931719	0.0118975105956	0.94380089057	0.884855210053	0.1585425864	1.0	1.0	1.0	1.0	1.0	1.0	0.422990999851
UP00240_1_Cdx1_2245.1	1.0	0.884760522111	0.906059068571	1.0	0.915576840778	1.0	0.0761700147484	1.0	1.0	1.0	1.0	0.0620840749387
UP00241_1_Hoxd3_1742.2	1.0	0.959953821478	0.872450617807	0.83483374367	0.799528037338	1.0	0.377077346449	1.0	1.0	1.0	1.0	0.115483047519
UP00242_1_Hoxc8_3429.2	1.0	0.339919449003	0.999513341918	0.89652634907	0.762676259827	1.0	0.67407293513	1.0	1.0	1.0	1.0	0.16931183899
UP00243_1_Isx_3445.1	1.0	0.990006488244	0.273533791199	0.360813003396	0.58827622293	1.0	0.863476749782	1.0	1.0	1.0	1.0	0.0199271585108
UP00244_1_Tlx2_3498.2	1.0	0.990006488244	0.686215890808	1.0	0.0398468397715	1.0	0.0253837051687	1.0	1.0	0.740580916205	1.0	0.00282510341374
UP00245_1_Hoxc10_2779.2	1.0	0.829977754665	0.835157989226	0.89652634907	0.796232846729	1.0	0.0637214969556	1.0	1.0	1.0	1.0	0.00173590996342
UP00246_1_Hoxa11_2218.1	1.0	0.945313308526	0.856926542026	0.887698953911	0.825036528275	1.0	0.0199600667512	1.0	1.0	1.0	1.0	0.000807620655787
UP00247_1_Pax4_3989.2	0.356949996399	0.988939821048	0.858734891231	0.0926430318837	0.0679569287729	1.0	1.0	1.0	1.0	1.0	1.0	0.422990999851
UP00248_1_Pax7_3783.1	1.0	0.988939821048	0.858734891231	0.698295362875	0.558504532916	1.0	0.422710576333	1.0	1.0	1.0	1.0	0.032944051321
UP00249_1_Nkx2-5_3436.1	0.436433913138	0.339919449003	0.964538174762	1.0	0.0165423327533	0.793684500473	1.0	1.0	1.0	0.714996010589	1.0	1.0
UP00250_1_Irx5_2385.1	1.0	0.859935340945	0.999513341918	1.0	0.109914503188	1.0	0.695571943119	1.0	1.0	1.0	1.0	0.0969066294454
UP00251_1_Esx1_3124.2	1.0	0.990006488244	0.32362081383	0.518471499321	0.835613513148	1.0	0.633805380174	1.0	1.0	1.0	1.0	0.106893331358
UP00252_1_Hoxc5_2630.2	1.0	0.990006488244	0.57950804198	0.843567446196	0.969839786122	1.0	0.450482117908	1.0	1.0	1.0	1.0	0.270008350756
UP00253_1_Rax_3443.1	0.885125068874	0.990006488244	0.120472776708	0.89652634907	0.498846339303	1.0	1.0	1.0	1.0	1.0	1.0	0.274941598588
UP00254_1_Pou2f1_3081.2	1.0	0.945313308526	0.918591931998	0.892665594341	0.862777467863	1.0	0.318522088739	1.0	1.0	1.0	1.0	0.0756579850237
UP00255_1_Dbx1_3486.1	1.0	0.99638192481	0.457631680136	1.0	0.0637127199649	1.0	0.100537656028	1.0	1.0	0.991847763565	1.0	0.00118300783609
UP00256_1_Lhx6_2272.1	1.0	0.865890348338	1.0	0.881205714905	0.696450918959	1.0	0.111529411351	1.0	0.929579835272	1.0	1.0	0.0126798743833
UP00257_1_Shox2_2641.2	0.961817322717	0.990006488244	0.304266954944	0.753189997691	0.756093662085	1.0	1.0	1.0	1.0	1.0	1.0	0.365322912258
UP00258_1_Tgif2_3451.1	0.921822961572	0.958600885747	0.286452759978	1.0	0.603661176449	1.0	1.0	1.0	1.0	1.0	1.0	0.633263701247
UP00259_1_Hoxb6_3428.2	1.0	0.990006488244	0.95693079533	0.884855210053	0.576364153858	1.0	0.294163963702	1.0	1.0	1.0	1.0	0.042837193568
UP00260_1_Hoxc6_3954.2	1.0	0.990006488244	0.890586838896	0.753189997691	0.959007864855	1.0	0.591879819527	1.0	1.0	1.0	1.0	0.361682015346
UP00261_1_Lhx4_1719.2	1.0	0.317104805292	0.439564856109	1.0	0.258262084984	1.0	0.571032036191	1.0	1.0	0.933964834779	1.0	0.0126296330688
UP00262_1_Lhx1_2240.2	0.889493981026	0.965540431751	0.845220694342	0.8140462299	0.558504532916	1.0	1.0	1.0	1.0	1.0	1.0	0.614346447697
UP00263_1_Hoxb8_3780.2	1.0	0.786226214524	0.439564856109	0.884855210053	0.339361370031	1.0	0.777943907513	1.0	1.0	1.0	1.0	0.0742081772365
UP00264_1_Hoxa1_3425.1	1.0	0.94144196343	0.483201075936	0.681521564488	0.63109048365	1.0	0.515841727858	1.0	1.0	1.0	1.0	0.0051784132717
UP00265_1_Pitx3_3497.2	1.6772622943e-11	0.000705871947867	0.0217207554553	0.570041495928	0.000590064067233	0.0119153417778	1.0	1.0	1.0	1.0	1.0	1.0
UP00266_1_Prrx1_3442.1	1.0	0.959953821478	0.12672203622	1.0	0.890132222579	1.0	0.368751288535	1.0	1.0	1.0	1.0	0.0390467640213
UP00267_1_Otx2_3441.1	0.565985178922	0.720446761003	0.655741616646	1.0	0.0122494929831	1.0	1.0	1.0	1.0	0.827923234942	1.0	0.34507734255
UP00391_1_Hoxa3_primary	1.0	0.958600885747	0.439564856109	1.0	0.484522982618	1.0	0.502932890465	1.0	1.0	1.0	1.0	0.0482882283669
UP00391_3_Hoxa3_2783.2	1.0	0.955967949307	0.537172296359	1.0	0.514323069895	1.0	0.700751065253	1.0	1.0	1.0	1.0	0.0935968527708
UP00406_1_Spdef_primary	0.405321792255	0.444204805181	0.041452096453	1.0	0.648411415595	1.0	1.0	1.0	1.0	0.528866821007	1.0	1.0
UP00407_1_Elf3_primary	1.0	0.566708599004	0.534639541811	1.0	0.167464752503	1.0	0.368751288535	1.0	1.0	0.441716812052	1.0	0.00522528668696
UP00408_1_Gabpa_primary	0.061857365229	0.317104805292	0.187745816608	1.0	0.0180264098784	1.0	1.0	1.0	1.0	0.919224625488	1.0	0.204076964182
klf4_homer	4.80570711908e-43	0.00025735274186	4.46465593103e-08	0.0220196482197	5.19028091589e-17	8.33782199474e-13	1.0	1.0	1.0	1.0	1.0	1.0
