TF	MERGED_WITH	CLUSTER1_WITH	CLUSTER2_WITH	CLUSTER3_WITH	CLUSTER4_WITH	CLUSTER5_WITH	MERGED_WO	CLUSTER1_WO	CLUSTER2_WO	CLUSTER3_WO	CLUSTER4_WO	CLUSTER5_WO
Ash2l_hand	2.07561702472e-39	4.41332191326e-08	1.62804923513e-05	0.000275948802399	4.64066158593e-12	3.12295369697e-16	1.0	0.999999981756	0.999992327628	0.999818339293	0.999999999998	1.0
E2A-Homer	1.67350040752e-11	0.000137593062875	0.00525756332123	0.0186023631671	0.00101056958068	0.00234328344021	0.999999999991	0.999926617929	0.996790871275	0.985584230294	0.999305686221	0.998147117988
IRF8_AICS	0.00015054303162	0.0703515193854	0.0741555675823	0.685110425519	8.9198036219e-05	0.0823143081179	0.999872928324	0.948103148355	0.945852139549	0.349418859455	0.999941503006	0.927550981162
IRF8_IECS_HAND_KANO	6.89118890609e-05	0.00480996113757	0.00456955881955	0.759896587099	0.000373029452559	0.140749980393	0.99994250669	0.996956670855	0.997192187859	0.27122189811	0.999747509302	0.87429686396
IRF8_ISRE_KANNO	0.0178438316016	0.476174933698	0.498554090712	0.905350961639	4.92843399952e-05	0.388422471493	0.984162706655	0.589250909496	0.5688097554	0.113173170096	0.999969333355	0.640647865397
MA0002.2.RUNX1	1.91468004135e-08	0.000695111001302	0.000330296255756	0.566909100551	0.000964342944346	0.00479038160743	0.999999985439	0.999612103347	0.999826106542	0.474148207454	0.999346095767	0.996168843755
MA0003.2.TFAP2A	1.59071862478e-54	6.10806420003e-07	6.57006619588e-10	1.04845902505e-07	7.15349757323e-14	4.29092070687e-20	1.0	0.999999723107	0.999999999765	0.999999938767	1.0	0.999999999998
MA0004.1.Arnt	1.0	1.0	1.0	1.0	1.0	1.0	1.0	1.0	1.0	1.0	1.0	1.0
MA0006.1.Arnt::Ahr	1.0	1.0	1.0	1.0	1.0	1.0	1.0	1.0	1.0	1.0	1.0	1.0
MA0007.2.AR	0.000122866070836	0.00096662464859	0.149577575448	0.203411525567	0.00327065293413	0.0810151996523	0.999899661147	0.999452910457	0.888414318507	0.82798357341	0.99775438563	0.930541846199
MA0009.1.T	0.0352787689317	0.254116059956	0.31801184231	0.881358013924	0.0369729500521	0.0287745953019	0.970055473363	0.813115908493	0.765374565184	0.154672391315	0.975189479775	0.977987821033
MA0014.2.PAX5	1.78373720292e-10	0.00079661371553	0.000359787895757	0.35398339872	2.28562878848e-06	0.0270766110889	0.999999999867	0.999560072989	0.999816725273	0.687088854949	0.999998689319	0.977802885487
MA0017.1.NR2F1	1.43191569391e-07	3.73282571665e-05	0.00275997490584	0.520250401603	0.000523556111866	0.00672282051103	0.999999891466	0.999981688336	0.99846375734	0.525491280419	0.999665062426	0.994671583881
MA0018.2.CREB1	0.124361471699	0.00309434780552	0.0162217803621	0.697252257343	0.0917045985003	0.99365189148	0.88811265149	0.998332098079	0.990669860047	0.353152036461	0.928784594476	0.00859939893533
MA0019.1.Ddit3::Cebpa	0.165908964974	0.127202979398	0.396397805534	0.742788232874	0.0392476329454	0.429782598072	0.851232328688	0.913056800396	0.690453625765	0.313783895429	0.97293328071	0.614315463482
MA0024.2.E2F1	3.47174827752e-38	0.000131803526688	2.51606865078e-11	0.00706655214253	2.22073061212e-20	2.64906371129e-07	1.0	0.999931271103	0.999999999992	0.99496627016	1.0	0.999999835752
MA0025.1.NFIL3	0.939898013336	0.408488475368	0.42901615316	0.902319404743	0.492135960926	0.997622267397	0.0704971821887	0.691456818559	0.673719184637	0.130156508834	0.583820930216	0.00364060199428
MA0027.1.En1	7.61694831051e-05	0.0334409012678	0.712922761	0.121444640154	0.000312001021339	0.0838514895547	0.999941288446	0.978867956311	0.365651509504	0.904172987394	0.999829036427	0.93106623412
MA0028.1.ELK1	1.61287594379e-18	0.00212136168523	1.48070281202e-05	0.448190136532	9.36918447163e-08	2.41281911478e-05	1.0	0.998895402172	0.999994219689	0.603150789118	0.999999950916	0.999984918817
MA0029.1.Mecom	0.906460172936	0.479481245906	0.295315495976	0.441151288439	0.221372524673	0.999388770204	0.104138457709	0.597293556622	0.774181873061	0.610741010219	0.82016370931	0.000859700833084
MA0030.1.FOXF2	0.457604120903	0.578561914961	0.479216882424	0.458507432262	0.0983769461382	0.982173402378	0.565942868943	0.496592420915	0.601509329074	0.59015135063	0.924765546651	0.0226619960555
MA0031.1.FOXD1	0.08626509299	0.437936543332	0.31801184231	0.0780468555588	0.120198770176	0.823546182925	0.924502681677	0.650760193401	0.765374565184	0.942174065898	0.910574119654	0.208979361688
MA0032.1.FOXC1	0.678031112845	0.0838331925294	0.69675657835	0.856780993894	0.270850011802	0.869937325258	0.363772332298	0.957118225834	0.441789425075	0.209879529072	0.810619055957	0.173494026552
MA0033.1.FOXL1	0.955274497422	0.349239806598	0.891682907379	0.881271444879	0.0894258803455	0.999061350298	0.0514174619775	0.731701989989	0.161254570616	0.147963644491	0.935069271238	0.00134639211688
MA0035.3.Gata1	0.240301160497	0.183167781544	0.717516837729	0.441512595024	0.0839114245639	0.623434811863	0.776916955995	0.863236282129	0.35617539701	0.605764627467	0.935846656461	0.410383836699
MA0036.2.GATA2	0.661249925101	0.654660905153	0.514987692146	0.521566782751	0.249714286112	0.877357395652	0.360067639207	0.421443082717	0.573493391379	0.527325601588	0.792884399145	0.141858145179
MA0037.2.GATA3	0.181716959871	0.180698337746	0.328935463578	0.426210146265	0.125019740628	0.691596342847	0.833414257586	0.866441502929	0.743334915586	0.622751543785	0.902446471943	0.341825927308
MA0038.1.Gfi1	0.322979612688	0.792375448956	0.315026474466	0.65730560346	0.00361319036848	0.91942483049	0.697063953166	0.266654687901	0.752273759926	0.388279784309	0.997605941426	0.095101274817
MA0039.2.Klf4	1.50349259357e-61	2.28872648787e-05	5.3799343519e-09	8.38153635081e-05	7.70631208463e-22	3.86321778108e-26	1.0	0.999988641075	0.999999998049	0.999943024691	1.0	0.999999999999
MA0040.1.Foxq1	0.999939592037	0.993925227125	0.992174537833	0.436302435966	0.588444015356	0.999977582969	7.67112233782e-05	0.0105858919158	0.014028486099	0.612069018103	0.470949461521	3.33727543714e-05
MA0041.1.Foxd3	0.899154987401	0.131088806973	0.108104100519	0.740817823353	0.0833662942102	0.999938418204	0.109685468268	0.90147454228	0.921077214463	0.293771175244	0.933743358511	8.38162572162e-05
MA0042.1.FOXI1	0.694225308393	0.856787140824	0.44729670348	0.350530059907	0.00563770621646	0.994514641824	0.324100748721	0.186508405427	0.622876809487	0.69012101385	0.996107681842	0.00691216172261
MA0043.1.HLF	0.633174427995	0.240337780794	0.102963386631	0.900002657092	0.781974732108	0.819450631553	0.400250820943	0.842355856762	0.937862162162	0.136553470793	0.283634824337	0.221133134178
MA0046.1.HNF1A	0.937963344844	0.75042313363	0.928663892616	0.60555427149	0.055927892737	0.988029890503	0.0705348791515	0.322270468183	0.108754490921	0.451287001897	0.960242803754	0.015652876978
MA0047.2.Foxa2	0.864713111583	0.787351051098	0.718598159784	0.574829836713	0.113414824456	0.998124480167	0.147202317382	0.267231145436	0.347710471272	0.469097412352	0.910308742535	0.00246090550913
MA0048.1.NHLH1	4.69825830724e-25	1.10641278481e-08	7.11672988106e-08	0.0546528324035	1.30860409381e-08	2.39098818364e-07	1.0	0.999999995714	0.999999972229	0.956075026907	0.999999993103	0.999999840073
MA0050.2.IRF1	0.49349206107	0.587196324004	0.335294145266	0.662507344909	0.00666679208313	0.975032396018	0.523912436134	0.473253110387	0.720941030757	0.372883865926	0.995052915501	0.0292168869455
MA0051.1.IRF2	0.0403562655761	0.974240595214	0.259943927091	0.309415408715	0.00123926357077	0.58561857787	0.964069499183	0.0391572750289	0.796512290838	0.730291776058	0.999180010904	0.448436891348
MA0052.2.MEF2A	0.61975661882	0.982831248709	0.0579286621256	0.955086939477	7.56086882626e-05	0.990283731165	0.400457820568	0.0269405508466	0.961019972919	0.0562938533451	0.999955851694	0.0121182224283
MA0056.1.MZF1_1-4	4.37072981744e-69	1.11594418864e-10	1.65894346687e-07	8.58112677125e-06	1.08974837196e-25	5.78430172587e-31	1.0	0.999999999964	0.999999937612	0.999994523291	1.0	1.0
MA0057.1.MZF1_5-13	5.71953196118e-39	9.04220947002e-10	5.11899902676e-07	3.33643073668e-05	2.28529536433e-15	1.43828588398e-10	1.0	0.99999999966	0.999999781867	0.999978654645	1.0	0.999999999912
MA0058.2.MAX	4.43206753098e-05	0.0107379598809	0.000421857195694	0.16444558311	0.0215903900967	0.172137310319	0.999964853478	0.99357744697	0.999796010387	0.864258119706	0.984234475953	0.849493912798
MA0059.1.MYC::MAX	4.58133934025e-06	0.00603544611832	0.113633133287	0.0319749764202	0.0120703744467	0.140428579009	0.999996668649	0.996788612535	0.926076942998	0.977415782491	0.991895254622	0.883574072664
MA0060.2.NFYA	0.000280848603099	0.0201702840023	0.013026483111	0.91289090043	3.63105407936e-05	0.315358392172	0.999775936413	0.987482223744	0.992554045339	0.111727661079	0.999978659417	0.72030369179
MA0062.2.GABPA	3.89388935162e-23	0.0513207014872	2.00058938199e-07	0.00641390396082	1.93672680606e-09	1.64309662542e-05	1.0	0.964217521968	0.999999923719	0.995336626758	0.999999999003	0.999988722884
MA0063.1.Nkx2-5	0.966125644853	0.846266870987	0.00400854496762	0.994990707656	0.549884900164	0.965673895221	0.0396013806156	0.219018484133	0.998096795238	0.00767328608586	0.523800845385	0.0437414728093
MA0065.2.PPARG::RXRA	1.7360858788e-27	5.49389123136e-05	2.40273194593e-06	0.00349972879025	6.53625981449e-10	3.75336101486e-11	1.0	0.999971160866	0.999998903344	0.99740217912	0.999999999662	0.999999999976
MA0066.1.PPARG	1.00052462402e-10	0.00088563863846	0.00587155868374	0.0969216362528	0.00138481412953	9.04010289701e-06	0.999999999936	0.99952679306	0.996632473386	0.923761941381	0.999132232956	0.999994006185
MA0067.1.Pax2	5.80168307483e-10	0.00295745263447	0.00724480416324	0.206736103592	2.29026066332e-05	0.0285039027283	0.999999999651	0.99864001342	0.996452529841	0.838966886728	0.99998871825	0.979409511393
MA0068.1.Pax4	0.0272790273005	0.117987238448	0.231936679555	0.253968968419	0.000238369939956	0.954044806918	0.975645976915	0.91129103989	0.817401922428	0.778840754374	0.999845764851	0.0540557018978
MA0069.1.Pax6	0.433230625493	0.243774845523	0.0478344186142	0.94865329084	0.387449626539	0.518964809609	0.59795391252	0.828328761359	0.973645957801	0.0725644229389	0.68555846382	0.531264223894
MA0070.1.PBX1	0.999740084342	0.953018977283	0.98838219165	0.764656075987	0.379980361215	0.999856196514	0.000340023770424	0.0770651274351	0.0224364742227	0.286220109586	0.683970410815	0.000225230447556
MA0071.1.RORA_1	0.0614606018336	0.0109371053285	0.00313425628279	0.948025612914	0.0132262677731	0.745516718613	0.945254841632	0.993514108808	0.99836646268	0.0666547401573	0.990792260918	0.284977244834
MA0072.1.RORA_2	0.355692716627	0.14367693368	0.356881693513	0.34071338651	0.0119144906546	0.99254284464	0.668048305702	0.898545289254	0.72821762151	0.709339291849	0.99203190797	0.00992324447672
MA0073.1.RREB1	9.27019569277e-50	0.000100098583294	2.05066098043e-09	3.66267091495e-06	3.81922179102e-17	5.1989839886e-17	1.0	0.999946438127	0.999999999255	0.99999767356	1.0	0.999999999999
MA0074.1.RXRA::VDR	1.71441826609e-08	0.00171718095914	0.140759938806	0.300217676918	0.000249288061344	0.000727434345784	0.99999998816	0.999093504886	0.900336885711	0.74782276877	0.999860468612	0.999499438919
MA0075.1.Prrx2	1.0	1.0	1.0	1.0	1.0	1.0	1.0	1.0	1.0	1.0	1.0	1.0
MA0076.2.ELK4	5.00561392957e-15	0.00215477873359	1.57493618603e-05	0.0916713358636	6.26314520114e-07	0.00754265700078	1.0	0.998713972654	0.999992625187	0.923803117576	0.999999633888	0.993892023162
MA0077.1.SOX9	0.919072896412	0.0276772298614	0.165607211681	0.852561744328	0.211111715801	0.999174723883	0.0900896056225	0.982787972963	0.881065758348	0.179067010316	0.827822181029	0.00112780899802
MA0078.1.Sox17	0.735738597539	0.149910077381	0.0644951937409	0.75098359068	0.33270551449	0.94952549011	0.285276398347	0.891781247953	0.959024299595	0.296384766647	0.721015313359	0.0616512265846
MA0079.3.SP1	2.04294021435e-67	4.91539377367e-06	4.50980330266e-10	2.4380893542e-06	5.02757476432e-24	1.02934086472e-25	0.999999999998	0.999997880081	0.999999999865	0.999998475904	1.0	1.0
MA0080.3.Spi1	8.01327726878e-06	0.0215625579975	0.0143612515182	0.0613625900492	5.81681576418e-05	0.490269926683	0.999993444836	0.985419878153	0.990615655688	0.949504927907	0.99996263302	0.536817344352
MA0081.1.SPIB	0.0026658890109	0.0579560124873	0.013137552079	0.660249763974	5.57024993865e-05	0.647501914288	0.997688592853	0.958236174175	0.99156507942	0.376902759385	0.999964617623	0.379741463213
MA0083.2.SRF	0.110977172032	0.0697581660091	0.118933213627	0.795699078247	0.0219686925271	0.713953347087	0.899620050209	0.952404789241	0.916958018195	0.241588400897	0.984408495996	0.318341838974
MA0084.1.SRY	0.971898196884	0.917515252893	0.0834521095851	0.715417028558	0.0405755640148	0.999908922316	0.0318255208565	0.1144691187	0.943294140478	0.326061537119	0.969848290672	0.000128367287403
MA0087.1.Sox5	0.998637359908	0.662156419813	0.366824788577	0.540528262601	0.485113817969	0.999990339527	0.00163735153259	0.409146111483	0.70895386142	0.50836733011	0.570917585379	1.43260077078e-05
MA0088.1.znf143	2.08273766489e-24	0.000118258413856	0.000236395242294	0.0140342513103	1.90886424755e-09	1.25452521355e-08	1.0	0.999936789158	0.999873462955	0.989174266726	0.999999999014	0.99999999177
MA0089.1.NFE2L1::MafG	0.036617665178	0.385555331594	0.141196749033	0.378685702763	0.000297169440552	0.538403048248	0.96714815063	0.676103078371	0.89407706217	0.662599700015	0.999807490446	0.492262048463
MA0090.1.TEAD1	2.23633104761e-05	0.00570676616705	0.236129881381	0.129959981704	4.7746802957e-05	0.784549074968	0.999982025971	0.996465101525	0.814165552483	0.891464583537	0.999970739867	0.241083607135
MA0091.1.TAL1::TCF3	0.000861887140878	0.223523970919	0.118794956384	0.0619998860795	0.00755354421466	0.183646238869	0.999294496022	0.832089871112	0.91815777877	0.952175615234	0.994894472582	0.839637053622
MA0092.1.Hand1::Tcfe2a	9.2581697845e-05	0.00128213900082	0.0165756746793	0.513709058154	0.0078772815704	0.205678856975	0.999924720246	0.999274748919	0.989731879187	0.530594205559	0.994401279289	0.817224571918
MA0093.2.USF1	3.210067404e-05	0.00288059597153	0.00388587427226	0.507760053854	0.00149187194174	0.19577891265	0.999974667476	0.998378584312	0.997878610726	0.541492567735	0.999012810028	0.828347721589
MA0095.2.YY1	0.0075505297857	0.657587232817	0.136936825502	0.246525147117	0.00757949054548	0.570840815783	0.993493052681	0.408681006689	0.900724148772	0.788689302605	0.994570891023	0.464392558688
MA0098.2.Ets1	0.0018538879937	0.000424042690181	0.0208396614825	0.877928219912	0.00339119053797	0.393098134075	0.998395046375	0.999764631479	0.98615955407	0.143119372553	0.997583041097	0.633167007253
MA0099.2.JUN::FOS	0.999327617953	0.236335038063	0.000380871750365	0.999601831986	0.748453870681	0.999752101074	0.0007900076637	0.812117422855	0.999803986629	0.000570217743608	0.288798593765	0.000323779726864
MA0100.2.Myb	0.196741892937	0.0239661408589	0.296643214583	0.958623145192	0.0688131638942	0.401220992024	0.817804105099	0.984370256847	0.765083196061	0.0532252704197	0.946093938741	0.631390410976
MA0101.1.REL	0.0	3.2432616879e-30	2.06073165607e-19	2.11254485601e-76	1.7559494885e-67	2.29975369012e-166	0.999999999997	1.0	1.0	1.0	1.0	0.999999999999
MA0102.3.CEBPA	0.999190738117	0.914348561329	0.70422984371	0.994260945466	0.597348635433	0.986356832764	0.0010026514754	0.123782830396	0.373917052776	0.00840206695587	0.462582879008	0.0175436912808
MA0103.2.ZEB1	6.42558725847e-30	2.5436116683e-05	3.36147962607e-06	0.0119105772039	2.15317258057e-13	1.11998717067e-09	1.0	0.999987967623	0.999998611991	0.991191633883	1.0	0.999999999331
MA0104.3.Mycn	3.85150242818e-14	0.000267525393316	9.7734108336e-06	0.00873127721666	0.00952476645106	1.66958207907e-05	1.0	0.999875640213	0.999996509682	0.994065365882	0.993358251164	0.999989184207
MA0105.3.NFKB1	0.0	2.59592345222e-27	2.51193904387e-22	1.29394189632e-66	1.61029523456e-75	1.30521802721e-143	1.0	0.999999999999	1.0	0.999999999998	1.0	1.0
MA0106.2.TP53	0.000572445086238	0.0174678591199	0.421120670855	0.118973977509	0.0129485762975	0.0639054613598	0.999543629268	0.989908491973	0.662065476047	0.908360666983	0.9910822812	0.947847067901
MA0107.1.RELA	0.0	7.5671029471e-41	7.89512536092e-26	4.55343680559e-92	1.05720097895e-89	1.53259514011e-225	1.0	0.999999999999	1.0	0.999999999999	1.0	1.0
MA0108.2.TBP	0.145255849707	0.420880446467	0.197911269969	0.67327904689	0.00215626443729	0.906796863326	0.870365868755	0.667892200946	0.860485612949	0.383632394613	0.998747550458	0.114435244834
MA0109.1.Hltf	0.857774997138	0.112195250537	0.664966426958	0.867598903718	0.0453126360222	0.999006095267	0.158962879304	0.927460740154	0.432287690383	0.167092400142	0.968953647563	0.00146681675519
MA0111.1.Spz1	1.1301660467e-05	0.188035951544	0.00150843535136	0.117960535261	1.13324659534e-05	0.17389709749	0.999991203059	0.855587544103	0.99919022328	0.905693430028	0.999993726026	0.848343983341
MA0112.2.ESR1	2.88400118769e-25	2.85292002791e-06	1.70640405648e-05	0.0170520231482	7.86651175828e-07	4.93449620547e-11	1.0	0.999998676819	0.999991849983	0.986920292252	0.999999545465	0.999999999971
MA0113.2.NR3C1	0.00150509170675	0.00060039027785	0.237279689716	0.641681841433	5.95033419828e-05	0.278427338162	0.99873611516	0.999676811096	0.817419998621	0.404236327615	0.999964603032	0.749058514444
MA0114.2.HNF4A	9.38390538243e-14	1.90817127797e-05	6.38446263703e-07	0.357753478174	5.36981959984e-06	8.29998640117e-05	1.0	0.999990463737	0.999999733326	0.680414326922	0.999996817973	0.999938619188
MA0115.1.NR1H2::RXRA	0.0155172556159	0.00850281887034	0.006210559428	0.890085450009	0.0218074987876	0.354414089748	0.986531663092	0.994949161624	0.996569931673	0.134679332699	0.984144773343	0.677859827906
MA0116.1.Zfp423	3.60010343351e-34	2.60094737667e-07	4.2845938522e-08	0.000126216882892	1.40215611615e-12	5.6246869901e-09	1.0	0.999999893776	0.99999998411	0.999922978711	1.0	0.999999996668
MA0117.1.Mafb	0.00395679492362	0.262637893003	0.00137650347422	0.826723449843	0.00665494076873	0.348708799707	0.996691740598	0.796523631515	0.999333291635	0.208868548444	0.995427262557	0.687283376266
MA0119.1.TLX1::NFIC	8.95743622571e-06	0.000473770749079	0.0322478561193	0.119312446142	0.00418328165544	0.246117601374	0.999992858444	0.999752096582	0.978680599235	0.901139924051	0.997030589713	0.778401024396
MA0122.1.Nkx3-2	0.0220196172703	0.00578785433015	0.323655755683	0.795004502222	0.00180677842387	0.501428873287	0.981063829915	0.996861092099	0.746639008565	0.246678878882	0.998884412011	0.538462188425
MA0124.1.NKX3-1	0.999787794909	0.0611547370596	0.843845433351	0.931069484855	0.606078047108	0.999999511919	0.000274244449575	0.961352998824	0.223110509386	0.0902230411824	0.46050928365	8.56801521493e-07
MA0125.1.Nobox	0.873512797361	0.68360264592	0.0605643844827	0.973493979679	0.405301476993	0.961324779276	0.144710900353	0.419097647837	0.966160421561	0.0390545928569	0.673515223377	0.0516787894657
MA0130.1.ZNF354C	1.0	1.0	1.0	1.0	1.0	1.0	1.0	1.0	1.0	1.0	1.0	1.0
MA0131.1.HINFP	5.81854431603e-10	0.14901159504	0.012739153537	0.00728973287501	1.96397094805e-05	0.194756254582	0.999999999721	0.91616680747	0.995453224835	0.996419348055	0.999992371798	0.861740358325
MA0132.1.Pdx1	1.0	1.0	1.0	1.0	1.0	1.0	1.0	1.0	1.0	1.0	1.0	1.0
MA0133.1.BRCA1	0.0107020680681	0.0586208018113	0.0828626994241	0.632278958755	0.0118558011803	0.400318375557	0.991389911199	0.966508758134	0.950794637973	0.434773308672	0.993057321172	0.649602438923
MA0135.1.Lhx3	0.998114334622	0.93049177656	0.96920266241	0.428878373526	0.10409099277	0.999541334243	0.00232745356075	0.104866226011	0.0526176759287	0.627989272022	0.923993807415	0.000659278919163
MA0136.1.ELF5	0.468615962503	0.286843496808	0.184501616129	0.919849885637	0.00152941795869	0.969051966812	0.549402941008	0.764428897431	0.856458198533	0.0958669741526	0.998929693313	0.0362617274218
MA0137.3.STAT1	5.42874364735e-07	0.078976252619	0.157278785808	0.0129144924378	0.037606818008	0.00426198930578	0.999999574389	0.942074092548	0.880425516528	0.990162626904	0.97084762409	0.996599213651
MA0138.2.REST	2.09265139497e-27	0.000639560105783	0.00538840451695	9.5090122729e-06	1.83830051976e-11	1.79413961466e-07	1.0	0.999640131499	0.996743832105	0.999994139924	0.999999999992	0.999999881343
MA0139.1.CTCF	5.94241157394e-33	9.58569283472e-09	5.84380672577e-08	0.0675311289222	6.31087642095e-13	2.62553025055e-12	1.0	0.999999996154	0.99999997657	0.945056771054	1.0	0.999999999999
MA0140.2.TAL1::GATA1	0.467343067664	0.513603171107	0.0171036964648	0.985659345901	0.0298266494636	0.835044154665	0.557850554505	0.570938969863	0.990588331636	0.0200780369115	0.97899442792	0.191470722568
MA0141.2.Esrrb	1.0262876081e-06	0.00101778697691	0.127517261563	0.065270990994	0.0163355802794	0.00366004917247	0.99999920016	0.999425494459	0.905895967118	0.947835047094	0.987909722609	0.997118312064
MA0142.1.Pou5f1::Sox2	0.999961135925	0.227801167917	0.730221599377	0.999405083815	0.508891081175	0.999992502155	4.89194789766e-05	0.824393388997	0.339527662007	0.000889409575695	0.545156422291	1.11692056805e-05
MA0143.3.Sox2	0.0121525954916	0.498701338551	0.0320642127259	0.0251837284058	0.0026989549736	0.86425018531	0.989405596501	0.568697484994	0.978689416319	0.980984090614	0.998174006857	0.155120251683
MA0144.2.STAT3	4.19729747679e-08	0.000500860538756	0.173071552344	0.131411101255	0.00240650873439	0.000559204561074	0.999999967375	0.999714480805	0.865619564272	0.888604496108	0.99828823411	0.999565559036
MA0145.2.Tcfcp2l1	1.56657129429e-29	4.5531339788e-08	3.45481807051e-05	0.00718637822205	1.70951023134e-08	2.46975558586e-10	1.0	0.999999981549	0.999983119665	0.99464981967	0.999999990787	0.999999999849
MA0146.2.Zfx	3.86702765922e-58	1.88284046144e-08	6.9239472817e-17	2.72356535879e-05	1.77268868445e-19	1.61284278944e-17	1.0	0.999999992294	1.0	0.999982122718	1.0	1.0
MA0147.2.Myc	4.29638026913e-10	0.00246106474989	0.000698411546106	0.0359634840397	0.0158166781651	0.000376784658894	0.99999999971	0.998660490328	0.999660467605	0.972883336134	0.988646373929	0.999729212413
MA0148.3.FOXA1	0.77496441704	0.786922486497	0.861923338075	0.442408853275	0.151412669028	0.993489094633	0.240943060427	0.266447259732	0.181232462191	0.600135483535	0.877335022947	0.00822943311533
MA0149.1.EWSR1-FLI1	5.48324565331e-23	2.56602555138e-05	0.000646627423637	0.173048883505	5.74564193693e-09	1.43938262206e-10	1.0	0.999987778014	0.999648392683	0.85057798684	0.999999997046	0.999999999909
MA0150.2.Nfe2l2	0.841426684211	0.438576412161	0.251524139182	0.99616117288	0.146280370057	0.542078379554	0.170682095639	0.62597899104	0.802591301168	0.00525245445333	0.879365076922	0.487806571623
MA0151.1.ARID3A	0.877009900926	0.781906048407	0.249997334523	0.396418518073	0.0659631205287	0.999493227436	0.135611034504	0.280593299972	0.809751602998	0.652360332363	0.951477926091	0.000710942319675
MA0152.1.NFATC2	0.437312763326	0.448025298747	0.254328430646	0.753082079392	0.0735222019663	0.816032507477	0.583066211727	0.61873783679	0.800544107934	0.283784458831	0.942669352306	0.206647960008
MA0153.1.HNF1B	0.999722364466	0.780981515867	0.86129501296	0.713779890413	0.514769037051	0.999949083591	0.000362906621377	0.297523139124	0.209919736352	0.341870844597	0.559088184634	8.10168660828e-05
MA0154.2.EBF1	3.07316698164e-55	3.9084271788e-09	8.20375106387e-12	2.03189852795e-06	2.68093022515e-18	1.82606297932e-21	1.0	0.999999998462	0.999999999997	0.999998743197	1.0	1.0
MA0155.1.INSM1	1.00046400798e-42	6.52824387771e-07	5.63467816884e-13	0.000221026544214	2.75335147004e-15	1.16924874427e-13	1.0	0.999999703714	1.0	0.999849847936	1.0	1.0
MA0156.1.FEV	0.359130379662	0.210949766888	0.132315728371	0.965040903594	0.00206106639831	0.948663479926	0.657376955394	0.831158496098	0.89953646759	0.0431013921233	0.998531474682	0.0591315063842
MA0157.1.FOXO3	0.948798628086	0.690446766613	0.476532410322	0.862050623787	0.167571442387	0.993141460046	0.0569106082412	0.374807586014	0.597939624843	0.164219774113	0.861993292442	0.00860067057239
MA0158.1.HOXA5	0.872235493539	0.805990080424	0.61467465817	0.826655498688	0.580658573142	0.720665144079	0.143589290449	0.264373027521	0.484942444823	0.216511585342	0.491861195276	0.318969673458
MA0159.1.RXR::RAR_DR5	2.0710535399e-19	0.000847769282314	1.54151261632e-06	0.00267190738537	0.00544353981202	3.18388231438e-10	1.0	0.999536720079	0.999999357848	0.998150200102	0.996152744315	0.999999999811
MA0160.1.NR4A2	0.00153403089004	0.0157394976474	0.0145991806912	0.458504589296	0.168567888953	0.12790879447	0.998720805447	0.990117687048	0.991365949935	0.588547023693	0.862525425545	0.88975248274
MA0161.1.NFIC	1.0	1.0	1.0	1.0	1.0	1.0	1.0	1.0	1.0	1.0	1.0	1.0
MA0162.2.EGR1	1.23628813523e-60	9.37002824244e-07	3.79155319244e-10	5.42111959072e-05	3.38184543299e-23	1.38571930066e-22	1.0	0.999999590697	0.999999999872	0.999963482148	1.0	1.0
MA0163.1.PLAG1	3.56969378817e-72	1.29026875353e-06	5.03360204799e-13	2.19725171809e-05	3.92899254991e-26	1.09740804431e-28	1.0	0.999999406887	1.0	0.99998563942	1.0	1.0
MA0164.1.Nr2e3	0.125142097797	0.346328455663	0.892795665895	0.567976319	0.0885839837128	0.211307820298	0.890978552773	0.748954072356	0.168690144645	0.505248175651	0.936942352552	0.825068770322
MA0258.2.ESR2	2.68722880641e-16	8.35482775308e-06	9.24763299368e-05	0.364219000373	2.17442997264e-10	0.000201784689795	1.0	0.999996069583	0.999953598495	0.675587502103	0.999999999896	0.999850624908
MA0259.1.HIF1A::ARNT	3.94225535634e-06	0.103572326599	1.2472014536e-06	0.096286488842	0.121100167142	0.237837446189	0.999997498972	0.941173968183	0.999999745413	0.936469396636	0.912424842624	0.814521397122
MA0442.1.SOX10	0.0617189928034	0.0274588346331	0.21596570858	0.92551361965	0.00800716111116	0.481464908446	0.943466609368	0.980915035273	0.827971722736	0.0890145016744	0.994022314477	0.546032967345
MA0461.1.Atoh1	1.11245280925e-11	0.0149458896963	0.00106855939493	0.81525969165	1.28562969558e-06	1.98678773126e-06	0.999999999999	0.990021604438	0.999392478642	0.212584070952	0.999999246794	0.999998601919
MA0462.1.BATF::JUN	0.999999888791	0.338031544529	0.69919774286	0.999895758166	0.899017723312	0.999919445995	1.43263302246e-07	0.720785635406	0.367063375632	0.000155161934309	0.123426319701	0.000107534901869
MA0463.1.Bcl6	1.23775992461e-07	3.26344864077e-05	0.142535193885	0.0350238706969	0.066836765809	0.00284851100171	0.999999903569	0.999983534577	0.891568822241	0.972196270183	0.946235713853	0.997729940727
MA0464.1.Bhlhe40	5.40886146717e-08	0.0461491202617	8.52409873082e-05	0.506533621012	0.00211924048234	0.000368796957112	0.9999999606	0.96973077372	0.999962357816	0.544973000441	0.998601207552	0.999736315325
MA0465.1.CDX2	0.999734262455	0.793830037953	0.936218755465	0.420963679187	0.810101401873	0.999909675503	0.000333005591449	0.268961199296	0.0974223555512	0.630237572094	0.234490173297	0.000131785166519
MA0466.1.CEBPB	0.961295318283	0.570153457037	0.642895460179	0.995263553443	0.0482642633987	0.967039146028	0.0443236027781	0.516538125914	0.442695267907	0.00696593686017	0.965481407055	0.0409673928176
MA0467.1.Crx	0.0966211624407	0.000371692347458	0.225065461952	0.852036355509	0.0144151449873	0.922334208651	0.913747091209	0.999823821012	0.833571091816	0.181690843724	0.990269438683	0.0938890992286
MA0468.1.DUX4	0.960074986271	0.213278817032	0.999145891951	0.687176640841	0.569039276853	0.959146021534	0.0455459089357	0.83960805516	0.00173267859981	0.36135147963	0.491597510771	0.0503653872285
MA0469.1.E2F3	1.28441530967e-57	2.83852747239e-07	1.12951892062e-07	5.80462234305e-08	3.25371931745e-20	3.20314729583e-17	1.0	0.999999874223	0.999999953225	0.999999966397	1.0	1.0
MA0470.1.E2F4	4.22271780905e-45	0.00165383756941	1.64838976275e-13	2.42853521142e-05	9.79207235088e-22	1.10858476103e-08	1.0	0.999020328325	1.0	0.99998532039	1.0	0.999999993336
MA0471.1.E2F6	9.752967613e-43	1.2348394454e-06	5.3207151749e-07	0.00457343276112	1.98971093867e-14	6.02485713101e-17	1.0	0.999999431692	0.999999770228	0.996555634328	1.0	1.0
MA0472.1.EGR2	6.6784622694e-53	3.62913588694e-06	1.84069206385e-11	0.000233096130254	2.02523315932e-16	1.35777435075e-19	1.0	0.999998275746	0.999999999994	0.999838136269	0.999999999999	0.999999999999
MA0473.1.ELF1	0.000900360592021	0.0130815686612	0.00329042777996	0.826688420778	3.52935168298e-06	0.819001855999	0.999224204385	0.991292379223	0.997999443078	0.198745021516	0.999997857437	0.199437640048
MA0474.1.Erg	0.00531910491713	0.000196914551823	0.0148395955771	0.877206166279	0.00547355298922	0.600115139133	0.995341357661	0.999895334178	0.990385463919	0.144494741583	0.996065951385	0.427280392543
MA0475.1.FLI1	1.96799634991e-05	0.0619066234214	0.00938434431212	0.594968862933	0.00022331218193	0.0862897690778	0.999983751343	0.954804499283	0.994014161859	0.442622653624	0.999852271247	0.923917747613
MA0476.1.FOS	0.999994786329	0.379761392667	0.0259397268736	0.999148316725	0.889319972318	0.999983908995	6.42815794416e-06	0.680508324754	0.982886247634	0.00118593090184	0.133181824006	2.18340549627e-05
MA0477.1.FOSL1	0.99996470305	0.692563647428	0.0109587203897	0.99965277695	0.771283968928	0.999884181343	4.27374253321e-05	0.368046935281	0.993125347347	0.000495643973793	0.263561644945	0.000152500754688
MA0478.1.FOSL2	0.999981293706	0.519579860332	0.0503578546549	0.998924902525	0.702088806502	0.999980986808	2.27181619758e-05	0.543847288012	0.964709507683	0.00148349058829	0.336619654508	2.56711043218e-05
MA0479.1.FOXH1	0.999699295831	0.578561914961	0.994987517704	0.89941002027	0.477898875747	0.999792223052	0.000372484079381	0.496592420915	0.00876267170063	0.12501024002	0.577464745474	0.000295993256745
MA0480.1.Foxo1	0.804450635859	0.555806193952	0.654047868337	0.667790481182	0.232394210445	0.941371426775	0.209012855544	0.508673996582	0.411805257898	0.370690396404	0.801222025233	0.0679515982198
MA0481.1.FOXP1	0.930239093794	0.234793455561	0.86533285819	0.578774433972	0.00972844625544	0.99997852786	0.0758733810685	0.809980289198	0.172914965063	0.458906325078	0.992741300817	2.8858579578e-05
MA0482.1.Gata4	0.251484160482	0.374474277901	0.258829377231	0.320755641249	0.322247713493	0.689070792975	0.766540652557	0.697728572464	0.805359165003	0.722033176167	0.726664126068	0.343577204338
MA0483.1.Gfi1b	0.0362302952936	0.236335038063	0.010981160495	0.941612512117	0.00326073928281	0.45487005179	0.967581389444	0.812117422855	0.993177462527	0.072127246288	0.997753331205	0.57657923676
MA0484.1.HNF4G	1.01815190222e-11	3.21469232062e-05	3.26998809392e-05	0.346207781155	3.14978297147e-06	0.000661270980853	1.0	0.999983655984	0.999984250638	0.691594497893	0.999998163745	0.999491499718
MA0485.1.Hoxc9	0.992097359084	0.86167600141	0.654153957509	0.593670390621	0.132166715567	0.999927180816	0.00942624216946	0.194282559339	0.441456568989	0.461352706995	0.898313511623	0.000109975268788
MA0486.1.HSF1	5.17252289197e-10	6.54434869857e-05	0.000300463977912	0.00473468351044	0.00123539831548	0.0674796637864	0.999999999631	0.999966624256	0.99984514609	0.996549678284	0.9991644946	0.942085650344
MA0488.1.JUN	0.670025126646	0.0763628116255	0.251524139182	0.998145258195	0.136266298218	0.819636132501	0.348984537877	0.945231844104	0.802591301168	0.00264906877376	0.88829289098	0.203144121285
MA0489.1.JUN.var.2	0.999997654491	0.725978029711	0.0457731709949	0.998824577458	0.589892954031	0.999998824311	2.91138768288e-06	0.330773164071	0.968539410498	0.00162100045982	0.453420004752	1.6569500286e-06
MA0490.1.JUNB	0.999996676334	0.675741708269	0.0109409783394	0.997307846236	0.828174713965	0.999997916112	4.11308016672e-06	0.384248802962	0.993128504549	0.00363016140359	0.201404754945	2.91528914281e-06
MA0491.1.JUND	0.999997268587	0.729326472195	0.0210070934867	0.997863800377	0.896699940439	0.999986773074	3.39023933002e-06	0.327453115615	0.986289344962	0.00290453141983	0.124697059106	1.80256306899e-05
MA0492.1.JUND.var.2	0.83646002029	0.144412455896	0.11742850273	0.989551154587	0.129911907875	0.987305815602	0.177467144932	0.891791427833	0.916351377275	0.0142660444387	0.895220807434	0.0159365367707
MA0493.1.Klf1	1.57371468139e-48	8.81416205034e-05	6.12861378114e-09	2.0024637235e-05	7.18158494307e-14	3.38790154982e-19	1.0	0.999952856586	0.999999997684	0.999986953711	1.0	1.0
MA0494.1.Nr1h3::Rxra	7.07576492909e-08	0.00243478428122	0.293372618874	0.526902795979	5.19066423616e-06	5.99535378676e-05	0.999999947477	0.998634982906	0.767458636548	0.522436493906	0.999997168883	0.999957694109
MA0495.1.MAFF	0.988204780794	0.262940849252	0.499704475844	0.998953665239	0.411912808627	0.949402801579	0.0135827540999	0.794830868086	0.578447996409	0.00153627329509	0.64071785232	0.059994942849
MA0496.1.MAFK	0.932663232225	0.109667822692	0.389113287117	0.99330403701	0.399610110635	0.893819271876	0.07471025355	0.921247899388	0.684973525534	0.00922683933467	0.651599418745	0.122379488366
MA0497.1.MEF2C	0.944962697142	0.829847030018	0.394446180167	0.956645490173	0.219059579077	0.986476932435	0.0607413424424	0.216950844678	0.671355212673	0.0538406242511	0.815102280959	0.0164618669009
MA0498.1.Meis1	7.54279787096e-06	0.000574505540087	0.00529159137607	0.565400096144	0.000190328313825	0.101639475996	0.999994014445	0.999683980686	0.996858061528	0.479364745365	0.999879164436	0.912041027287
MA0499.1.Myod1	4.51309918136e-17	0.00214107524844	0.000207799806144	0.0527522532958	7.88299195625e-07	2.53666640415e-06	1.0	0.998699686343	0.999888668658	0.957026485056	0.999999538977	0.999998195975
MA0500.1.Myog	3.40013180121e-16	0.000254108222761	0.00038374802989	0.0589541419257	3.29740889966e-05	1.20040025736e-05	1.0	0.999859143033	0.999789158773	0.95168652548	0.999979068334	0.999991271193
MA0501.1.NFE2::MAF	0.942079881558	0.779153254645	0.15506468497	0.970877687199	0.384312816769	0.867636638073	0.0638876315794	0.27547710302	0.88506589633	0.0369944946392	0.661094522329	0.149426435993
MA0502.1.NFYB	0.00165944821637	0.331395575626	0.0168278380878	0.958089243022	0.000882935509101	0.0881959749656	0.998649518419	0.738694129096	0.990212216436	0.0568047847865	0.999438434735	0.927794107408
MA0503.1.Nkx2-5.var.2	2.49928151111e-08	0.00269856554007	1.05968946423e-05	0.26562891844	1.88530317931e-05	0.045834526019	0.999999981444	0.998449204377	0.999995460922	0.771673837932	0.999988981331	0.961675936419
MA0504.1.NR2C2	1.21696382869e-34	5.13178365207e-08	2.38520330385e-07	0.0142340831137	6.68254192387e-14	1.00319173338e-11	1.0	0.999999978358	0.9999998989	0.989001017596	1.0	0.999999999994
MA0505.1.Nr5a2	2.60881401123e-10	1.76776099083e-05	0.0137339876414	0.171191542917	0.000151517672541	0.000422784783005	0.999999999817	0.999991309697	0.991282853078	0.855110782013	0.999902551976	0.999680442932
MA0506.1.NRF1	6.43363377659e-39	0.0226287234277	3.9891604746e-10	0.000319793781648	2.58451440581e-14	6.22945193122e-09	1.0	0.985045322454	0.999999999871	0.999795991774	1.0	0.999999996554
MA0507.1.POU2F2	0.845474616096	0.8179198184	0.164181331176	0.238360760686	0.0561175117505	0.999016564711	0.168634891039	0.237770298721	0.881118738274	0.799054207213	0.958369527481	0.0013327188745
MA0508.1.PRDM1	0.00444923075778	0.0554773216665	0.716737157736	0.237199009698	0.00036408583406	0.271681693918	0.996092323832	0.959707777568	0.339832705598	0.79156940322	0.999752970482	0.750634598692
MA0509.1.Rfx1	7.74181609586e-07	0.0134595806219	1.49919904465e-05	0.386955959191	0.00152382129135	0.0884689308389	0.999999411583	0.991702581072	0.999993727707	0.6584117517	0.998980718209	0.924957284451
MA0510.1.RFX5	7.7315556652e-20	2.33883301075e-07	7.54744078976e-09	0.0694621947211	3.19001970116e-06	1.47409858296e-05	1.0	0.999999900948	0.999999997307	0.94378226897	0.999998127948	0.999989552877
MA0511.1.RUNX2	1.00483276741e-06	0.000219751495761	0.00191502196039	0.243908410072	0.0023180777572	0.085674638618	0.999999206893	0.999880790297	0.998904129903	0.787601481627	0.998376659265	0.925570789866
MA0512.1.Rxra	2.48178275198e-08	0.000511210845646	0.0236674274664	0.429950390011	8.95915717804e-05	0.00133970983661	0.999999980916	0.999712118375	0.984191923831	0.609666310874	0.99994252961	0.998948008128
MA0513.1.SMAD2::SMAD3::SMAD4	3.54145070657e-11	0.000277919450318	0.00407653141789	0.101878746415	1.47598491984e-05	0.00111178967252	0.999999999989	0.999846097762	0.997539135879	0.915475052575	0.999991048449	0.999136837819
MA0514.1.Sox3	0.0612110666594	0.416698182457	0.0172051015976	0.513550562489	3.51654694601e-06	0.971208952166	0.944044542354	0.642258837495	0.988632763861	0.525734707789	0.999997890863	0.0337816484555
MA0515.1.Sox6	0.394674504766	0.395070572853	0.0208050604677	0.755302770995	0.0324927301859	0.960878834379	0.623626728915	0.666566189009	0.986383347423	0.278673659421	0.974948142021	0.0459731383864
MA0516.1.SP2	6.02972679972e-66	8.40733693299e-05	4.83340672054e-10	6.28955074641e-06	8.49725706763e-23	1.92410474949e-27	1.0	0.999958547727	0.999999999847	0.999995971276	1.0	1.0
MA0517.1.STAT2::STAT1	0.0036930963101	0.430813657592	0.225632680529	0.788524664798	8.49857246747e-06	0.265292050847	0.99676980553	0.629488987703	0.819945513747	0.240458134496	0.999994780202	0.75703114208
MA0518.1.Stat4	1.55950847699e-05	0.0200138598073	0.100591997271	0.11901329006	0.00377200658146	0.0761704713539	0.999987316599	0.986576467866	0.926154929215	0.900033759367	0.997309715358	0.933890602515
MA0519.1.Stat5a::Stat5b	4.13642197826e-13	0.0338358538026	0.131231018894	0.000107193839676	6.90894088888e-06	0.00228474416227	1.0	0.97652087461	0.901297572274	0.99992901219	0.99999589808	0.998202906233
MA0520.1.Stat6	0.0276693091449	0.0212382261228	0.827680905467	0.224584370477	6.15217467792e-05	0.937771338933	0.975410883756	0.986161715659	0.220662209468	0.806754210873	0.999963241301	0.0728599224206
MA0521.1.Tcf12	1.77371548138e-13	0.000500085636879	0.00204679024974	0.0662568096915	0.000438422816273	4.09156315878e-05	1.0	0.999715243744	0.998788384304	0.94546543816	0.999702964831	0.9999696693
MA0522.1.Tcf3	3.43362850056e-18	0.000151019543038	0.000318500972643	0.0197159869351	8.34025062099e-07	2.75326030384e-06	1.0	0.999917565773	0.99982585313	0.984452503095	0.999999507685	0.999998019679
MA0523.1.TCF7L2	0.183750105533	0.0589865692052	0.430132182479	0.489461173055	0.000109737919106	0.974326240397	0.830017705262	0.958435857426	0.641389676502	0.556380180419	0.999936030106	0.0311544160501
MA0524.1.TFAP2C	6.25092688859e-55	5.3254560232e-10	4.18373699073e-11	1.34145073964e-05	4.67612328333e-15	1.90131109585e-20	1.0	0.999999999801	0.999999999986	0.999991276664	1.0	0.999999999998
MA0525.1.TP63	8.09403420284e-09	0.00227077541227	0.0476648181426	0.00149606277508	0.000175463892687	0.0274661359786	0.999999994109	0.99870144058	0.968464079545	0.999017806697	0.999890812858	0.977614278493
MA0526.1.USF2	6.14611471157e-08	0.00043231638266	0.00100094366038	0.170815031207	0.00671905091855	0.00939789365193	0.999999954397	0.999776230556	0.999481644282	0.858331940085	0.995280300699	0.992587423684
MA0527.1.ZBTB33	1.55160339188e-20	0.000371692347458	0.000585774744777	0.0024878034845	2.81870754474e-08	0.000743883153908	1.0	0.999823821012	0.999757273795	0.998573342325	0.999999987518	0.999556699122
MA0528.1.ZNF263	3.05313445127e-27	0.000439570403599	5.00541341593e-10	0.0467143555711	3.76472248039e-13	9.02155076219e-09	1.0	0.999794829491	0.999999999865	0.962908269016	1.0	0.999999994176
MA0591.1.Bach1::Mafk	0.0251271931847	0.20496351324	8.18456553387e-05	0.868981070131	0.0230213847566	0.375846016568	0.977546184263	0.838475228961	0.99995990334	0.15470068878	0.982433293867	0.652220907667
MA0592.1.ESRRA	1.25455724601e-08	7.96327647024e-05	0.038665200855	0.082125588085	0.00218844817235	0.000915754025324	0.999999990583	0.999959590946	0.973877752819	0.933447310091	0.998494229539	0.999298058005
MA0593.1.FOXP2	0.813160526388	0.559796697423	0.522484982341	0.602423205119	0.109896714936	0.999142883265	0.200060484716	0.506819189592	0.546735418083	0.437508414765	0.910390884076	0.00111154098939
MA0594.1.Hoxa9	0.894161357476	0.586286991692	0.696189620022	0.351942905992	0.495320162152	0.98134598772	0.1185848066	0.506124106813	0.395299763093	0.699782323081	0.570767530296	0.0239789532499
MA0595.1.SREBF1	3.31312970641e-07	0.341326946766	0.440316557605	0.0171329517114	0.00049069392063	0.00320247615993	0.999999752727	0.724652591884	0.632982287964	0.987560198817	0.999690243712	0.997586009177
MA0596.1.SREBF2	1.12569153512e-06	0.00653389680201	0.325395837902	0.107941067462	0.00379989225746	0.0125550135448	0.999999148375	0.996119980861	0.738650600153	0.913369916538	0.997442886974	0.990150930277
MA0597.1.THAP1	2.39979690654e-19	0.000332133778575	0.00414313327525	0.303820882024	1.1640840183e-09	7.33988665121e-09	0.999999999998	0.999819367268	0.997506761988	0.733150677491	0.99999999942	0.999999995381
MA0598.1.EHF	8.19968553543e-13	0.000225717201208	0.000325561200881	0.00275099803487	0.00015207617881	0.00216642577778	1.0	0.999879835134	0.999827273137	0.997970941415	0.999900913733	0.998261892405
MA0599.1.KLF5	8.31163756972e-68	1.18315279478e-05	5.08274239104e-09	3.22760408314e-06	1.65797973347e-23	3.1937225075e-29	1.0	0.999994450956	0.999999998248	0.999997952925	1.0	1.0
MA0600.1.RFX2	3.57885844961e-07	0.0163283292948	0.000868211068011	0.376382610409	0.000227234609715	0.0758974450767	0.999999730681	0.989796836789	0.999561749788	0.668634619629	0.99985676193	0.936225950855
UP00000_1_Smad3_primary	0.000180016572771	0.00274409882397	0.231349219309	0.386955959191	0.000221689151828	0.27232847531	0.999854162821	0.998403531624	0.821352673377	0.6584117517	0.999865247638	0.756499250973
UP00001_1_E2F2_primary	1.41190923749e-14	0.0558285082225	5.59112980579e-06	0.823999569368	1.18721675058e-09	0.00236947027841	1.0	0.964402498384	0.999998217624	0.225180905707	0.999999999519	0.998583661945
UP00002_1_Sp4_primary	2.192882613e-64	1.41778740469e-05	7.95116599376e-10	2.2718376787e-05	3.57979428682e-23	2.04424611239e-24	0.999999999996	0.999992911068	0.999999999716	0.999985196972	1.0	1.0
UP00003_1_E2F3_primary	1.93916293068e-17	0.0611547370596	5.12780425208e-08	0.182576230286	6.7584590192e-09	0.00929732076598	1.0	0.961352998824	0.999999987031	0.85999110036	0.999999997138	0.994015351877
UP00004_1_Sox14_primary	0.99543346115	0.792305337372	0.883943592684	0.674805494159	0.547181850288	0.999397570604	0.00565176703906	0.291030753334	0.174084752175	0.381387958875	0.532111161987	0.000902335447532
UP00005_1_Tcfap2a_primary	6.27467730205e-47	1.06224022451e-07	5.14797872026e-06	2.37075448729e-07	5.42020228069e-16	6.26730145515e-14	1.0	0.99999995782	0.99999776702	0.999999873605	1.0	0.999999999997
UP00006_1_Zic3_primary	2.52825454184e-58	2.73307182261e-10	4.91963476317e-10	1.46718438823e-05	6.84275488729e-26	1.52149368834e-14	1.0	0.999999999904	0.999999999839	0.999991557579	1.0	0.999999999999
UP00007_1_Egr1_primary	7.60669586364e-57	2.51526762947e-07	5.27876210015e-13	3.64984520922e-05	2.47078197441e-19	2.9559937928e-17	1.0	0.999999889014	0.999999999999	0.999976526615	1.0	1.0
UP00008_1_Six6_primary	0.859886978004	0.0185381563185	0.81394084296	0.755736382533	0.00531039629237	0.999054430441	0.160458873571	0.991198117596	0.286322725664	0.310882070228	0.997170889052	0.00149299219254
UP00008_3_Six6_2267.4	0.876015604441	0.0533015344288	0.75357537051	0.309077928585	0.0139926040089	0.999962827066	0.141896895892	0.97054694586	0.35607372814	0.753355040418	0.991847331465	6.48337131576e-05
UP00008_4	0.998922217303	0.365802221377	0.818644633422	0.909856181635	0.0661253688352	0.999993025978	0.00143334337804	0.737391907296	0.270500882699	0.125327755221	0.957083689731	1.29869219937e-05
UP00009_1_Nr2f2_primary	0.0140159506541	0.00726083756341	0.0303352829025	0.543104764033	0.0954976086838	0.634981713136	0.98785324992	0.995706787253	0.980962187634	0.504570266028	0.924644592592	0.399406143748
UP00010_1_Tcfap2b_primary	4.2797155209e-57	1.41199190471e-07	1.05250269788e-08	9.06963745716e-08	1.17885832169e-19	6.16678749454e-18	1.0	0.99999994021	0.999999996126	0.999999951216	1.0	1.0
UP00011_1_Irf6_primary	0.0500272924435	0.308813369508	0.468492103355	0.308108819973	0.0399632654901	0.821093373599	0.96023342185	0.800833654368	0.660290823917	0.770229841127	0.97574938489	0.237060552994
UP00012_1_Bbx_primary	0.98481809679	0.608729863353	0.953582125017	0.778970449627	0.507173914198	0.983465617428	0.0178640827398	0.478516399075	0.0723010340887	0.264356118801	0.560553341035	0.0212442204371
UP00014_1_Sox17_primary	0.999915401557	0.871095244436	0.418482354741	0.858172373218	0.870176336277	0.999839569999	0.000107597924371	0.179252277399	0.663887044019	0.173276550156	0.165541110694	0.000228992396583
UP00015_1_Ehf_primary	0.00106534482413	0.0799964022605	4.44975550469e-06	0.30077157412	0.0816988270469	0.722151886359	0.999105178281	0.943866571457	0.999998219965	0.737201603233	0.934131951815	0.306965053039
UP00016_1_Sry_primary	0.943221577072	0.409570467274	0.970767933177	0.622424966169	0.0824257241879	0.997592201451	0.066093728913	0.694045496887	0.0517425273424	0.438787423605	0.94479072541	0.00349808021433
UP00017_1_Nkx3-1_primary	0.0783622612393	0.0549413400103	0.546565032779	0.61178266224	0.00169597812597	0.767969556945	0.931808601671	0.966414516006	0.564732540813	0.4493811808	0.999053412494	0.269441744136
UP00017_3_Nkx3-1_2923.2	0.336971027276	0.0956278918071	0.438513923269	0.892975726318	0.0195289930289	0.674453018028	0.690295187388	0.937697870504	0.669736591631	0.140267986085	0.98814419882	0.369412860165
UP00018_1_Irf4_primary	0.119712745857	0.127759167421	0.33406789505	0.790009013636	0.0214195893183	0.795633500904	0.897122523017	0.922151122405	0.766944979951	0.270209398436	0.986642605884	0.250504435422
UP00019_1_Zbtb12_primary	0.119550971255	0.112195912404	0.138633435686	0.890424909184	0.000389638494708	0.95287503591	0.893847124113	0.92383590332	0.907389848275	0.139648773016	0.99979141849	0.0599333148438
UP00020_1_Atf1_primary	0.531864023857	0.382804620008	0.0155961841655	0.947911501263	0.129753713872	0.989141112913	0.497005971059	0.699399541482	0.991649691864	0.0716490125216	0.899611055198	0.0151360584622
UP00021_1_Zfp281_primary	2.22833530237e-54	0.000292825313728	2.0142467165e-06	2.65725790795e-05	7.79240968011e-23	1.75100418573e-23	1.0	0.999840812255	0.99999910189	0.999982403727	1.0	0.999999999999
UP00022_1_Zfp740_primary	5.04815546351e-42	7.58637507467e-07	4.74058135068e-05	0.000674503233313	2.31363873159e-16	1.83947209502e-17	1.0	0.999999654016	0.999976210591	0.999536862042	1.0	1.0
UP00023_1_Sox30_primary	0.999636787815	0.693315474416	0.479216882424	0.889980262062	0.510284567262	0.999935199671	0.000447826930198	0.379158834543	0.601509329074	0.135604329936	0.548054650062	9.32662267416e-05
UP00024_1_Glis2_primary	5.3737451508e-35	1.31722452802e-09	0.000522175814787	0.000573163878839	1.38126038253e-10	2.42606174622e-13	1.0	0.999999999579	0.999748477388	0.999649489889	0.999999999943	1.0
UP00025_1_Foxk1_primary	0.971620211878	0.732422501441	0.973247116056	0.403733045062	0.0111284445525	0.999965805186	0.0318571154308	0.330004052662	0.0404368807098	0.638024050692	0.992019997429	4.79022672308e-05
UP00026_1_Zscan4_primary	0.000717543790969	0.0788915480153	0.0328823054464	0.245878351986	0.102597526186	0.11257909498	0.999430635495	0.947874741291	0.980251755129	0.796964119307	0.92312056331	0.906727466222
UP00027_1_Osr1_primary	0.308386417257	0.46495510841	0.226553545702	0.809832042631	0.391183050374	0.249165233689	0.715218304558	0.619375053582	0.833158637459	0.235035967634	0.670241441142	0.784024230738
UP00028_1_Tcfap2e_primary	3.61442025434e-47	7.32008187031e-10	1.74923092629e-08	0.000363673539544	4.78614189593e-15	6.90148053602e-16	1.0	0.999999999742	0.999999993842	0.999762173803	1.0	1.0
UP00029_1_Tbp_primary	0.97358791796	0.951327587227	0.327166312217	0.963905996799	0.014239229986	0.992296702923	0.0302020943019	0.0740956461259	0.744429031957	0.0470855959308	0.990426982436	0.009842131986
UP00030_1_Sox11_primary	0.764215113865	0.746603067847	0.0947798096908	0.909929091252	0.0024650808643	0.99498049707	0.250508729576	0.308167866757	0.930333788265	0.107845003162	0.998280145511	0.00620370288533
UP00031_1_Zbtb3_primary	8.79510425098e-11	0.00935074789245	0.0311034326145	0.289271843747	0.00012352593334	3.0446710171e-05	0.999999999933	0.994092292084	0.979122637491	0.746189794066	0.999921682679	0.99997823112
UP00032_1_Gata3_primary	0.868764059894	0.506626262386	0.871308200523	0.619710555577	0.0737966836383	0.986395221553	0.143770173853	0.569553959599	0.178338602359	0.427422540503	0.94412784053	0.0170576527915
UP00033_1_Zfp410_primary	1.0613878637e-07	0.439371493339	0.0211307557188	0.331584284118	1.26823172986e-06	0.0107120808787	0.999999921363	0.632358094646	0.986570431748	0.71059733136	0.999999340627	0.991603365842
UP00034_1_Sox7_primary	0.999999542109	0.927877670878	0.416548970077	0.892028221024	0.661896405627	0.999999958455	6.02135184219e-07	0.101779695845	0.657520473085	0.130901657568	0.391970292112	6.5758269922e-08
UP00035_1_Hic1_primary	2.33877959095e-10	0.00886316679112	1.40770495952e-05	0.137913779864	0.000545638725409	0.00313512441537	0.999999999842	0.994880016561	0.999994155248	0.88840095181	0.999660156995	0.997649684591
UP00036_1_Myf6_primary	2.34154290535e-16	0.0317466468514	5.8327498255e-06	0.00584585805221	0.00152634819224	4.19113594697e-06	1.0	0.978761773877	0.999997430568	0.9957390078	0.998969961663	0.999997141158
UP00037_1_Zfp105_primary	0.865293743866	0.43787274112	0.947885586653	0.159196264885	0.0166458935285	0.999174022346	0.144947262373	0.623261157046	0.0725374373159	0.863896079314	0.987530866202	0.0010542045201
UP00039_1_Foxj3_primary	0.506791971084	0.868377587847	0.380067005535	0.200010786849	0.0219187907193	0.986435771727	0.514632347966	0.173997061718	0.69174409175	0.830624163436	0.984114136368	0.0168434865924
UP00040_1_Irf5_primary	0.136497640241	0.86430071137	0.281534511186	0.716827093527	0.00571465922702	0.768225004118	0.882956182087	0.217490851674	0.812609758838	0.356195815603	0.996775728626	0.284900467291
UP00041_1_Foxj1_primary	0.563043117077	0.262686036862	0.652289528728	0.744282480879	0.0213677051939	0.981455680884	0.457637856126	0.793203884592	0.419017894302	0.292589089196	0.984346011905	0.0226698575992
UP00042_1_Gm397_primary	0.00305420794362	0.0445166142905	0.141170129492	0.656655168999	0.1020711489	0.0193378128009	0.997510332215	0.972932189653	0.901913881369	0.399243486505	0.923222173536	0.985082958244
UP00043_1_Bcl6b_primary	0.040014992176	0.275487953294	0.397384523069	0.450209460987	0.0134294085544	0.326038568162	0.964644668108	0.784886305197	0.67274450614	0.599956767668	0.990524110411	0.705882378273
UP00044_1_Mafk_primary	0.930581745384	0.0937369316022	0.3434715332	0.984568289484	0.495213747595	0.914761484821	0.0777326915961	0.93544433227	0.734908736057	0.0210240408178	0.567215951073	0.100407820633
UP00045_1_Mafb_primary	0.363250996477	0.135360249037	0.138633435686	0.826159471362	0.0659631205287	0.812411304151	0.6598065377	0.904772006399	0.907389848275	0.210049049605	0.951477926091	0.214858478246
UP00046_1_Tcfe2a_primary	7.85188993085e-13	0.0257591728402	0.000717758504642	0.216697990132	3.46966065048e-08	4.93991370896e-06	1.0	0.983147640593	0.999619128249	0.816636546795	0.999999982533	0.999996625065
UP00047_1_Zbtb7b_primary	1.52062757168e-26	0.000675317548838	5.18556402205e-05	0.00728297213599	7.48963241174e-14	1.94455280672e-08	1.0	0.999647930732	0.999977825496	0.995220359937	0.999999999999	0.999999989382
UP00048_1_Rara_primary	0.0274139340681	0.0111475183664	0.0834521095851	0.535416383644	0.114946418576	0.506351268043	0.975798539799	0.993129807607	0.943294140478	0.510538826944	0.907839364228	0.527522450067
UP00049_1_Sp100_primary	0.000912114010537	0.0835867916709	0.172806208375	0.210942030335	0.0107573586062	0.312034984001	0.999354244479	0.95237112721	0.903498142426	0.846460841494	0.994139638968	0.746958399202
UP00050_1_Bhlhb2_primary	0.00346167710114	0.073211970821	0.193723992983	0.379424798865	0.0113237314647	0.487018531847	0.997296894239	0.95691173294	0.874257550741	0.68623215899	0.992850514148	0.568565403263
UP00051_1_Sox8_primary	0.999854633389	0.665680278236	0.448208726347	0.935848946442	0.560134898278	0.99998330805	0.0001812756944	0.412267501323	0.633175211423	0.0809948466979	0.497457700172	2.45760240256e-05
UP00052_1_Osr2_primary	0.0558283399523	0.300600458518	0.14085877957	0.723886638672	0.0767183420369	0.416407776097	0.951836767914	0.772388183815	0.903100769048	0.331328444451	0.944594998322	0.630297487962
UP00053_1_Rxra_primary	1.89006924893e-07	5.11940170182e-05	0.00028622013617	0.537900225339	0.00152619811607	0.039484747105	0.999999857259	0.999975554715	0.999859621315	0.508595143746	0.998977493358	0.967278971021
UP00054_1_Tcf7_primary	0.980217531119	0.482815934935	0.859583518801	0.899634985324	0.00090279887589	0.99967762244	0.0225269939058	0.586591374368	0.189083214342	0.122625021874	0.999441128841	0.000438647291262
UP00055_1_Hbp1_primary	0.980926297091	0.784447535461	0.825221334321	0.930601171341	0.0128595301568	0.996518223527	0.0219119544202	0.276224242499	0.229017572181	0.0879483401517	0.991169805192	0.0045577198735
UP00056_1_Rfx4_primary	0.000627275299386	0.457357894836	0.00495829497599	0.246644145898	0.0415525747406	0.157218180582	0.999509954121	0.63331461968	0.997658403756	0.799384934159	0.970106750344	0.869339144948
UP00057_1_Zic2_primary	3.5665743206e-55	7.3282052737e-12	8.22882460439e-10	6.84191769529e-05	1.13139346105e-23	7.03960188555e-14	1.0	0.999999999997	0.999999999727	0.999959163242	1.0	1.0
UP00058_1_Tcf3_primary	0.955502543855	0.764041167767	0.970443071582	0.824176177831	0.00154612984548	0.989605002006	0.0500436564158	0.296157189843	0.0456822831399	0.209481411777	0.999042029796	0.013081299735
UP00059_1_Arid5a_primary	0.999434599401	0.731949573462	0.193723992983	0.97934597983	0.421568199769	0.999524577417	0.000733518110783	0.35739265932	0.874257550741	0.0300613718825	0.652779742201	0.00071146384105
UP00060_1_Max_primary	2.58624871303e-11	0.031202197761	0.00376810910813	0.0372038632487	2.54358719272e-05	0.0011200695757	0.999999999984	0.981196705651	0.998142135926	0.973552561618	0.999986771623	0.999233887662
UP00061_1_Foxl1_primary	0.995032260412	0.775299865787	0.969690850727	0.427090403359	0.0504533821242	0.999996460357	0.00575804055131	0.280605936246	0.0456004018838	0.615451593456	0.961483755626	5.1829648347e-06
UP00062_1_Sox4_primary	0.793087468719	0.672546884384	0.167134209802	0.939104925001	0.0035818481611	0.99378545646	0.220644727066	0.388488048417	0.8713665118	0.0741821894069	0.997475722062	0.00764390235845
UP00064_1_Sox18_primary	0.999368774276	0.356885348857	0.439888728104	0.89919493442	0.369673795196	0.999995005979	0.000767934629022	0.711605804902	0.639470566411	0.123621892699	0.684395140092	7.49784726252e-06
UP00065_1_Zfp161_primary	1.38368621528e-16	0.0714403086196	1.26943927061e-08	0.439982002962	9.02002132499e-09	0.010693167001	1.0	0.952580123232	0.999999996502	0.620832614611	0.999999995717	0.99266507658
UP00066_1_Hnf4a_primary	1.61932066296e-12	6.8599958316e-06	0.0030272284647	0.449432812487	4.12574830035e-05	7.25572853024e-05	1.0	0.999997	0.99827436638	0.596700803173	0.999975345489	0.99994892219
UP00067_1_Lef1_primary	0.280897184419	0.23942749812	0.642450902461	0.91923012766	6.34005273881e-07	0.928118110138	0.738010862989	0.813526938738	0.432139105246	0.100977432055	0.999999699054	0.0851726172824
UP00068_1_Eomes_primary	2.14504363495e-08	0.0188428728311	0.256665084414	0.00596173968255	0.0172769135372	0.000198723308403	0.999999985051	0.988934067052	0.806338152034	0.996060348062	0.988251123196	0.9998648095
UP00069_1_Sox1_primary	0.995523356058	0.757495181019	0.228646285996	0.689798634916	0.154661916783	0.999998780212	0.00539934394767	0.315792730769	0.832771031215	0.360386236525	0.881107225594	2.031579301e-06
UP00070_1_Gcm1_primary	2.44766381333e-13	1.16676765297e-06	2.61697015463e-05	0.00869506621462	0.00260162514439	0.00266716824817	1.0	0.999999646202	0.999992176798	0.994717333386	0.998439416551	0.998206648743
UP00071_1_Sox21_primary	0.998955527006	0.875534655376	0.910917287057	0.871728303374	0.18694589453	0.999931048158	0.00131783543164	0.183625158032	0.135365439041	0.160724427587	0.859067527974	0.000107507524547
UP00072_1_IRC900814_primary	0.894013408564	0.991041310497	0.885975880505	0.965626004188	0.00710435563773	0.993974105542	0.131376849619	0.0263169887682	0.211835580262	0.0576133149028	0.996929037078	0.0120729394974
UP00073_1_Foxa2_primary	0.837874747856	0.178528367006	0.994368989931	0.187613846474	0.160519351618	0.997316759029	0.175377599552	0.863781752723	0.00958958481788	0.841266029893	0.868837520085	0.00346481935927
UP00074_1_Isgf3g_primary	0.140149958129	0.209308437716	0.733913224647	0.840443447529	3.24788804815e-05	0.934445560944	0.872931812935	0.845265271335	0.340190132394	0.192735353666	0.999982321259	0.0792572357301
UP00075_1_Sox15_primary	0.995113743473	0.902626428219	0.291046138579	0.671138678436	0.601324191616	0.999565568214	0.0057679002608	0.13526376446	0.77648807496	0.374379805951	0.456461556331	0.000600059242712
UP00076_1_Rfxdc2_primary	0.000228289297228	0.0732379257035	0.000149916261077	0.625171173556	0.0749445654618	0.252535867672	0.999824601554	0.952808058706	0.999946040864	0.431673081453	0.943614377664	0.784762600154
UP00077_1_Srf_primary	0.00319579578278	0.0117314109163	0.110301429253	0.35490507101	0.00533819860425	0.458740469121	0.997446104201	0.993779938774	0.930014036254	0.70323188531	0.996796562942	0.587869399701
UP00078_1_Arid3a_primary	0.848961478378	0.614687234637	0.731129779369	0.190163628614	0.0657967874921	0.999303971981	0.166541502828	0.474300145506	0.348251709424	0.844647372555	0.952639609303	0.000986045989877
UP00079_1_Esrra_primary	0.0231038726077	0.00684586823279	0.66420201723	0.455026999557	0.176849543101	0.128030622619	0.979885283934	0.995992083999	0.411718732979	0.595776957562	0.856127495781	0.890239557836
UP00080_1_Gata5_primary	0.924384664969	0.713234559988	0.642895460179	0.938821273373	0.116920133435	0.973608009731	0.084960062227	0.364915838205	0.442695267907	0.0787276031597	0.911190755296	0.0330718734146
UP00081_1_Mybl1_primary	0.0375402493915	0.0280406763239	0.643364315698	0.19195840932	0.0259881210556	0.672676524815	0.97232532684	0.991951847363	0.560900000964	0.887454178112	0.986500521147	0.411587248621
UP00082_1_Zfp187_primary	0.911946048583	0.922901449099	0.838017193224	0.381027012891	0.163948998949	0.988945140832	0.101456277444	0.124363861909	0.241897153666	0.682284846729	0.879358123661	0.0153736437723
UP00083_1_Tcf7l2_primary	0.533533713198	0.66379742004	0.853520026582	0.880630395444	9.89933159054e-07	0.932151647011	0.488848749458	0.405233886266	0.195815143833	0.145526929023	0.999999521981	0.080220648228
UP00084_1_Gmeb1_primary	0.0912266794325	0.171024377001	0.505369237369	0.565503541232	0.0132325398103	0.985755826034	0.928465058006	0.911552469435	0.656001150884	0.546938923877	0.993182944241	0.0281347360005
UP00085_1_Sfpi1_primary	1.0092744841e-05	0.014637802306	0.00859771611826	0.258472986463	0.000102627702185	0.143542008869	0.999991805457	0.990347381745	0.994640985546	0.773256071377	0.999933578901	0.872325785167
UP00086_1_Irf3_primary	0.00538435213176	0.0914510280256	0.658863608958	0.775227854133	9.15965387413e-06	0.592312482462	0.995368799599	0.933689489537	0.409550926419	0.25973530227	0.999994707592	0.441218902928
UP00087_1_Tcfap2c_primary	2.52947126829e-47	5.16765065898e-09	2.95663683279e-07	2.23354817344e-06	2.21924768275e-16	1.8289894892e-13	1.0	0.999999998094	0.99999988275	0.999998734627	1.0	1.0
UP00088_1_Plagl1_primary	1.27623383047e-82	9.16148153276e-11	2.49763071824e-15	4.15919889654e-14	5.95931226725e-21	2.93043477842e-23	1.0	0.999999999969	1.0	0.999999999998	1.0	0.999999999999
UP00089_1_Tcf1_primary	0.714521238452	0.040196921858	0.340670327589	0.970181779095	0.192504171491	0.945392009929	0.317460410649	0.981166132929	0.774424207569	0.0453612378571	0.860102848201	0.0729776675843
UP00089_3_Tcf1_2666.2	0.526947752225	0.0198686445634	0.100375831368	0.994113040808	0.100039093134	0.877523661381	0.509634640519	0.991691536461	0.948407542335	0.0100288061833	0.931333258041	0.155037026386
UP00091_1_Sox5_primary	0.999988603767	0.810763770302	0.288202744149	0.942448028932	0.830611874175	0.99998525772	1.47086344527e-05	0.24661504888	0.778100591239	0.0733957096994	0.209872208919	2.17552779165e-05
UP00092_1_Myb_primary	0.0585873536782	0.101417915355	0.692751378562	0.161010537261	0.129119811748	0.497706318369	0.955388563895	0.956047032106	0.480266114377	0.908224770414	0.917490992392	0.591298941856
UP00093_1_Klf7_primary	5.41573099049e-61	4.22671226772e-06	3.05978073906e-09	0.000292040678871	3.80130026611e-26	2.51784554082e-21	1.0	0.999997996826	0.999999998888	0.999795933877	1.0	1.0
UP00094_1_Zfp128_primary	0.0609034627866	0.231335631766	0.831846777423	0.219156762463	0.00655508538016	0.781894327222	0.953630091632	0.863948173356	0.307248621438	0.865985924438	0.997031145608	0.296807317369
UP00095_1_Zfp691_primary	1.73297095042e-10	0.000119396076875	0.0994264679123	0.125851515605	5.73833638646e-05	0.000584416220421	0.999999999884	0.999942494098	0.930210295345	0.897874171453	0.99996680625	0.999575592459
UP00096_1_Sox13_primary	0.999972050373	0.815105749053	0.668162045332	0.973515205052	0.327443506622	0.999968890711	3.5824770957e-05	0.243993448444	0.413336877026	0.0352413308818	0.725230443203	4.54584342733e-05
UP00097_1_Mtf1_primary	3.92355394984e-08	6.4157664201e-05	0.0121366951549	0.426987868656	0.000227378552045	0.0238909036641	0.999999974155	0.999975025119	0.993574993339	0.640091951482	0.999877230938	0.982404144816
UP00098_1_Rfx3_primary	0.0269955036394	0.460204461625	0.000581217669702	0.847943328954	0.0346217197694	0.440687808532	0.977089766543	0.632885351969	0.999771267237	0.190440456874	0.975719397648	0.60410822852
UP00099_1_Ascl2_primary	6.53889243694e-18	0.000346392325013	7.74615514386e-07	0.0506772795896	1.72166098183e-05	5.39188770544e-08	1.0	0.999808868266	0.999999663745	0.959297967168	0.999989362552	0.999999963981
UP00100_1_Gata6_primary	0.971431032541	0.671563675201	0.850641455274	0.948989842612	0.437654890231	0.957302337813	0.0330167382477	0.40738348024	0.211136931364	0.0666531182033	0.623869305584	0.0527957001545
UP00101_1_Sox12_primary	0.9998159488	0.484177920902	0.749506337986	0.925708803186	0.301190689809	0.999993431158	0.000226103850049	0.589320341855	0.316635859092	0.0918920398332	0.746500790177	9.64262253649e-06
UP00102_1_Zic1_primary	6.22071165646e-62	7.93605150644e-10	1.17250316046e-07	5.7015319234e-05	9.51329806023e-29	1.03734976814e-20	1.0	0.999999999712	0.999999954921	0.999965787641	1.0	1.0
UP00103_1_Jundm2_primary	0.161106453731	0.381739909489	0.0229122792023	0.933603654444	0.0485822990235	0.716491651612	0.855373358826	0.698716988973	0.98702933356	0.0889671156153	0.964876337322	0.324941659017
UP00104_1_Hmx1_3423.1	0.380129868299	0.711273774167	0.110301429253	0.381027012891	0.0036095507925	0.985686485307	0.648875046674	0.379392680137	0.930014036254	0.682284846729	0.997992734335	0.0196053362258
UP00105_1_Pou3f4_3773.1	0.981161002269	0.932691854175	0.670588319478	0.40240384585	0.770531867505	0.980666464098	0.0222829306881	0.106661764413	0.427515725546	0.653836414572	0.288306759367	0.0249464660022
UP00106_1_Vax2_3500.1	0.32807423901	0.917350290006	0.117961831819	0.0491290865086	0.661858492881	0.901699416229	0.703301765701	0.155354651729	0.931823809838	0.967080011933	0.419557701432	0.125505041429
UP00107_1_Nkx2-4_3074.1	0.0879586336958	0.246718500673	0.610310702131	0.461229464708	0.00301711739777	0.652295818548	0.921770270649	0.81414868284	0.471548753919	0.593837495261	0.99814161758	0.386194748793
UP00108_1_Alx3_3418.2	0.582329491515	0.526113536584	0.0399813798552	0.442703274085	0.883936602503	0.887448314677	0.451039287506	0.589461745611	0.979603873833	0.624623450067	0.167317402031	0.140478861002
UP00109_1_Obox6_3440.2	0.645416963436	0.88030546392	0.780439412227	0.753186925635	0.120641876339	0.851712316183	0.385871536142	0.18083476652	0.318353887025	0.303626807532	0.913917897238	0.182861232065
UP00110_1_Dlx4_3488.2	0.96122617072	0.803661292858	0.77275407208	0.503443078322	0.562241267912	0.991932486775	0.0465244931031	0.280585934647	0.325552643328	0.567509794809	0.52816226502	0.0116822430692
UP00111_1_Dmbx1_2277.1	0.233426606955	0.310642773094	0.279266338743	0.597122525108	0.292457609238	0.804242237875	0.790419466713	0.774213127655	0.804684424052	0.469477315353	0.76559032839	0.235996248323
UP00112_1_Gsc_2327.3	0.250165365089	0.156042589186	0.577392401499	0.894206044535	0.120886877419	0.607942732	0.774553996589	0.897659039118	0.52664485415	0.139261796303	0.913256657575	0.444038937014
UP00113_1_Hoxc4_3491.1	0.843244231644	0.614133740197	0.843159820204	0.212998132692	0.94117507398	0.891039591404	0.176920335996	0.499132427129	0.229475208498	0.832972624272	0.0882372659862	0.134699807041
UP00114_1_Homez_1063.2	0.866336926631	0.298824747203	0.957476151395	0.88525692993	0.107171970082	0.939907324497	0.157768578145	0.796789974842	0.0866146239753	0.167287225199	0.931943114011	0.0840033182414
UP00115_1_Lhx2_0953.2	0.94801619572	0.86430071137	0.281281653079	0.354030810751	0.571764016013	0.997212987336	0.0621714934762	0.217490851674	0.809607001477	0.714154344545	0.520682201092	0.00427433452405
UP00116_1_Rhox6_4251.1	0.926151429679	0.82222586333	0.515918807295	0.456030610124	0.718624783639	0.970799159197	0.0871264566154	0.268079684973	0.606122671024	0.618509540466	0.360890820465	0.0399986998235
UP00117_1_Hoxd11_3873.1	0.930768551683	0.693023945114	0.192750981958	0.615471047394	0.624958187464	0.987767824914	0.0821854593238	0.420969376607	0.875974256391	0.462798971144	0.467592103988	0.0176628056225
UP00118_1_Pou4f3_2791.1	0.986733151656	0.281488715978	0.740683992191	0.633000405082	0.84544341457	0.994307361091	0.0157892683656	0.792964229947	0.339065676103	0.424464600926	0.200020353226	0.00768839003071
UP00119_1_Nkx2-9_3082.1	0.837827338934	0.387043999219	0.993613747077	0.507581625076	0.00758913396519	0.980656200656	0.182712992957	0.706483821165	0.0142060387803	0.562318713456	0.995815644803	0.026157641183
UP00120_1_Lbx2_3869.2	0.668236002299	0.983351496392	0.113024833797	0.304840424215	0.592308143512	0.806569697209	0.366484587074	0.0394107493498	0.936727097416	0.76209165011	0.504589078663	0.235692201763
UP00121_1_Hoxd10_2368.2	0.993875863258	0.23911243522	0.904211989215	0.276461336197	0.707020661117	0.999926015403	0.00716168539125	0.814932611929	0.134303825671	0.762375895847	0.34376642807	0.000105128065019
UP00122_1_Tgif1_2342.2	0.0795578783234	0.0361587962719	0.0462583022549	0.602006014239	0.407759968507	0.438552785846	0.928678110725	0.976376814829	0.970126034796	0.447984939277	0.644390089453	0.597737599839
UP00123_1_Hlxb9_3422.1	0.738293677383	0.634845522349	0.281501553997	0.841432736689	0.434845749923	0.962834916169	0.294215799414	0.488638809418	0.814396548014	0.209990986364	0.654686704173	0.0529398732782
UP00124_1_Ipf1_3815.1	0.983953394622	0.860552731133	0.278685514735	0.92716236701	0.624675689713	0.993672479489	0.0194553526827	0.213420338144	0.804046613229	0.0975742532268	0.452818149712	0.00892463927867
UP00125_1_Pitx2_2274.3	0.95766182867	0.648605001941	0.799023147461	0.986768859475	0.157333712246	0.97540110056	0.0491589752791	0.444168276634	0.275361263722	0.0191992804661	0.879959388707	0.032095127895
UP00126_1_Dlx2_2273.2	0.946551096529	0.731949573462	0.0899781146155	0.622637474744	0.368565525275	0.999465953741	0.0626140498512	0.35739265932	0.943808371977	0.44325362817	0.708399223334	0.0008384499003
UP00127_1_Gsh2_3990.2	0.951439079529	0.791521976907	0.0704195639627	0.480443367916	0.856016238646	0.997004824719	0.0576380041189	0.306976054885	0.96179992528	0.588812611699	0.198420952591	0.00447273443113
UP00128_1_Pou3f2_2824.1	0.879392547545	0.952160351817	0.191644970909	0.352913822909	0.909409081544	0.887816286529	0.13719109312	0.0848398249866	0.877835304656	0.70700444679	0.128176467788	0.137230499732
UP00129_1_Pou3f1_3819.1	0.912626696198	0.945459892989	0.636339354275	0.228647190272	0.650566666179	0.947762974365	0.0993256588511	0.0921375134944	0.467743221881	0.815248074339	0.419341426858	0.0650363065221
UP00130_1_Lhx3_3431.1	0.745620393584	0.408488475368	0.643865680138	0.349566418481	0.43284785501	0.977480922006	0.278490613238	0.691456818559	0.450174215065	0.704616380553	0.644571528376	0.0294883042511
UP00131_1_Gbx2_3110.1	0.455886004717	0.781752807563	0.0340869126318	0.767657688546	0.191793612051	0.927495973673	0.583773295741	0.338015248821	0.985474207765	0.296816799425	0.869704505358	0.0986083331234
UP00132_1_Evx2_2645.3	0.430896077943	0.598678354832	0.22557579243	0.427061791554	0.0500518651681	0.99633125033	0.606162531716	0.534841976093	0.863678524851	0.645969189249	0.969066993351	0.0059469555003
UP00133_1_Cdx2_4272.1	0.951657584601	0.259696573253	0.919145259272	0.545703284419	0.902374357538	0.873728079353	0.0553043901777	0.803525066279	0.120362129923	0.512810842217	0.129307075241	0.148733356552
UP00134_1_Hoxb13_3479.1	0.983412442999	0.175710646786	0.984032521783	0.73373513039	0.36199405951	0.995506910616	0.0192815173115	0.872533964892	0.0268747832229	0.311284496719	0.693880813578	0.00592452402689
UP00135_1_Hoxc12_3480.1	0.748864597864	0.968599430872	0.228894568309	0.017159482372	0.768887268738	0.993097094766	0.281332722595	0.0635669223663	0.857554071918	0.989650574446	0.30645351149	0.0104210773451
UP00136_1_Prrx2_3072.1	0.806327055137	0.539373839917	0.178823530997	0.414949419196	0.541759059591	0.986333071123	0.220554346533	0.588028317765	0.896061043592	0.660234899137	0.555026758529	0.0198741096838
UP00137_1_Hoxb3_1720.2	0.968757427782	0.803661292858	0.195315575948	0.929805074477	0.864002825413	0.98721735837	0.0369929672587	0.280585934647	0.871216110224	0.0925895755298	0.1840200058	0.0174439758968
UP00138_1_Bsx_3483.2	0.948898545536	0.720735143575	0.0492053620266	0.83051649445	0.601239974783	0.990414338904	0.0599360434053	0.371771542396	0.972553163365	0.215776368312	0.479595363617	0.0133255866939
UP00139_1_Nkx1-2_3214.1	0.546733836415	0.706763711869	0.281343400861	0.0556166887841	0.777210309867	0.965321442833	0.487171581215	0.411804114096	0.816402150714	0.961705090951	0.288458354013	0.0466740822385
UP00140_1_Hoxd1_3448.1	0.848505236263	0.746442712984	0.15168639621	0.583559074563	0.604058425082	0.968134671658	0.172867868589	0.36515447765	0.908268384929	0.488841737032	0.484937063253	0.0430001002447
UP00141_1_Vsx1_1728.1	0.537337684024	0.731920315026	0.125742449258	0.127920177225	0.654972193269	0.947806885295	0.495503448668	0.376125156951	0.923598993768	0.904389385226	0.433054417212	0.0675310206532
UP00142_1_Uncx4.1_2281.2	0.480726137191	0.43595997838	0.0198430452888	0.432754976934	0.806619848611	0.777811120685	0.554037989646	0.681265951629	0.991575097664	0.639259962351	0.258401468604	0.264882938477
UP00143_1_Dobox5_3493.1	0.443204860169	0.314765144548	0.71943802731	0.907410424468	0.0892408036815	0.791202111487	0.584616190755	0.764147528917	0.365951991536	0.119902365113	0.934084147877	0.244257041453
UP00144_1_Hoxb4_2627.1	0.409519267913	0.757349190366	0.386702532844	0.133373320705	0.932460663315	0.598536058746	0.622008307338	0.34885115266	0.718980828472	0.899526203024	0.100576683439	0.451723653458
UP00145_1_Barhl2_3868.1	0.998227807985	0.940759294094	0.769467960208	0.907482431949	0.120040611294	0.999116140094	0.00217921177301	0.090665532295	0.305109595949	0.117819584286	0.910545421306	0.00124322573869
UP00146_1_Pou6f1_1731.2	0.88762852537	0.484247467148	0.269015706295	0.994449161913	0.0762699699614	0.939208228299	0.126199407939	0.61361564361	0.802088730031	0.00838972145047	0.945476080999	0.0750778276552
UP00147_1_Nkx2-6_3437.1	0.536839505738	0.506076173679	0.791284865371	0.905241528066	0.0270667192901	0.605190985686	0.489751066127	0.582813384774	0.278117002671	0.121626763031	0.981786450969	0.435731303206
UP00148_1_Hdx_3845.3	0.651479440328	0.28862353835	0.871308200523	0.790533333302	0.0218222218766	0.904521717987	0.370907091603	0.77450252449	0.178338602359	0.249427546709	0.984610290172	0.112663228978
UP00149_1_Phox2b_3948.1	0.747422116692	0.719736568878	0.651594362599	0.363512542009	0.752742751513	0.838415538786	0.280599388631	0.393390833561	0.473501947177	0.701435427583	0.317218033328	0.196628304919
UP00150_1_Irx6_2623.2	0.91194044274	0.17167123864	0.989592997865	0.876415250833	0.00500984072939	0.998007321318	0.100603077251	0.88500110389	0.020489120612	0.158186115147	0.997139103414	0.00290401055323
UP00151_1_Barx2_3447.2	0.687328020005	0.68360264592	0.124025743609	0.523118281388	0.697619377391	0.902925298474	0.342731507752	0.419097647837	0.925474693847	0.546460381882	0.380555579445	0.122110125685
UP00152_1_Arx_1738.2	0.332397031809	0.949280443755	0.0747003715239	0.0276608312006	0.747126616846	0.894617271622	0.699697970437	0.095191208206	0.963112578427	0.982172631557	0.333848061332	0.134342282309
UP00153_1_Pitx1_2312.1	0.0217169678036	0.000240358159801	0.50128329955	0.663633995534	0.016551160272	0.640518840926	0.981459036032	0.999890954393	0.584121728248	0.389778684435	0.988909812644	0.40017184881
UP00154_1_Dlx3_1030.1	0.980816666775	0.346328455663	0.64818854138	0.640605780099	0.692590967919	0.999249270697	0.0234944257117	0.748954072356	0.458359028493	0.428898648712	0.385234594885	0.00120133827257
UP00155_1_Hmx2_3424.3	0.542512663433	0.219656968156	0.133536898889	0.42125129551	0.0207124893498	0.998004348154	0.486405009109	0.844654360131	0.914457441278	0.639841990947	0.986550383401	0.00288624337331
UP00156_1_Msx2_3449.1	0.765647309008	0.764504012187	0.0203961261669	0.753198530845	0.00313694298533	0.999692138185	0.260778640118	0.330103788277	0.990399843592	0.306413662049	0.998366531111	0.000507414203072
UP00157_1_Hmx3_3490.2	0.692185868912	0.523140075704	0.233590510988	0.351429897225	0.0536145030435	0.99850223234	0.333837796354	0.57538786597	0.833750771151	0.705389158046	0.963027049948	0.00219264461148
UP00158_1_Pou1f1_3818.1	0.928100456578	0.731949573462	0.519183131498	0.179623316251	0.595589851545	0.978692185104	0.0819593181166	0.35739265932	0.58266860691	0.858349259974	0.473982582971	0.0273539795659
UP00159_1_Six2_2307.2	0.486061492196	0.016803773814	0.187390241162	0.69272308144	0.00601630404433	0.994418464018	0.546694603783	0.991483723279	0.884407152135	0.373823326363	0.996707631487	0.00805859449598
UP00160_1_Obox3_3439.1	0.0306727951235	0.0928475072738	0.541508834639	0.452668665941	0.0221784657729	0.583990395721	0.973935149771	0.93884526294	0.553285339965	0.606578093313	0.985280569299	0.462906101224
UP00161_1_Hmbox1_2674.1	0.472777642145	0.505893897871	0.280678860436	0.870657730989	0.08642393637	0.613489304492	0.559534897286	0.593922612018	0.807249018041	0.172340497487	0.940049970746	0.436797603649
UP00162_1_Evx1_3952.2	0.513515100185	0.72246073681	0.0164817554305	0.87409133271	0.19328238883	0.957599658867	0.522871088997	0.401321645167	0.992804166081	0.166350971852	0.864316103181	0.0579611785726
UP00163_1_En2_0952.1	0.704761752338	0.949147814461	0.0198430452888	0.320239486186	0.860168833732	0.942761981118	0.328732066177	0.102137234348	0.991575097664	0.745799859259	0.201480340801	0.0768780421719
UP00164_1_Hoxa7_2668.2	0.913539197131	0.961369936931	0.536875417459	0.294610841953	0.584285991241	0.991836038665	0.09928403176	0.0700510005194	0.570983846839	0.757641257371	0.494203537698	0.0113701890912
UP00165_1_Titf1_1722.2	0.0603687998281	0.477148186564	0.871308200523	0.401801953204	0.00533221445424	0.314806573539	0.946802526053	0.605225546963	0.178338602359	0.650648987378	0.996563281496	0.720131541713
UP00166_1_Barhl1_2590.2	0.997329472998	0.909092038946	0.523419585509	0.972677417943	0.184436424262	0.999132479822	0.00332206988841	0.138775286645	0.579838321288	0.0381400681602	0.85973638711	0.00126896919671
UP00167_1_En1_3123.2	0.904712761679	0.953139119754	0.0571591846565	0.774227508948	0.846909608715	0.907921202134	0.109960907299	0.0822348146449	0.968943907318	0.28031860931	0.208333743156	0.115531136235
UP00168_1_Hoxd8_2644.1	0.975412684234	0.842261806864	0.537486945179	0.71976443408	0.199216141354	0.996588872518	0.0285417082997	0.218448995054	0.556320141133	0.327907359296	0.843975331595	0.00459217522793
UP00169_1_Lmx1b_3433.2	0.6164826872	0.597425938846	0.232208703962	0.438017568448	0.121100167142	0.988909894607	0.41101646418	0.507993532305	0.83300472687	0.619491998413	0.912424842624	0.0148808987576
UP00170_1_Isl2_3430.1	0.67850032026	0.383811697594	0.488762746928	0.334924366478	0.698114075226	0.913692081099	0.346227852831	0.700282091313	0.603602194466	0.716339468113	0.363399169095	0.104620322045
UP00171_1_Msx3_3206.1	0.927799387217	0.76236914024	0.233977724653	0.809495340917	0.16216520497	0.996974244526	0.082583055214	0.322129656365	0.834112330013	0.233892355044	0.878850654885	0.00426546641319
UP00172_1_Prop1_3949.1	0.288593020971	0.588590753312	0.379863605431	0.206971631597	0.868406478247	0.562021404067	0.738392637846	0.523530294895	0.720204119246	0.836932941603	0.181752883994	0.489492142949
UP00173_1_Hoxc13_3127.1	0.981996708832	0.937835386131	0.503278875034	0.945729941967	0.18694589453	0.994697221044	0.0215057667019	0.10167788231	0.593478665506	0.0730678545357	0.859067527974	0.00738194334269
UP00174_1_Hoxa2_3079.1	0.9840192236	0.938542883686	0.744321961233	0.626916704161	0.40000255599	0.998476987755	0.019486031657	0.109018776029	0.35181145862	0.436983152222	0.677040205961	0.00229593520777
UP00175_1_Lhx9_3492.1	0.576023419521	0.480319556846	0.0228740708687	0.515494477435	0.907080963953	0.847190638844	0.456761402928	0.634197778622	0.988789003321	0.552431858783	0.137577424092	0.185568353616
UP00176_1_Crx_3485.1	5.25130215077e-05	0.0022180438114	0.0813924406371	0.553495679248	0.0144644282934	0.114533267994	0.999962669259	0.999016351315	0.952165581385	0.515148825637	0.99109321461	0.910726871799
UP00177_1_Hoxd12_3481.1	0.94246607571	0.960066923809	0.33406789505	0.251009269296	0.390660902447	0.99355645865	0.0695021332878	0.0805301774943	0.766944979951	0.815164382733	0.696013035991	0.00981680274442
UP00178_1_Og2x_3719.1	0.844693897062	0.949147814461	0.05476497274	0.432754976934	0.609100058387	0.981596401512	0.177935449569	0.102137234348	0.973994566094	0.639259962351	0.480755534336	0.0258939078641
UP00179_1_Pou2f3_3986.2	0.99107434657	0.37946576427	0.740683992191	0.538647293004	0.357030434281	0.999738191218	0.0105938439203	0.697861148756	0.339065676103	0.517185821107	0.701760276911	0.000378961292223
UP00180_1_Hoxd13_2356.1	0.692861786607	0.080663725387	0.884306385249	0.379758532402	0.209106169262	0.984107889709	0.327410264187	0.945275953293	0.161209327312	0.665169631301	0.829340790371	0.0198156017166
UP00181_1_Barx1_2877.1	0.909338231582	0.795333641348	0.0478344186142	0.717690424498	0.263720281725	0.99588811965	0.105334109233	0.292751013398	0.973645957801	0.346911176148	0.80671761117	0.00609303863805
UP00182_1_Hoxa6_1040.1	0.823079664008	0.904616535088	0.330263408368	0.626916704161	0.682781966671	0.899836147512	0.198644898315	0.151584465061	0.765363934073	0.436983152222	0.394333560977	0.124803443869
UP00183_1_Hoxa13_3126.1	0.90635709301	0.630243287263	0.567712309616	0.96827316992	0.0249515317292	0.988945140832	0.107593295443	0.479567938607	0.533757790084	0.0455845313303	0.984537910998	0.0153736437723
UP00184_1_Lhx8_2247.2	0.223977730586	0.255186792418	0.705125768781	0.381490459532	0.00578165881581	0.926336027228	0.801419170296	0.822144629981	0.413206813306	0.689062207395	0.996863057014	0.0963574571139
UP00185_1_Pbx1_3203.1	0.997963048126	0.195064274881	0.99618859657	0.900353548403	0.00895383718213	0.999867722877	0.00252507255181	0.863168858953	0.00737956757219	0.129728795759	0.994432200843	0.000199645599304
UP00186_1_Meis1_2335.1	0.490293455601	0.970156405262	0.0980861186309	0.309379595992	0.433331910547	0.653719930577	0.534863601749	0.0464497133747	0.93449317068	0.738556134167	0.624363692709	0.384516673443
UP00187_1_Alx4_1744.1	0.236412603364	0.706763711869	0.183597849286	0.112646037386	0.735906694405	0.574885635797	0.791059738721	0.411804114096	0.889759923294	0.920063293925	0.351935523134	0.482238714986
UP00188_1_Lmx1a_2238.2	0.565020794429	0.249710019546	0.606984293136	0.225602277584	0.157333712246	0.944303017627	0.461318160985	0.819841327957	0.481437550071	0.815958097164	0.879959388707	0.0683107735516
UP00189_1_Hoxa5_3415.1	0.833418239273	0.912544985364	0.642169554494	0.218858046517	0.361862574826	0.988361600967	0.187113921733	0.144859848844	0.46312458254	0.826410101899	0.71243580124	0.0160776733336
UP00190_1_Nkx2-3_3435.1	0.200400035536	0.409570467274	0.281281653079	0.395324922442	0.000562650595196	0.975329489998	0.821899691016	0.694045496887	0.809607001477	0.670922446016	0.999727263773	0.0335433423255
UP00191_1_Pou2f2_3748.1	0.976812606196	0.135360249037	0.786867596733	0.341713780358	0.216136789444	0.999979873347	0.0268825619606	0.904772006399	0.282631700058	0.707355653717	0.827804268093	3.10414721244e-05
UP00192_1_Six1_0935.2	0.821883298824	0.0413772942838	0.393877328976	0.81859440514	0.0980124464193	0.995346508034	0.201253808535	0.977900715582	0.718465488814	0.234593990066	0.933874631165	0.00686227142886
UP00193_1_Rhox11_1765.2	0.13021110989	0.642607340679	0.326280815362	0.315604951143	0.298490791055	0.652268794636	0.885041797645	0.454929244889	0.764714945836	0.736214164705	0.761685224771	0.394732060939
UP00194_1_Irx4_2242.3	0.891198734174	0.523140075704	0.993613747077	0.65471503645	0.00546484226512	0.996162154989	0.123610151605	0.57538786597	0.0142060387803	0.406367031415	0.996823983526	0.0054870191363
UP00195_1_Six3_1732.2	0.696233671539	0.165324445098	0.629618014313	0.630268816044	0.00221401829201	0.998677817038	0.333415330985	0.89583478777	0.489038953783	0.437932315372	0.998876590887	0.00203796424367
UP00196_1_Hoxa4_3426.1	0.908201869166	0.901299247363	0.425999874171	0.617997164194	0.924268528373	0.853518388876	0.105195489752	0.157710461929	0.675074622151	0.444925047403	0.107419114908	0.176167579851
UP00197_1_Hoxc9_2367.2	0.993863039129	0.679302090557	0.269015706295	0.918880253996	0.865548737207	0.977610166475	0.00745360940512	0.405102467988	0.802088730031	0.106641247971	0.178000617282	0.0287963277146
UP00198_1_Cphx_3484.1	0.748728990731	0.381739909489	0.437768554414	0.890424909184	0.419612288426	0.695370463749	0.273359188856	0.698716988973	0.65087238609	0.139648773016	0.647608202611	0.342481258658
UP00199_1_Six4_2860.1	0.00149902935119	0.0234151991114	0.0150673617618	0.179169645048	0.0136406184617	0.304449979393	0.998804942264	0.986407978275	0.992014009841	0.860097551657	0.990950157528	0.732929572358
UP00200_1_Nkx6-1_2825.1	0.994166791075	0.945489464318	0.466242209915	0.45974972514	0.885915528706	0.986437225982	0.00713362115957	0.0875425746251	0.633017977172	0.602517300173	0.153442710615	0.0178913833197
UP00201_1_Emx2_3420.1	0.532142889911	0.917350290006	0.187390241162	0.49793070358	0.31379229108	0.912974827067	0.506590496121	0.155354651729	0.884407152135	0.578866016958	0.771673559619	0.114977698313
UP00202_1_Dlx1_1741.2	0.876287044559	0.552180878897	0.68842384551	0.335313418254	0.555049591234	0.99013005569	0.141229876523	0.565927828631	0.412344431346	0.725722133123	0.525577835756	0.013927877084
UP00203_1_Pknox1_2364.2	0.00954793660213	0.08613638661	0.00933013995226	0.377431651372	0.345287174266	0.263667982862	0.99192186729	0.940215163854	0.994854070296	0.673172685641	0.704955449154	0.768465603943
UP00204_1_Gbx1_2883.2	0.698454767246	0.171951853294	0.00245328207299	0.801894818602	0.385453278412	0.995527959889	0.334739738142	0.898628962816	0.999156884088	0.257242042404	0.698796358113	0.00690290523369
UP00205_1_Pknox2_3077.2	0.000177859242328	0.0173910573358	0.00262746724588	0.354943741353	0.249455836239	0.0380459612641	0.999858053336	0.989262040118	0.998618790352	0.692061302969	0.79100664149	0.969199050965
UP00206_1_Hoxb7_3953.1	0.949689429269	0.941125211367	0.233703418259	0.232293150939	0.946199435131	0.99191118113	0.0595245694772	0.102084280949	0.846501062734	0.817423769714	0.0806080739161	0.0115939147319
UP00207_1_Hoxb9_3413.1	0.974843531046	0.302403653633	0.970196521747	0.660468819263	0.18990810241	0.997185670113	0.0288836576971	0.763641810339	0.0473569148123	0.387284590707	0.849683813177	0.00373709361244
UP00208_1_Obox5_2284.1	0.417075172074	0.301283011026	0.349127613909	0.590806237573	0.0652103121916	0.973158134564	0.609828475038	0.770368038942	0.731942570111	0.467224230196	0.953611704387	0.0348947155263
UP00209_1_Cart1_0997.1	0.552711297528	0.887453592166	0.0681761901618	0.305146501745	0.888659378885	0.804449603513	0.481884559751	0.185092100991	0.963653974176	0.753845935891	0.161932414992	0.236001459369
UP00210_1_Mrg2_2302.1	0.500783160908	0.182009722879	0.291046138579	0.754129477139	0.790663965197	0.625440556257	0.524174836527	0.864761180954	0.77648807496	0.291283189305	0.253563289425	0.414052200862
UP00211_1_Pou3f3_3235.2	0.959635351561	0.797806489537	0.166249228849	0.71155954424	0.237337788299	0.992855611063	0.0465623976325	0.272251415379	0.887101590161	0.339830016359	0.815043813525	0.00948240348177
UP00212_1_Lhx5_2279.1	0.475386416737	0.207790114173	0.643865680138	0.179650363266	0.71555639647	0.833079589986	0.553497544728	0.859305002035	0.450174215065	0.857706782022	0.353504609526	0.196926930499
UP00213_1_Hoxa9_2622.2	0.951645147518	0.446531930687	0.907602829766	0.358506163691	0.127213510073	0.998475538759	0.0546225895978	0.628191487457	0.132095577142	0.689198369471	0.901093626227	0.00206210921613
UP00214_1_Hoxb5_3122.2	0.684929072454	0.731920315026	0.642169554494	0.452286683115	0.397415753481	0.921637491995	0.344533609484	0.376125156951	0.46312458254	0.613493854057	0.678776518525	0.0993320983924
UP00215_1_Vax1_3499.1	0.720944402182	0.873540907517	0.235285054163	0.585435661119	0.697482337167	0.919090211363	0.30614174254	0.199931063922	0.83965771749	0.477075525267	0.375324310286	0.101714118432
UP00216_1_Obox1_3970.2	0.0851853936788	0.0493354455726	0.638585333247	0.0713291984597	0.00265544174965	0.983762806884	0.92465939077	0.968062283037	0.446513115832	0.9465525586	0.998401404896	0.0212771845236
UP00217_1_Hoxa10_2318.1	0.99701509442	0.543990942824	0.84783482506	0.313493820981	0.956035330473	0.999073078786	0.00355556229939	0.534403965943	0.204410708803	0.729315893855	0.0598218730469	0.00125506265205
UP00218_1_Dbx2_3487.1	0.995442032226	0.858174536082	0.755641857687	0.600756513494	0.782159924824	0.993284105851	0.0055444382205	0.201989900451	0.324593658282	0.457361153493	0.271170286606	0.00897482769421
UP00219_1_Cutl1_3494.1	0.1710477926	0.127759167421	0.50160916933	0.51072534647	0.0350159418328	0.654214991905	0.850117559857	0.922151122405	0.613297467156	0.567156772149	0.978385238417	0.397841186661
UP00220_1_Nkx1-1_3856.3	0.171347397417	0.434072171368	0.00487782841066	0.625759079767	0.484659752305	0.715078578752	0.85188414547	0.677856833062	0.998127665733	0.456817092888	0.597369442567	0.343579513484
UP00221_1_Phox2a_3947.1	0.64914521038	0.935648519173	0.281343400861	0.187979700712	0.532407896013	0.84206708018	0.385431705099	0.119628694441	0.816402150714	0.861021559775	0.561856289725	0.194598271482
UP00222_1_Tcf2_0913.2	0.0719641246153	0.288084105456	0.337593199409	0.766768631617	0.0580731572037	0.209957943096	0.939315835968	0.797388612571	0.769792779637	0.296469158909	0.961610998724	0.828491117138
UP00223_1_Irx3_0920.1	0.935980921948	0.694410704431	0.934648668527	0.822136837152	0.0279314890386	0.994818823864	0.0750460367822	0.411409246687	0.113112936994	0.225772491052	0.983039669176	0.00754564402087
UP00224_1_Pax6_3838.3	0.925208307464	0.884807790257	0.279795880753	0.311525933819	0.702102057857	0.954354985315	0.086427619772	0.173604195369	0.805424533932	0.747226171771	0.370946544652	0.0584135142118
UP00225_1_Hlx1_2350.1	0.997837536673	0.925711987605	0.63890106977	0.867070591434	0.886313559611	0.977306868808	0.00269137639923	0.11503351851	0.454379933699	0.16733065738	0.156763804301	0.0291274764577
UP00226_1_Mrg1_2246.2	0.335885408913	0.907955047128	0.224296449174	0.406162504738	0.310705055117	0.582175490815	0.686838984089	0.13013525627	0.833819191355	0.647164811525	0.738747693399	0.458674952579
UP00227_1_Duxl_1286.2	0.869336505605	0.711273774167	0.713087854341	0.844474044378	0.386780212418	0.87826675166	0.146895332915	0.379392680137	0.380136931809	0.19772577209	0.673781835931	0.147432898738
UP00228_1_Bapx1_2343.1	0.222168810531	0.135366937546	0.719005838218	0.346163585427	0.0219871994784	0.916325851226	0.798026961616	0.907152492726	0.374803104339	0.706942068952	0.985449414261	0.102478481605
UP00229_1_Otx1_2325.1	0.801198830629	0.331611212789	0.233590510988	0.90189913634	0.507173914198	0.974305637681	0.219353113494	0.750289980453	0.833750771151	0.12634562159	0.560553341035	0.0336318609495
UP00230_1_Dlx5_3419.2	0.258585598546	0.365802221377	0.339709176082	0.304840424215	0.0491898276291	0.91739669597	0.770703010067	0.737391907296	0.772639197889	0.76209165011	0.969821809024	0.108637012689
UP00231_1_Nkx2-2_2823.1	0.642178900887	0.814128211894	0.906420264388	0.786838012142	0.0136406184617	0.816470765354	0.38212402525	0.246880600778	0.13554488091	0.25588947957	0.990950157528	0.212389692791
UP00232_1_Dobox4_3956.2	0.0541757522719	0.254116059956	0.389173103483	0.0655229955297	1.27461374499e-05	0.99092023589	0.953562714379	0.813115908493	0.694716878701	0.953923059807	0.999994371078	0.0127076952914
UP00233_1_Meox1_2310.2	0.709253700063	0.466240763805	0.235285054163	0.346173482266	0.664084792465	0.965966231036	0.317559631118	0.632445589905	0.83965771749	0.710937027365	0.411582895706	0.0443804859976
UP00234_1_Msx1_3031.2	0.95973201155	0.960800962332	0.0828626994241	0.831455592799	0.827774979031	0.940737172959	0.0478026503671	0.0719919559431	0.950794637973	0.21541291507	0.23228398615	0.0756555975366
UP00235_1_Hoxc11_3718.2	0.999731701604	0.659987073317	0.851875729567	0.342391238349	0.935668757617	0.999944102543	0.000371734606641	0.443120011597	0.22724592792	0.729624175564	0.0966272175217	0.000100152836613
UP00236_1_Irx2_0900.3	0.587476997683	0.150451047206	0.783397072247	0.880215315483	0.0266007282884	0.941126536519	0.443222101693	0.903325429411	0.305273371977	0.155525955621	0.98317786084	0.0752663117861
UP00237_1_Otp_3496.1	0.360137981094	0.489005545019	0.231324233839	0.197503812134	0.661858492881	0.734594194364	0.672247928508	0.63744272243	0.852497199559	0.85087812109	0.419557701432	0.312669752334
UP00238_1_Nkx6-3_3446.1	0.996237044664	0.850047700621	0.488762746928	0.755154054701	0.866976958687	0.984211382082	0.00461952174855	0.210435610704	0.603602194466	0.296341931951	0.174623351906	0.0205891247436
UP00239_1_Obox2_3438.2	0.0534458913975	0.00255648988004	0.832650785689	0.347423482541	0.0889110664575	0.813241364007	0.953548572943	0.998694324628	0.230532039792	0.70448247813	0.933948340522	0.219242005194
UP00240_1_Cdx1_2245.1	0.99375655516	0.608729863353	0.776889490614	0.62082652116	0.863824722577	0.987249299977	0.00755405104943	0.478516399075	0.303810379978	0.437358159449	0.178107636316	0.0166754746736
UP00241_1_Hoxd3_1742.2	0.929248885854	0.772545019066	0.724638736278	0.26424875227	0.706826865623	0.968876841204	0.0814368048196	0.313140544245	0.36109893023	0.787039869698	0.36192371735	0.0403236260966
UP00242_1_Hoxc8_3429.2	0.796978373011	0.140694997965	0.946456087203	0.440926320387	0.650796064687	0.948689517495	0.225619453494	0.90982762454	0.090999904926	0.621814746819	0.423776261271	0.0657657556406
UP00243_1_Isx_3445.1	0.721523137757	0.894433869259	0.108509272542	0.06038399437	0.452146187872	0.99816348298	0.314246643522	0.196255422877	0.951069425201	0.961543154144	0.644353891822	0.00312905794798
UP00244_1_Tlx2_3498.2	0.998693298625	0.938565487969	0.476231700955	0.952223535212	0.0174535744454	0.999832670057	0.00157337015508	0.0890952272256	0.603887652472	0.0612050343971	0.988085509345	0.00023347962097
UP00245_1_Hoxc10_2779.2	0.995509704916	0.545315962776	0.622917425848	0.396922416362	0.692590967919	0.999933598351	0.0057928633596	0.567825393348	0.493803055044	0.677734096278	0.385234594885	0.000118357497506
UP00246_1_Hoxa11_2218.1	0.999169912656	0.73083004931	0.681646112975	0.374829745354	0.736396240113	0.99998262066	0.00111347479811	0.369756712736	0.431869738652	0.69654687515	0.338141507119	3.18275194565e-05
UP00247_1_Pax4_3989.2	0.154874998438	0.859512104889	0.686633063857	0.0111018509282	0.0327148024878	0.82306587522	0.866932916366	0.227017275892	0.448892793994	0.993804069446	0.981557688493	0.219361035047
UP00248_1_Pax7_3783.1	0.916715589853	0.860552731133	0.686633063857	0.165917286633	0.422340204643	0.995820045914	0.0969439544897	0.213420338144	0.448892793994	0.873843109248	0.662480559206	0.00612595995639
UP00249_1_Nkx2-5_3436.1	0.197477328466	0.141164895144	0.890589226805	0.957690149564	0.00594703698155	0.234497693322	0.819835471946	0.901190080152	0.153998146471	0.05663834343	0.996216720858	0.795383306816
UP00250_1_Irx5_2385.1	0.789085509385	0.573882469267	0.946456087203	0.593632968583	0.0570011163225	0.976210058712	0.234252534563	0.530532217352	0.090999904926	0.469916354061	0.962661549059	0.0318350290947
UP00251_1_Esx1_3124.2	0.818065580239	0.924274385772	0.145094455787	0.102837322179	0.752251709671	0.972744240294	0.205593893982	0.131020491434	0.915900707606	0.926804960179	0.32276220225	0.0368826163983
UP00252_1_Hoxc5_2630.2	0.900673628892	0.942526939435	0.371172506227	0.270150731736	0.957816978856	0.901503465407	0.113551277654	0.098700752637	0.722611560275	0.781141953483	0.0646828210162	0.121057463046
UP00253_1_Rax_3443.1	0.460850242472	0.916856450712	0.0395768006126	0.408482846661	0.353521269382	0.903686939332	0.577906341408	0.160376885404	0.981911196674	0.667842703576	0.73309369788	0.126109576212
UP00254_1_Pou2f1_3081.2	0.952765921784	0.731949573462	0.799023147461	0.389157934723	0.791473544899	0.98256762804	0.0546033885375	0.35739265932	0.275361263722	0.666668638601	0.264003089719	0.0228224500278
UP00255_1_Dbx1_3486.1	0.990973265345	0.975795521405	0.247726240074	0.773850286773	0.0304083436196	0.999960642005	0.0104506965292	0.0375840721349	0.811025521105	0.262421449528	0.9779916946	5.62173145249e-05
UP00256_1_Lhx6_2272.1	0.990553969529	0.588195885903	0.993651813043	0.285845655455	0.566945582789	0.998884001528	0.0119824987401	0.538167056648	0.0153649559549	0.775533536808	0.52446519996	0.00178146995467
UP00257_1_Shox2_2641.2	0.542314783037	0.96058925065	0.128873400338	0.203665932788	0.642054741977	0.857381407228	0.495300254452	0.0817440632454	0.932747028332	0.846203861108	0.453371975513	0.178887459102
UP00258_1_Tgif2_3451.1	0.500907931598	0.756006551556	0.118960753627	0.70548611211	0.465218220693	0.676158379183	0.523379658268	0.311840597499	0.917355837009	0.341975143759	0.591104045553	0.359808921163
UP00259_1_Hoxb6_3428.2	0.960582777954	0.954179848504	0.873891346148	0.338285157791	0.441799795623	0.993437060482	0.0467988124071	0.0796514281152	0.196020398969	0.72083805773	0.638137425173	0.00938169941779
UP00260_1_Hoxc6_3954.2	0.83387380537	0.952160351817	0.758102846333	0.206238952132	0.940969570241	0.853012517507	0.185879612744	0.0848398249866	0.339151192321	0.835256291211	0.0859050044808	0.176357346326
UP00261_1_Lhx4_1719.2	0.84949848195	0.125696796065	0.234226396334	0.825094411746	0.164882198884	0.998895703841	0.171073647206	0.921446271685	0.844853393742	0.224753812266	0.881339518793	0.0017483169744
UP00262_1_Lhx1_2240.2	0.468638357772	0.815921563195	0.670484263289	0.253281302656	0.421568199769	0.693611741764	0.560513329789	0.26916995069	0.418218329138	0.79376104787	0.652779742201	0.347791170804
UP00263_1_Hoxb8_3780.2	0.753037883775	0.497669802718	0.234879394147	0.360158009051	0.228578112872	0.98335940706	0.270030116657	0.596561206696	0.835589148352	0.69764662853	0.819976239903	0.0219251432744
UP00264_1_Hoxa1_3425.1	0.878519307818	0.694410704431	0.281019171528	0.156299367062	0.495484264022	0.999706633099	0.138989282863	0.411409246687	0.808355029091	0.881230200708	0.589220476245	0.000481464043856
UP00265_1_Pitx3_3497.2	2.70302601147e-12	8.16711344639e-05	0.00498141292466	0.122488255323	0.000128009766652	0.00214615696543	1.0	0.999966819149	0.997386614225	0.905602026206	0.999932268927	0.998540119441
UP00266_1_Prrx1_3442.1	0.934771886589	0.791521976907	0.0421534046104	0.657784248001	0.822084924572	0.994529916742	0.0769501655827	0.306976054885	0.980156954711	0.408130023602	0.242292870634	0.00806751322753
UP00267_1_Otx2_3441.1	0.267790508209	0.422741487861	0.449806232906	0.892543317488	0.00410003690758	0.862162620398	0.755554511133	0.66838878721	0.643118306487	0.138147195043	0.997579348988	0.166121943831
UP00391_1_Hoxa3_primary	0.885868437948	0.762885797834	0.23226730252	0.706283586416	0.341368465026	0.992333427495	0.13196792787	0.352614376519	0.850306490379	0.357589298923	0.737981551419	0.0111741354899
UP00391_3_Hoxa3_2783.2	0.78888335059	0.746442712984	0.332824740801	0.730183040718	0.370865188829	0.978389455822	0.23744457583	0.36515447765	0.766296581741	0.33168281396	0.707042566253	0.0303609625723
UP00406_1_Spdef_primary	0.1800499697	0.200993496559	0.0103630241132	0.981172137665	0.517121500867	0.348957792779	0.836714800255	0.855999143606	0.994745548996	0.0262248010417	0.539508431082	0.69049372978
UP00407_1_Elf3_primary	0.930185193757	0.292721383783	0.323425015374	0.984874566908	0.0951504275584	0.999615204812	0.0762155401823	0.759928267412	0.734271835568	0.0193235596645	0.921982631859	0.000501337182136
UP00408_1_Gabpa_primary	0.0213433470935	0.127466035107	0.0674953968797	0.828657032282	0.00659636535659	0.929187083047	0.981395520376	0.910653353116	0.955843442482	0.203029497169	0.995330971513	0.0849036765806
klf4_homer	3.17732702088e-44	2.39274243465e-05	2.21387897406e-09	0.00191079591989	2.61361169773e-18	5.34034053382e-14	1.0	0.999987792901	0.999999999182	0.998604375443	1.0	0.999999999999
