FACTOR	JDP2_NFKB_wo_vs_random	JDP2_NFKB_with_vs_random	JDP2_NFKB_with_vs_wo	JDP2_wo_vs_random	JDP2_FOS_NFKB_with_vs_random	JDP2_FOS_NFKB_wo_vs_random	JDP2_FOS_NFKB_with_vs_wo
Ash2l_hand	0.0000e+00	1.0397e-138	1.0000e+00	0.0000e+00	1.6880e-37	2.7462e-65	4.0089e-01
BCL11A_MEME_motif1	1.0000e+00	1.0000e+00	5.4678e-02	1.0000e+00	1.0000e+00	1.0000e+00	5.1416e-01
E2A-Homer	1.2844e-220	2.7434e-24	1.0000e+00	5.4915e-238	2.7477e-10	1.9797e-17	6.7211e-01
IRF8_AICS	1.0000e+00	1.0000e+00	6.0649e-01	1.0000e+00	1.0000e+00	1.0000e+00	5.3585e-01
IRF8_IECS_HAND_KANO	1.0000e+00	1.0000e+00	9.0833e-02	1.0000e+00	1.0000e+00	1.0000e+00	8.0049e-01
IRF8_ISRE_KANNO	1.0000e+00	1.0000e+00	1.5221e-01	1.0000e+00	1.0000e+00	1.0000e+00	4.0907e-01
Ikaros1_M00086	1.0000e+00	6.3220e-02	2.3503e-05	1.0000e+00	1.4357e-01	1.0000e+00	1.2142e-01
Ikaros2_M00087	1.0000e+00	1.0000e+00	6.4974e-01	1.0000e+00	1.0000e+00	1.0000e+00	6.0267e-01
Ikaros3_M00088	1.0000e+00	1.0000e+00	1.6334e-01	1.0000e+00	1.0000e+00	1.0000e+00	5.4949e-01
MA0002.2.RUNX1	1.0000e+00	1.0000e+00	8.3607e-01	1.0000e+00	1.0000e+00	1.0000e+00	7.5404e-01
MA0003.2.TFAP2A	0.0000e+00	6.5623e-200	9.2528e-01	0.0000e+00	1.6117e-38	9.1096e-91	7.9024e-01
MA0004.1.Arnt	1.0848e-220	6.7650e-33	9.2528e-01	3.3539e-245	6.6017e-10	5.7918e-12	4.1665e-01
MA0006.1.Arnt::Ahr	1.0000e+00	1.0000e+00	1.0000e+00	1.0000e+00	1.0000e+00	1.0000e+00	1.0000e+00
MA0007.2.AR	1.0000e+00	1.0000e+00	9.2528e-01	1.0000e+00	1.0000e+00	1.0000e+00	4.0089e-01
MA0009.1.T	1.0000e+00	1.0000e+00	6.0649e-01	1.0000e+00	1.0000e+00	1.0000e+00	8.5387e-01
MA0014.2.PAX5	4.4083e-100	5.5176e-09	1.0000e+00	4.2449e-105	2.5499e-02	1.6900e-09	9.7395e-01
MA0017.1.NR2F1	1.0000e+00	1.0000e+00	1.0000e+00	1.0000e+00	1.0000e+00	1.0000e+00	8.8719e-01
MA0018.2.CREB1	1.0000e+00	2.8963e-02	1.6191e-02	1.0000e+00	8.1375e-01	9.4343e-03	9.7395e-01
MA0019.1.Ddit3::Cebpa	1.0000e+00	1.0000e+00	9.2528e-01	1.0000e+00	1.0000e+00	1.0000e+00	6.3660e-01
MA0024.2.E2F1	0.0000e+00	0.0000e+00	1.0000e+00	0.0000e+00	1.4622e-155	0.0000e+00	9.1256e-01
MA0025.1.NFIL3	1.0000e+00	1.0000e+00	6.0649e-01	1.0000e+00	1.0000e+00	1.0000e+00	5.8725e-01
MA0027.1.En1	1.0000e+00	1.0000e+00	1.0000e+00	1.0000e+00	1.0000e+00	1.0000e+00	9.3396e-01
MA0028.1.ELK1	0.0000e+00	1.3928e-137	9.5055e-01	0.0000e+00	1.1570e-29	2.4170e-82	9.2878e-01
MA0029.1.Mecom	1.0000e+00	1.0000e+00	1.0000e+00	1.0000e+00	1.0000e+00	1.0000e+00	9.6653e-01
MA0030.1.FOXF2	1.0000e+00	1.0000e+00	8.3607e-01	1.0000e+00	1.0000e+00	1.0000e+00	9.6653e-01
MA0031.1.FOXD1	1.0000e+00	1.0000e+00	6.4974e-01	1.0000e+00	1.0000e+00	1.0000e+00	6.9831e-01
MA0032.1.FOXC1	1.0000e+00	1.0000e+00	1.0000e+00	1.0000e+00	1.0000e+00	1.0000e+00	9.8349e-01
MA0033.1.FOXL1	1.0000e+00	1.0000e+00	9.0305e-01	1.0000e+00	1.0000e+00	1.0000e+00	9.3730e-01
MA0035.3.Gata1	1.0000e+00	1.0000e+00	9.1651e-01	1.0000e+00	1.0000e+00	1.0000e+00	9.9244e-01
MA0036.2.GATA2	1.0000e+00	1.0000e+00	8.3607e-01	1.0000e+00	1.0000e+00	1.0000e+00	9.7395e-01
MA0037.2.GATA3	1.0000e+00	1.0000e+00	8.5599e-01	1.0000e+00	1.0000e+00	1.0000e+00	9.9244e-01
MA0038.1.Gfi1	1.0000e+00	1.0000e+00	9.0651e-01	1.0000e+00	1.0000e+00	1.0000e+00	9.8414e-01
MA0039.2.Klf4	0.0000e+00	0.0000e+00	2.8860e-01	0.0000e+00	3.4346e-173	0.0000e+00	4.0075e-01
MA0040.1.Foxq1	1.0000e+00	1.0000e+00	1.0000e+00	1.0000e+00	1.0000e+00	1.0000e+00	9.9244e-01
MA0041.1.Foxd3	1.0000e+00	1.0000e+00	8.7788e-01	1.0000e+00	1.0000e+00	1.0000e+00	6.5604e-01
MA0042.1.FOXI1	1.0000e+00	1.0000e+00	1.0000e+00	1.0000e+00	1.0000e+00	1.0000e+00	8.7916e-01
MA0043.1.HLF	1.0000e+00	1.0000e+00	6.3157e-01	1.0000e+00	1.0000e+00	1.0000e+00	8.0049e-01
MA0046.1.HNF1A	1.0000e+00	1.0000e+00	1.0000e+00	1.0000e+00	1.0000e+00	1.0000e+00	9.2878e-01
MA0047.2.Foxa2	1.0000e+00	1.0000e+00	1.0000e+00	1.0000e+00	1.0000e+00	1.0000e+00	9.2878e-01
MA0048.1.NHLH1	0.0000e+00	4.2133e-110	1.0000e+00	0.0000e+00	2.5060e-29	6.5787e-56	5.4949e-01
MA0050.2.IRF1	1.0000e+00	1.0000e+00	1.6113e-01	1.0000e+00	1.0000e+00	1.0000e+00	1.8907e-01
MA0051.1.IRF2	1.0000e+00	1.0000e+00	8.1964e-01	1.0000e+00	1.0000e+00	1.0000e+00	4.0550e-01
MA0052.2.MEF2A	1.0000e+00	1.0000e+00	1.0000e+00	1.0000e+00	1.0000e+00	1.0000e+00	9.8349e-01
MA0056.1.MZF1_1-4	1.0000e+00	1.0000e+00	1.0000e+00	1.0000e+00	1.0000e+00	1.0000e+00	1.0000e+00
MA0057.1.MZF1_5-13	0.0000e+00	3.7285e-90	3.6154e-03	0.0000e+00	7.7172e-28	9.8384e-38	2.1440e-01
MA0058.2.MAX	1.0000e+00	1.0000e+00	6.8558e-01	1.0000e+00	1.0000e+00	1.0000e+00	5.7767e-01
MA0059.1.MYC::MAX	1.1101e-46	7.9383e-10	6.9407e-01	1.0500e-53	3.8651e-03	1.3967e-03	7.1415e-01
MA0060.2.NFYA	3.4449e-42	1.2457e-08	7.5383e-01	1.7038e-48	2.7986e-01	4.1915e-03	9.3730e-01
MA0062.2.GABPA	0.0000e+00	6.2949e-231	6.6493e-01	0.0000e+00	5.7132e-55	8.9918e-123	7.2073e-01
MA0063.1.Nkx2-5	1.0000e+00	1.0000e+00	1.0000e+00	1.0000e+00	1.0000e+00	1.0000e+00	9.3730e-01
MA0065.2.PPARG::RXRA	2.2852e-75	2.0614e-09	1.0000e+00	8.4211e-82	2.4591e-06	2.9712e-10	7.3079e-01
MA0066.1.PPARG	1.0000e+00	1.0000e+00	7.6193e-01	1.0000e+00	1.0000e+00	1.0000e+00	4.0089e-01
MA0067.1.Pax2	1.3452e-286	2.4449e-62	1.3558e-01	0.0000e+00	1.1262e-21	1.0471e-34	5.0207e-01
MA0068.1.Pax4	1.0000e+00	1.0000e+00	4.5030e-01	1.0000e+00	1.0000e+00	1.0000e+00	7.3659e-01
MA0069.1.Pax6	1.0000e+00	1.0000e+00	1.0000e+00	1.0000e+00	1.0000e+00	1.0000e+00	1.0000e+00
MA0070.1.PBX1	1.0000e+00	1.0000e+00	8.3065e-01	1.0000e+00	1.0000e+00	1.0000e+00	8.8719e-01
MA0071.1.RORA_1	1.0000e+00	1.0000e+00	4.5030e-01	1.0000e+00	1.0000e+00	1.0000e+00	3.5174e-01
MA0072.1.RORA_2	1.0000e+00	1.0000e+00	6.4062e-01	1.0000e+00	1.0000e+00	1.0000e+00	5.0730e-01
MA0073.1.RREB1	0.0000e+00	6.9672e-76	1.1799e-01	0.0000e+00	9.8859e-17	3.6459e-23	3.9383e-01
MA0074.1.RXRA::VDR	1.0000e+00	6.1282e-01	5.3887e-01	1.0000e+00	1.0000e+00	1.0000e+00	9.2878e-01
MA0075.1.Prrx2	1.0000e+00	1.0000e+00	1.0000e+00	1.0000e+00	1.0000e+00	1.0000e+00	1.0000e+00
MA0076.2.ELK4	0.0000e+00	1.3876e-157	7.2005e-01	0.0000e+00	7.1857e-43	2.8637e-93	6.9710e-01
MA0077.1.SOX9	1.0000e+00	1.0000e+00	6.8732e-01	1.0000e+00	1.0000e+00	1.0000e+00	7.3377e-01
MA0078.1.Sox17	1.0000e+00	1.0000e+00	1.0000e+00	1.0000e+00	1.0000e+00	1.0000e+00	9.3730e-01
MA0079.3.SP1	0.0000e+00	0.0000e+00	3.9321e-02	0.0000e+00	5.4082e-218	0.0000e+00	1.8417e-01
MA0080.3.Spi1	1.1581e-01	1.9938e-05	5.9227e-03	2.6110e-03	1.4235e-05	3.9198e-02	1.8417e-01
MA0081.1.SPIB	1.2243e-05	2.6265e-05	7.1044e-02	3.3230e-08	4.4843e-03	1.0735e-02	5.7767e-01
MA0083.2.SRF	1.0000e+00	1.0000e+00	2.3307e-02	1.0000e+00	1.0000e+00	1.0000e+00	7.3659e-01
MA0084.1.SRY	1.0000e+00	1.0000e+00	9.9918e-01	1.0000e+00	1.0000e+00	1.0000e+00	9.6653e-01
MA0087.1.Sox5	1.0000e+00	1.0000e+00	1.0000e+00	1.0000e+00	1.0000e+00	1.0000e+00	7.5021e-01
MA0088.1.znf143	8.0640e-74	4.2873e-11	9.4970e-01	3.8883e-82	8.5371e-03	3.0723e-04	7.9996e-01
MA0089.1.NFE2L1::MafG	1.0000e+00	1.0000e+00	1.0000e+00	1.0000e+00	1.0000e+00	1.0000e+00	1.0000e+00
MA0090.1.TEAD1	1.0000e+00	1.0000e+00	1.0000e+00	1.0000e+00	1.0000e+00	1.0000e+00	8.6459e-01
MA0091.1.TAL1::TCF3	1.0000e+00	1.0000e+00	8.5599e-01	1.0000e+00	1.0000e+00	1.0000e+00	2.5551e-01
MA0092.1.Hand1::Tcfe2a	1.0000e+00	1.0000e+00	8.1964e-01	1.0000e+00	1.0000e+00	1.0000e+00	6.1173e-02
MA0093.2.USF1	1.0000e+00	1.0000e+00	7.3920e-01	1.0000e+00	2.5674e-01	1.0000e+00	3.3059e-01
MA0095.2.YY1	1.0000e+00	1.0000e+00	1.0000e+00	1.0000e+00	1.0000e+00	1.0000e+00	9.8414e-01
MA0098.2.Ets1	1.9405e-214	3.3372e-47	7.0066e-02	7.1038e-252	1.5689e-25	3.6301e-30	1.7289e-01
MA0099.2.JUN::FOS	1.0000e+00	1.0000e+00	1.3821e-07	1.0000e+00	3.4919e-20	8.5105e-34	4.9440e-01
MA0100.2.Myb	1.0000e+00	1.0000e+00	8.3607e-01	1.0000e+00	1.0000e+00	1.0000e+00	6.3802e-01
MA0101.1.REL	5.7037e-65	1.3302e-93	4.6559e-33	4.6684e-118	3.3448e-17	2.0961e-08	1.0392e-02
MA0102.3.CEBPA	1.0000e+00	1.0000e+00	1.8017e-01	1.0000e+00	1.0000e+00	1.0000e+00	3.3059e-01
MA0103.2.ZEB1	1.3631e-43	4.5628e-01	1.0000e+00	4.5762e-41	1.0000e+00	1.0000e+00	9.4798e-01
MA0104.3.Mycn	3.0594e-188	9.9973e-34	6.4974e-01	2.3184e-213	2.3946e-10	4.3902e-11	4.0089e-01
MA0105.3.NFKB1	1.8677e-26	5.9548e-82	3.0373e-40	4.6352e-63	1.4177e-13	2.9578e-06	2.1198e-02
MA0106.2.TP53	1.0000e+00	1.0000e+00	1.0000e+00	1.0000e+00	1.0000e+00	1.0000e+00	8.8719e-01
MA0107.1.RELA	2.8319e-42	2.9703e-93	3.2942e-40	5.7358e-89	6.8907e-20	2.5426e-02	6.3288e-07
MA0108.2.TBP	1.0000e+00	1.0000e+00	3.5438e-01	1.0000e+00	1.0000e+00	1.0000e+00	8.0127e-01
MA0109.1.Hltf	1.0000e+00	1.0000e+00	1.0000e+00	1.0000e+00	1.0000e+00	1.0000e+00	9.8414e-01
MA0111.1.Spz1	1.0000e+00	1.0000e+00	9.2528e-01	1.0000e+00	1.0000e+00	1.0000e+00	9.6653e-01
MA0112.2.ESR1	1.9790e-251	1.2117e-31	1.0000e+00	8.0481e-275	1.4328e-10	1.8444e-22	8.0049e-01
MA0113.2.NR3C1	1.0000e+00	1.0000e+00	6.8558e-01	1.0000e+00	1.0000e+00	1.0000e+00	4.0907e-01
MA0114.2.HNF4A	1.0000e+00	1.0000e+00	1.0000e+00	1.0000e+00	1.0000e+00	1.0000e+00	9.7395e-01
MA0115.1.NR1H2::RXRA	1.0000e+00	1.0000e+00	9.9581e-01	1.0000e+00	1.0000e+00	1.0000e+00	4.2105e-01
MA0116.1.Zfp423	1.3720e-300	1.2865e-50	6.5678e-01	0.0000e+00	1.8236e-14	4.5986e-16	2.9982e-01
MA0117.1.Mafb	6.3823e-212	1.2599e-39	5.0718e-01	1.0623e-241	8.4507e-11	2.1798e-41	9.8392e-01
MA0119.1.TLX1::NFIC	1.0000e+00	1.0000e+00	9.8216e-01	1.0000e+00	1.0000e+00	1.0000e+00	7.5404e-01
MA0122.1.Nkx3-2	1.0000e+00	1.0000e+00	1.0000e+00	1.0000e+00	1.0000e+00	1.0000e+00	9.3730e-01
MA0124.1.NKX3-1	1.0000e+00	1.0000e+00	9.2528e-01	1.0000e+00	1.0000e+00	1.0000e+00	7.6554e-01
MA0125.1.Nobox	1.0000e+00	1.0000e+00	1.0000e+00	1.0000e+00	1.0000e+00	1.0000e+00	9.1256e-01
MA0130.1.ZNF354C	1.0000e+00	1.0000e+00	9.4970e-01	1.0000e+00	1.0000e+00	1.0000e+00	7.5212e-01
MA0131.1.HINFP	2.4378e-221	8.9249e-31	1.0000e+00	2.8788e-240	1.4129e-08	1.0396e-25	9.4706e-01
MA0132.1.Pdx1	1.0000e+00	1.0000e+00	1.0000e+00	1.0000e+00	1.0000e+00	1.0000e+00	1.0000e+00
MA0133.1.BRCA1	1.0000e+00	1.0000e+00	6.3157e-01	1.0000e+00	1.0000e+00	1.0000e+00	9.6653e-01
MA0135.1.Lhx3	1.0000e+00	1.0000e+00	1.0000e+00	1.0000e+00	1.0000e+00	1.0000e+00	8.7916e-01
MA0136.1.ELF5	1.0000e+00	1.0000e+00	4.3450e-01	1.0000e+00	1.0000e+00	1.0000e+00	4.0550e-01
MA0137.3.STAT1	1.0000e+00	1.0000e+00	2.4912e-01	1.0000e+00	1.0000e+00	1.0000e+00	8.6459e-01
MA0138.2.REST	0.0000e+00	2.7437e-56	1.0000e+00	0.0000e+00	8.9543e-12	4.5358e-26	8.1392e-01
MA0139.1.CTCF	0.0000e+00	1.2711e-174	9.8980e-01	0.0000e+00	4.8081e-39	1.1801e-80	5.9507e-01
MA0140.2.TAL1::GATA1	1.0000e+00	1.0000e+00	4.2657e-01	1.0000e+00	1.0000e+00	1.0000e+00	9.1256e-01
MA0141.2.Esrrb	1.0000e+00	1.0000e+00	9.2075e-01	1.0000e+00	3.6050e-01	1.0000e+00	5.1416e-01
MA0142.1.Pou5f1::Sox2	1.0000e+00	1.0000e+00	1.0000e+00	1.0000e+00	1.0000e+00	1.0000e+00	9.3730e-01
MA0143.3.Sox2	1.0000e+00	1.0000e+00	2.3307e-02	1.0000e+00	1.0000e+00	1.0000e+00	2.9982e-01
MA0144.2.STAT3	1.0000e+00	1.0000e+00	6.4062e-01	1.0000e+00	1.0000e+00	1.0000e+00	8.8719e-01
MA0145.2.Tcfcp2l1	0.0000e+00	9.4419e-90	6.6493e-01	0.0000e+00	5.1840e-20	1.7119e-35	5.4949e-01
MA0146.2.Zfx	0.0000e+00	0.0000e+00	1.0000e+00	0.0000e+00	5.8501e-77	2.4170e-183	7.5212e-01
MA0147.2.Myc	1.0000e+00	1.0000e+00	5.0718e-01	1.0000e+00	7.6757e-01	1.0000e+00	4.0089e-01
MA0148.3.FOXA1	1.0000e+00	1.0000e+00	1.0000e+00	1.0000e+00	1.0000e+00	1.0000e+00	9.7285e-01
MA0149.1.EWSR1-FLI1	2.2611e-319	7.5745e-55	4.8903e-01	0.0000e+00	4.0078e-14	2.5531e-28	7.3659e-01
MA0150.2.Nfe2l2	1.0000e+00	1.0000e+00	3.7596e-02	1.0000e+00	9.7885e-04	2.1747e-05	7.5212e-01
MA0151.1.ARID3A	1.0000e+00	1.0000e+00	9.2528e-01	1.0000e+00	1.0000e+00	1.0000e+00	9.3730e-01
MA0152.1.NFATC2	1.0000e+00	1.0000e+00	8.2478e-01	1.0000e+00	1.0000e+00	1.0000e+00	7.8935e-01
MA0153.1.HNF1B	1.0000e+00	1.0000e+00	8.5599e-01	1.0000e+00	1.0000e+00	1.0000e+00	5.1416e-01
MA0154.2.EBF1	0.0000e+00	1.6020e-61	4.8012e-01	0.0000e+00	2.8922e-17	2.9722e-18	1.8907e-01
MA0155.1.INSM1	0.0000e+00	4.2377e-147	7.0362e-01	0.0000e+00	1.1102e-38	2.2823e-62	2.9982e-01
MA0156.1.FEV	1.0000e+00	1.0000e+00	5.7318e-01	1.0000e+00	9.2114e-01	1.0000e+00	7.8935e-01
MA0157.1.FOXO3	1.0000e+00	1.0000e+00	7.7507e-01	1.0000e+00	1.0000e+00	1.0000e+00	9.2878e-01
MA0158.1.HOXA5	1.0000e+00	1.0000e+00	6.8558e-01	1.0000e+00	1.0000e+00	1.0000e+00	5.8725e-01
MA0159.1.RXR::RAR_DR5	2.2587e-12	4.1866e-01	1.0000e+00	2.7161e-12	2.5056e-01	5.8618e-01	7.3377e-01
MA0160.1.NR4A2	1.0000e+00	1.0000e+00	1.0000e+00	1.0000e+00	1.0000e+00	1.0000e+00	4.9030e-01
MA0161.1.NFIC	1.0000e+00	1.0000e+00	1.0000e+00	1.0000e+00	1.0000e+00	1.0000e+00	1.0000e+00
MA0162.2.EGR1	0.0000e+00	0.0000e+00	6.4974e-01	0.0000e+00	7.3879e-259	0.0000e+00	5.4581e-01
MA0163.1.PLAG1	0.0000e+00	4.8476e-315	9.3610e-01	0.0000e+00	1.5259e-63	1.3102e-133	5.0730e-01
MA0164.1.Nr2e3	1.0000e+00	1.0000e+00	1.0000e+00	1.0000e+00	1.0000e+00	1.0000e+00	4.0089e-01
MA0258.2.ESR2	4.0617e-59	9.3774e-08	1.0000e+00	2.4177e-64	1.5752e-04	1.1994e-05	6.6696e-01
MA0259.1.HIF1A::ARNT	4.2913e-216	3.5976e-26	1.0000e+00	2.3893e-233	3.5235e-11	3.1461e-09	2.9982e-01
MA0442.1.SOX10	1.0000e+00	1.0000e+00	3.3806e-02	1.0000e+00	1.0000e+00	1.0000e+00	2.1440e-01
MA0461.1.Atoh1	7.7770e-66	4.1815e-06	1.0000e+00	3.0085e-69	6.1364e-06	8.4078e-04	2.9982e-01
MA0462.1.BATF::JUN	1.0000e+00	1.0000e+00	6.1003e-02	1.0000e+00	1.0000e+00	3.8016e-02	9.7395e-01
MA0463.1.Bcl6	1.0000e+00	1.0000e+00	9.8216e-01	1.0000e+00	1.0000e+00	1.0000e+00	9.7395e-01
MA0464.1.Bhlhe40	2.0915e-10	1.0000e+00	1.0000e+00	2.2206e-09	1.0000e+00	1.0000e+00	8.3342e-01
MA0465.1.CDX2	1.0000e+00	1.0000e+00	1.0000e+00	1.0000e+00	1.0000e+00	1.0000e+00	9.2878e-01
MA0466.1.CEBPB	1.0000e+00	1.0000e+00	6.0649e-01	1.0000e+00	1.0000e+00	1.0000e+00	3.3059e-01
MA0467.1.Crx	1.0000e+00	1.0000e+00	9.3610e-01	1.0000e+00	1.0000e+00	1.0000e+00	7.3377e-01
MA0468.1.DUX4	1.0000e+00	1.0000e+00	2.9835e-02	1.0000e+00	1.0000e+00	1.0000e+00	7.6438e-01
MA0469.1.E2F3	0.0000e+00	0.0000e+00	1.0000e+00	0.0000e+00	6.6476e-145	6.6074e-300	3.0440e-01
MA0470.1.E2F4	0.0000e+00	0.0000e+00	1.0000e+00	0.0000e+00	4.6303e-220	0.0000e+00	4.7046e-01
MA0471.1.E2F6	0.0000e+00	1.4024e-306	1.0000e+00	0.0000e+00	4.8698e-68	5.2401e-156	6.7211e-01
MA0472.1.EGR2	0.0000e+00	0.0000e+00	3.5438e-01	0.0000e+00	2.7769e-135	1.0114e-264	1.8907e-01
MA0473.1.ELF1	5.4152e-158	1.4960e-23	9.2528e-01	2.0587e-176	3.3137e-11	4.2795e-22	7.5344e-01
MA0474.1.Erg	3.8424e-96	3.6511e-27	3.3806e-02	8.2400e-117	1.3881e-18	5.7345e-16	6.9967e-02
MA0475.1.FLI1	2.9090e-319	3.9672e-57	3.9745e-01	0.0000e+00	1.3809e-28	5.2295e-45	3.4586e-01
MA0476.1.FOS	1.0000e+00	1.0000e+00	6.3375e-05	1.0000e+00	8.7641e-14	1.0478e-31	8.3342e-01
MA0477.1.FOSL1	1.0000e+00	1.0000e+00	1.4918e-06	1.0000e+00	8.5043e-19	3.2894e-34	5.8725e-01
MA0478.1.FOSL2	1.0000e+00	1.0000e+00	1.6630e-04	1.0000e+00	4.3140e-06	1.0610e-11	7.9996e-01
MA0479.1.FOXH1	1.0000e+00	1.0000e+00	2.8451e-01	1.0000e+00	1.0000e+00	1.0000e+00	9.7395e-01
MA0480.1.Foxo1	1.0000e+00	1.0000e+00	1.0000e+00	1.0000e+00	1.0000e+00	1.0000e+00	8.1367e-01
MA0481.1.FOXP1	1.0000e+00	1.0000e+00	8.9208e-01	1.0000e+00	1.0000e+00	1.0000e+00	9.8414e-01
MA0482.1.Gata4	1.0000e+00	1.0000e+00	9.9229e-01	1.0000e+00	1.0000e+00	1.0000e+00	9.9244e-01
MA0483.1.Gfi1b	1.0000e+00	1.0000e+00	8.3607e-01	1.0000e+00	1.0000e+00	1.0000e+00	9.2878e-01
MA0484.1.HNF4G	1.0000e+00	1.0000e+00	1.0000e+00	1.0000e+00	1.0000e+00	1.0000e+00	9.7395e-01
MA0485.1.Hoxc9	1.0000e+00	1.0000e+00	4.3450e-01	1.0000e+00	1.0000e+00	1.0000e+00	9.7395e-01
MA0486.1.HSF1	1.0000e+00	1.0000e+00	9.4970e-01	1.0000e+00	1.0000e+00	1.0000e+00	9.6779e-01
MA0488.1.JUN	1.0000e+00	1.0000e+00	1.0121e-01	1.0000e+00	1.0000e+00	1.0000e+00	9.7395e-01
MA0489.1.JUN.var.2	1.0000e+00	1.0000e+00	1.0308e-03	1.0000e+00	7.4211e-09	7.7165e-26	9.3730e-01
MA0490.1.JUNB	1.0000e+00	1.0000e+00	2.9370e-05	1.0000e+00	7.0057e-17	7.2447e-37	7.8935e-01
MA0491.1.JUND	1.0000e+00	1.0000e+00	6.3375e-05	1.0000e+00	1.7805e-16	3.8099e-39	8.4302e-01
MA0492.1.JUND.var.2	1.0000e+00	1.0000e+00	3.6202e-01	1.0000e+00	1.0000e+00	1.0000e+00	9.9244e-01
MA0493.1.Klf1	0.0000e+00	1.4370e-212	4.0503e-01	0.0000e+00	6.3429e-40	1.8140e-89	7.3377e-01
MA0494.1.Nr1h3::Rxra	1.0000e+00	1.0000e+00	7.5383e-01	1.0000e+00	1.0000e+00	1.0000e+00	2.1692e-01
MA0495.1.MAFF	1.0000e+00	1.0000e+00	8.5599e-01	1.0000e+00	1.0000e+00	1.0000e+00	8.1392e-01
MA0496.1.MAFK	1.0000e+00	1.0000e+00	1.0000e+00	1.0000e+00	1.0000e+00	1.0000e+00	9.3730e-01
MA0497.1.MEF2C	1.0000e+00	1.0000e+00	9.5826e-01	1.0000e+00	1.0000e+00	1.0000e+00	9.7395e-01
MA0498.1.Meis1	1.0000e+00	1.0000e+00	1.0000e+00	1.0000e+00	1.0000e+00	1.0000e+00	7.5404e-01
MA0499.1.Myod1	3.7091e-209	1.7811e-21	1.0000e+00	2.8787e-224	1.2233e-06	8.5254e-15	8.6358e-01
MA0500.1.Myog	7.0548e-256	5.2681e-29	1.0000e+00	3.6905e-277	7.8990e-09	3.7166e-21	8.7916e-01
MA0501.1.NFE2::MAF	1.0000e+00	1.0000e+00	3.4426e-01	1.0000e+00	5.8594e-01	4.7472e-01	8.3342e-01
MA0502.1.NFYB	6.4009e-19	7.6287e-04	9.0316e-01	2.2135e-21	5.8065e-01	5.2854e-01	8.3342e-01
MA0503.1.Nkx2-5.var.2	1.0000e+00	1.0000e+00	7.5383e-01	1.0000e+00	1.0000e+00	1.0000e+00	4.0907e-01
MA0504.1.NR2C2	0.0000e+00	5.7555e-119	1.0000e+00	0.0000e+00	3.0467e-33	3.3590e-68	6.1398e-01
MA0505.1.Nr5a2	1.0000e+00	1.0000e+00	1.0000e+00	1.0000e+00	1.0000e+00	1.0000e+00	4.0907e-01
MA0506.1.NRF1	0.0000e+00	0.0000e+00	1.0000e+00	0.0000e+00	1.3171e-242	0.0000e+00	9.7285e-01
MA0507.1.POU2F2	1.0000e+00	1.0000e+00	4.5030e-01	1.0000e+00	1.0000e+00	1.0000e+00	4.0907e-01
MA0508.1.PRDM1	1.0000e+00	1.0000e+00	9.6549e-02	1.0000e+00	1.0000e+00	1.0000e+00	5.0730e-01
MA0509.1.Rfx1	6.1247e-26	2.4155e-06	6.8558e-01	2.3396e-30	4.9381e-02	1.8169e-01	6.5721e-01
MA0510.1.RFX5	2.5483e-118	1.8147e-14	1.0000e+00	1.1389e-128	3.0178e-05	3.9425e-11	8.6053e-01
MA0511.1.RUNX2	1.0000e+00	1.0000e+00	1.0000e+00	1.0000e+00	1.0000e+00	1.0000e+00	9.1863e-01
MA0512.1.Rxra	1.0000e+00	1.0000e+00	1.0000e+00	1.0000e+00	1.0000e+00	1.0000e+00	9.2878e-01
MA0513.1.SMAD2::SMAD3::SMAD4	1.0000e+00	1.0000e+00	7.1754e-01	1.0000e+00	1.0000e+00	1.0000e+00	8.0073e-01
MA0514.1.Sox3	1.0000e+00	1.0000e+00	6.4974e-01	1.0000e+00	1.0000e+00	1.0000e+00	7.5212e-01
MA0515.1.Sox6	1.0000e+00	1.0000e+00	9.2528e-01	1.0000e+00	1.0000e+00	1.0000e+00	8.0049e-01
MA0516.1.SP2	0.0000e+00	0.0000e+00	7.5304e-02	0.0000e+00	2.2509e-243	0.0000e+00	4.0550e-01
MA0517.1.STAT2::STAT1	1.0000e+00	1.0000e+00	4.3926e-01	1.0000e+00	1.0000e+00	1.0000e+00	5.1416e-01
MA0518.1.Stat4	1.0000e+00	1.0000e+00	2.9453e-01	1.0000e+00	1.0000e+00	1.0000e+00	9.1256e-01
MA0519.1.Stat5a::Stat5b	1.0000e+00	1.0000e+00	3.6202e-01	1.0000e+00	1.0000e+00	1.0000e+00	7.5404e-01
MA0520.1.Stat6	1.0000e+00	1.0000e+00	8.5599e-01	1.0000e+00	1.0000e+00	1.0000e+00	6.7211e-01
MA0521.1.Tcf12	1.4589e-188	8.0401e-19	1.0000e+00	1.6152e-201	4.4686e-06	8.8832e-18	9.3730e-01
MA0522.1.Tcf3	9.2900e-222	4.1008e-23	1.0000e+00	4.9149e-238	3.0831e-08	8.3139e-16	7.6554e-01
MA0523.1.TCF7L2	1.0000e+00	1.0000e+00	8.2415e-01	1.0000e+00	1.0000e+00	1.0000e+00	7.5212e-01
MA0524.1.TFAP2C	0.0000e+00	1.5424e-240	7.7077e-01	0.0000e+00	2.9428e-53	1.7217e-101	4.0102e-01
MA0525.1.TP63	6.7388e-01	8.8007e-01	8.4847e-01	4.9355e-01	1.0000e+00	1.0000e+00	8.7117e-01
MA0526.1.USF2	1.0000e+00	1.0000e+00	6.0649e-01	1.0000e+00	2.8816e-01	1.0000e+00	8.7818e-02
MA0527.1.ZBTB33	0.0000e+00	7.5040e-261	1.0000e+00	0.0000e+00	1.5263e-54	3.5368e-135	8.4302e-01
MA0528.1.ZNF263	0.0000e+00	9.3713e-141	2.8166e-01	0.0000e+00	6.3913e-44	5.2986e-55	2.1198e-02
MA0591.1.Bach1::Mafk	2.7889e-17	2.5692e-05	6.0649e-01	8.1208e-21	5.7955e-11	1.1230e-27	9.0145e-01
MA0592.1.ESRRA	1.0000e+00	1.0000e+00	1.0000e+00	1.0000e+00	4.0984e-01	1.0000e+00	5.0730e-01
MA0593.1.FOXP2	1.0000e+00	1.0000e+00	1.0000e+00	1.0000e+00	1.0000e+00	1.0000e+00	9.7395e-01
MA0594.1.Hoxa9	1.0000e+00	1.0000e+00	8.3607e-01	1.0000e+00	1.0000e+00	1.0000e+00	9.2878e-01
MA0595.1.SREBF1	1.0000e+00	1.0000e+00	8.3618e-01	1.0000e+00	1.0000e+00	1.0000e+00	7.5212e-01
MA0596.1.SREBF2	1.0000e+00	1.0000e+00	5.6760e-01	1.0000e+00	1.0000e+00	1.0000e+00	4.0907e-01
MA0597.1.THAP1	0.0000e+00	7.5452e-51	1.0000e+00	0.0000e+00	7.3771e-09	1.7684e-28	9.6779e-01
MA0598.1.EHF	1.9544e-85	1.5515e-25	2.7544e-02	1.1594e-104	8.5043e-19	1.7157e-11	1.0392e-02
MA0599.1.KLF5	0.0000e+00	0.0000e+00	7.1044e-02	0.0000e+00	6.1603e-177	0.0000e+00	4.0089e-01
MA0600.1.RFX2	2.8080e-56	4.9152e-09	9.2528e-01	1.1168e-62	4.5842e-02	2.2335e-02	7.6438e-01
UP00000_1_Smad3_primary	1.0000e+00	1.0000e+00	7.1754e-01	1.0000e+00	5.5658e-01	1.0000e+00	4.0550e-01
UP00001_1_E2F2_primary	0.0000e+00	0.0000e+00	1.0000e+00	0.0000e+00	3.4300e-93	1.8302e-261	9.4798e-01
UP00002_1_Sp4_primary	0.0000e+00	0.0000e+00	7.0278e-02	0.0000e+00	1.6810e-230	0.0000e+00	2.9982e-01
UP00003_1_E2F3_primary	0.0000e+00	0.0000e+00	1.0000e+00	0.0000e+00	6.3398e-86	6.9189e-214	8.3342e-01
UP00004_1_Sox14_primary	1.0000e+00	1.0000e+00	9.9777e-01	1.0000e+00	1.0000e+00	1.0000e+00	9.7395e-01
UP00005_1_Tcfap2a_primary	0.0000e+00	2.1136e-173	1.0000e+00	0.0000e+00	4.0541e-46	8.1889e-76	2.9982e-01
UP00006_1_Zic3_primary	0.0000e+00	0.0000e+00	6.0649e-01	0.0000e+00	1.6371e-114	2.3272e-209	1.9532e-01
UP00007_1_Egr1_primary	0.0000e+00	0.0000e+00	6.1524e-01	0.0000e+00	3.3797e-206	0.0000e+00	3.8360e-01
UP00008_1_Six6_primary	1.0000e+00	1.0000e+00	1.0000e+00	1.0000e+00	1.0000e+00	1.0000e+00	9.2878e-01
UP00009_1_Nr2f2_primary	1.0000e+00	1.0000e+00	1.0000e+00	1.0000e+00	1.0000e+00	1.0000e+00	1.0000e+00
UP00010_1_Tcfap2b_primary	0.0000e+00	1.1398e-241	1.0000e+00	0.0000e+00	3.5253e-48	3.8292e-126	8.9231e-01
UP00011_1_Irf6_primary	1.0000e+00	1.0000e+00	1.0000e+00	1.0000e+00	1.0000e+00	1.0000e+00	9.9244e-01
UP00012_1_Bbx_primary	1.0000e+00	1.0000e+00	4.2324e-01	1.0000e+00	1.0000e+00	1.0000e+00	8.7916e-01
UP00014_1_Sox17_primary	1.0000e+00	1.0000e+00	1.0000e+00	1.0000e+00	1.0000e+00	1.0000e+00	7.6554e-01
UP00015_1_Ehf_primary	1.6194e-52	1.6512e-08	9.2528e-01	1.0950e-58	5.6773e-07	4.5161e-11	7.1186e-01
UP00016_1_Sry_primary	1.0000e+00	1.0000e+00	1.0000e+00	1.0000e+00	1.0000e+00	1.0000e+00	9.7395e-01
UP00017_1_Nkx3-1_primary	1.0000e+00	1.0000e+00	1.0000e+00	1.0000e+00	1.0000e+00	1.0000e+00	6.7211e-01
UP00018_1_Irf4_primary	1.0000e+00	1.0000e+00	8.3607e-01	1.0000e+00	1.0000e+00	1.0000e+00	9.7395e-01
UP00019_1_Zbtb12_primary	1.0000e+00	1.0000e+00	8.5599e-01	1.0000e+00	1.0000e+00	1.0000e+00	8.8719e-01
UP00020_1_Atf1_primary	1.1575e-29	4.1884e-18	1.5856e-03	1.2951e-41	1.5064e-03	1.1333e-10	9.4798e-01
UP00021_1_Zfp281_primary	0.0000e+00	0.0000e+00	1.6630e-04	0.0000e+00	4.1721e-136	2.4031e-218	1.0392e-02
UP00022_1_Zfp740_primary	0.0000e+00	9.6584e-212	3.5605e-02	0.0000e+00	3.4472e-48	2.8629e-91	4.0907e-01
UP00023_1_Sox30_primary	1.0000e+00	1.0000e+00	1.0000e+00	1.0000e+00	1.0000e+00	1.0000e+00	8.4302e-01
UP00024_1_Glis2_primary	1.4046e-218	4.9034e-31	9.8980e-01	1.0672e-240	9.4142e-09	3.7878e-17	7.9024e-01
UP00025_1_Foxk1_primary	1.0000e+00	1.0000e+00	9.0180e-01	1.0000e+00	1.0000e+00	1.0000e+00	9.8414e-01
UP00026_1_Zscan4_primary	1.0000e+00	1.0000e+00	1.0000e+00	1.0000e+00	1.0000e+00	1.0000e+00	8.6439e-01
UP00027_1_Osr1_primary	1.0000e+00	1.0000e+00	1.0000e+00	1.0000e+00	1.0000e+00	1.0000e+00	6.7211e-01
UP00028_1_Tcfap2e_primary	0.0000e+00	1.4247e-268	1.0000e+00	0.0000e+00	1.6281e-62	2.7126e-132	5.7344e-01
UP00029_1_Tbp_primary	1.0000e+00	1.0000e+00	6.4062e-01	1.0000e+00	1.0000e+00	1.0000e+00	6.7211e-01
UP00030_1_Sox11_primary	1.0000e+00	1.0000e+00	7.1129e-01	1.0000e+00	1.0000e+00	1.0000e+00	5.6980e-01
UP00031_1_Zbtb3_primary	1.0000e+00	1.0000e+00	1.0000e+00	1.0000e+00	1.0000e+00	1.0000e+00	7.5404e-01
UP00032_1_Gata3_primary	1.0000e+00	1.0000e+00	9.0276e-01	1.0000e+00	1.0000e+00	1.0000e+00	1.0000e+00
UP00033_1_Zfp410_primary	1.0000e+00	1.0000e+00	7.8664e-01	1.0000e+00	1.0000e+00	1.0000e+00	8.3342e-01
UP00034_1_Sox7_primary	1.0000e+00	1.0000e+00	1.0000e+00	1.0000e+00	1.0000e+00	1.0000e+00	8.1535e-01
UP00035_1_Hic1_primary	1.0000e+00	1.0000e+00	1.0000e+00	1.0000e+00	1.0000e+00	1.0000e+00	9.7395e-01
UP00036_1_Myf6_primary	3.1557e-01	1.0000e+00	1.0000e+00	7.5745e-01	1.0000e+00	1.0000e+00	8.8719e-01
UP00037_1_Zfp105_primary	1.0000e+00	1.0000e+00	1.0000e+00	1.0000e+00	1.0000e+00	1.0000e+00	9.8414e-01
UP00039_1_Foxj3_primary	1.0000e+00	1.0000e+00	3.6202e-01	1.0000e+00	1.0000e+00	1.0000e+00	9.3730e-01
UP00040_1_Irf5_primary	1.0000e+00	1.0000e+00	1.0000e+00	1.0000e+00	1.0000e+00	1.0000e+00	9.9244e-01
UP00041_1_Foxj1_primary	1.0000e+00	1.0000e+00	6.7355e-01	1.0000e+00	1.0000e+00	1.0000e+00	9.7976e-01
UP00042_1_Gm397_primary	1.0000e+00	1.0000e+00	1.0000e+00	1.0000e+00	1.0000e+00	1.0000e+00	9.2878e-01
UP00043_1_Bcl6b_primary	1.0000e+00	1.0000e+00	9.0316e-01	1.0000e+00	1.0000e+00	1.0000e+00	7.5404e-01
UP00044_1_Mafk_primary	1.0000e+00	1.0000e+00	1.0000e+00	1.0000e+00	1.0000e+00	1.0000e+00	9.7395e-01
UP00045_1_Mafb_primary	1.0000e+00	1.0000e+00	8.3065e-01	1.0000e+00	1.0000e+00	1.0000e+00	4.0907e-01
UP00046_1_Tcfe2a_primary	6.1606e-09	1.0000e+00	1.0000e+00	2.0481e-06	1.0000e+00	1.0000e+00	9.1256e-01
UP00047_1_Zbtb7b_primary	1.7878e-81	1.4910e-22	9.8754e-02	5.0915e-98	8.9817e-09	2.1649e-05	1.8907e-01
UP00048_1_Rara_primary	1.0000e+00	1.0000e+00	1.0000e+00	1.0000e+00	1.0000e+00	1.0000e+00	9.1256e-01
UP00049_1_Sp100_primary	1.0000e+00	1.0000e+00	3.9954e-01	1.0000e+00	1.0000e+00	1.0000e+00	7.9984e-01
UP00050_1_Bhlhb2_primary	1.5292e-03	1.0253e-01	7.5383e-01	2.6036e-04	2.1364e-02	1.0000e+00	2.0300e-01
UP00051_1_Sox8_primary	1.0000e+00	1.0000e+00	1.0000e+00	1.0000e+00	1.0000e+00	1.0000e+00	9.7285e-01
UP00052_1_Osr2_primary	1.0000e+00	1.0000e+00	8.4847e-01	1.0000e+00	1.0000e+00	1.0000e+00	5.6509e-01
UP00053_1_Rxra_primary	1.0000e+00	1.0000e+00	7.9291e-01	1.0000e+00	1.0000e+00	1.0000e+00	9.3730e-01
UP00054_1_Tcf7_primary	1.0000e+00	1.0000e+00	9.9777e-01	1.0000e+00	1.0000e+00	1.0000e+00	7.7104e-01
UP00055_1_Hbp1_primary	1.0000e+00	1.0000e+00	8.8022e-01	1.0000e+00	1.0000e+00	1.0000e+00	9.7285e-01
UP00056_1_Rfx4_primary	1.9406e-02	1.1608e-01	6.6493e-01	4.0840e-03	8.9924e-01	9.8550e-01	8.4302e-01
UP00057_1_Zic2_primary	0.0000e+00	0.0000e+00	3.8550e-01	0.0000e+00	1.0452e-117	2.3872e-208	1.8417e-01
UP00058_1_Tcf3_primary	1.0000e+00	1.0000e+00	1.0000e+00	1.0000e+00	1.0000e+00	1.0000e+00	7.6554e-01
UP00059_1_Arid5a_primary	1.0000e+00	1.0000e+00	1.0000e+00	1.0000e+00	1.0000e+00	1.0000e+00	9.2878e-01
UP00060_1_Max_primary	1.0206e-74	2.4243e-15	6.3157e-01	5.2288e-86	1.0328e-04	7.7569e-03	4.0089e-01
UP00061_1_Foxl1_primary	1.0000e+00	1.0000e+00	1.0000e+00	1.0000e+00	1.0000e+00	1.0000e+00	9.8414e-01
UP00062_1_Sox4_primary	1.0000e+00	1.0000e+00	9.0316e-01	1.0000e+00	1.0000e+00	1.0000e+00	4.8168e-01
UP00064_1_Sox18_primary	1.0000e+00	1.0000e+00	1.0000e+00	1.0000e+00	1.0000e+00	1.0000e+00	9.2878e-01
UP00065_1_Zfp161_primary	0.0000e+00	0.0000e+00	1.0000e+00	0.0000e+00	4.0730e-124	0.0000e+00	8.9231e-01
UP00066_1_Hnf4a_primary	1.0000e+00	1.0000e+00	6.0649e-01	1.0000e+00	1.0000e+00	1.0000e+00	8.3342e-01
UP00067_1_Lef1_primary	1.0000e+00	1.0000e+00	9.4970e-01	1.0000e+00	1.0000e+00	1.0000e+00	7.5344e-01
UP00068_1_Eomes_primary	1.0000e+00	1.0000e+00	7.6193e-01	1.0000e+00	1.0000e+00	1.0000e+00	4.0907e-01
UP00069_1_Sox1_primary	1.0000e+00	1.0000e+00	9.3610e-01	1.0000e+00	1.0000e+00	1.0000e+00	8.8719e-01
UP00070_1_Gcm1_primary	2.5677e-295	1.2148e-38	1.0000e+00	1.7292e-322	1.4254e-09	4.5358e-26	9.2878e-01
UP00071_1_Sox21_primary	1.0000e+00	1.0000e+00	1.0000e+00	1.0000e+00	1.0000e+00	1.0000e+00	9.3730e-01
UP00072_1_IRC900814_primary	1.0000e+00	1.0000e+00	6.5407e-01	1.0000e+00	1.0000e+00	1.0000e+00	8.7916e-01
UP00073_1_Foxa2_primary	1.0000e+00	1.0000e+00	1.0000e+00	1.0000e+00	1.0000e+00	1.0000e+00	9.9244e-01
UP00074_1_Isgf3g_primary	1.0000e+00	1.0000e+00	8.5599e-01	1.0000e+00	1.0000e+00	1.0000e+00	9.7395e-01
UP00075_1_Sox15_primary	1.0000e+00	1.0000e+00	1.0000e+00	1.0000e+00	1.0000e+00	1.0000e+00	9.3730e-01
UP00076_1_Rfxdc2_primary	4.0787e-27	3.8840e-05	9.0316e-01	1.3843e-30	9.5114e-02	3.6375e-02	8.0049e-01
UP00077_1_Srf_primary	1.0000e+00	1.0000e+00	7.5304e-02	1.0000e+00	1.0000e+00	1.0000e+00	4.0907e-01
UP00078_1_Arid3a_primary	1.0000e+00	1.0000e+00	4.9431e-01	1.0000e+00	1.0000e+00	1.0000e+00	9.9244e-01
UP00079_1_Esrra_primary	1.0000e+00	1.0000e+00	7.2740e-01	1.0000e+00	1.0000e+00	1.0000e+00	4.0089e-01
UP00080_1_Gata5_primary	1.0000e+00	1.0000e+00	1.0000e+00	1.0000e+00	1.0000e+00	1.0000e+00	9.9244e-01
UP00081_1_Mybl1_primary	1.0000e+00	1.0000e+00	1.0000e+00	1.0000e+00	1.0000e+00	1.8474e-01	9.7395e-01
UP00082_1_Zfp187_primary	1.0000e+00	1.0000e+00	1.0000e+00	1.0000e+00	1.0000e+00	1.0000e+00	9.8414e-01
UP00083_1_Tcf7l2_primary	1.0000e+00	1.0000e+00	9.0316e-01	1.0000e+00	1.0000e+00	1.0000e+00	5.7767e-01
UP00084_1_Gmeb1_primary	3.5587e-22	1.6147e-11	5.4678e-02	7.8884e-30	1.5817e-01	7.1713e-04	9.3730e-01
UP00085_1_Sfpi1_primary	1.0000e+00	1.0000e+00	1.9066e-02	1.0000e+00	4.5745e-01	9.9969e-01	7.5212e-01
UP00086_1_Irf3_primary	1.0000e+00	1.0000e+00	4.3926e-01	1.0000e+00	1.0000e+00	1.0000e+00	8.1392e-01
UP00087_1_Tcfap2c_primary	0.0000e+00	8.4738e-195	1.0000e+00	0.0000e+00	5.3676e-44	2.9881e-94	6.7211e-01
UP00088_1_Plagl1_primary	0.0000e+00	0.0000e+00	1.0000e+00	0.0000e+00	1.5821e-129	1.8381e-269	4.0102e-01
UP00089_1_Tcf1_primary	1.0000e+00	1.0000e+00	1.0000e+00	1.0000e+00	1.0000e+00	1.0000e+00	8.3342e-01
UP00091_1_Sox5_primary	1.0000e+00	1.0000e+00	1.0000e+00	1.0000e+00	1.0000e+00	1.0000e+00	9.8349e-01
UP00092_1_Myb_primary	1.0000e+00	1.0000e+00	1.0000e+00	1.0000e+00	1.0000e+00	4.7241e-01	9.7395e-01
UP00093_1_Klf7_primary	0.0000e+00	0.0000e+00	1.5895e-02	0.0000e+00	1.7476e-169	0.0000e+00	1.8907e-01
UP00094_1_Zfp128_primary	4.6577e-02	2.4737e-01	7.6193e-01	1.4681e-02	1.0000e+00	1.0000e+00	7.9996e-01
UP00095_1_Zfp691_primary	1.0000e+00	1.0000e+00	8.3607e-01	1.0000e+00	9.7545e-01	1.0000e+00	4.0089e-01
UP00096_1_Sox13_primary	1.0000e+00	1.0000e+00	1.0000e+00	1.0000e+00	1.0000e+00	1.0000e+00	9.8414e-01
UP00097_1_Mtf1_primary	7.0010e-300	5.2145e-39	1.0000e+00	0.0000e+00	7.3124e-14	9.9915e-22	5.4949e-01
UP00098_1_Rfx3_primary	1.0000e+00	1.0000e+00	9.4970e-01	1.0000e+00	1.0000e+00	1.0000e+00	9.7395e-01
UP00099_1_Ascl2_primary	0.0000e+00	9.6742e-38	1.0000e+00	0.0000e+00	8.6988e-10	4.4752e-24	8.8719e-01
UP00100_1_Gata6_primary	1.0000e+00	1.0000e+00	9.1651e-01	1.0000e+00	1.0000e+00	1.0000e+00	9.9244e-01
UP00101_1_Sox12_primary	1.0000e+00	1.0000e+00	1.0000e+00	1.0000e+00	1.0000e+00	1.0000e+00	9.9614e-01
UP00102_1_Zic1_primary	0.0000e+00	0.0000e+00	6.6493e-01	0.0000e+00	1.0070e-116	1.4167e-237	4.0089e-01
UP00103_1_Jundm2_primary	2.8557e-04	5.9151e-09	6.5741e-04	3.7303e-08	1.2539e-02	1.0338e-05	9.1256e-01
UP00104_1_Hmx1_3423.1	1.0000e+00	1.0000e+00	1.0000e+00	1.0000e+00	1.0000e+00	1.0000e+00	9.8414e-01
UP00105_1_Pou3f4_3773.1	1.0000e+00	1.0000e+00	9.4970e-01	1.0000e+00	1.0000e+00	1.0000e+00	9.1256e-01
UP00106_1_Vax2_3500.1	1.0000e+00	1.0000e+00	1.0000e+00	1.0000e+00	1.0000e+00	1.0000e+00	9.9614e-01
UP00107_1_Nkx2-4_3074.1	1.0000e+00	1.0000e+00	9.8980e-01	1.0000e+00	1.0000e+00	1.0000e+00	9.8807e-01
UP00108_1_Alx3_3418.2	1.0000e+00	1.0000e+00	1.0000e+00	1.0000e+00	1.0000e+00	1.0000e+00	5.8725e-01
UP00109_1_Obox6_3440.2	1.0000e+00	1.0000e+00	1.0000e+00	1.0000e+00	1.0000e+00	1.0000e+00	9.6125e-01
UP00110_1_Dlx4_3488.2	1.0000e+00	1.0000e+00	7.1754e-01	1.0000e+00	1.0000e+00	1.0000e+00	9.2878e-01
UP00111_1_Dmbx1_2277.1	1.0000e+00	1.0000e+00	1.0000e+00	1.0000e+00	1.0000e+00	1.0000e+00	9.7395e-01
UP00112_1_Gsc_2327.3	1.0000e+00	1.0000e+00	9.2528e-01	1.0000e+00	1.0000e+00	1.0000e+00	8.1535e-01
UP00113_1_Hoxc4_3491.1	1.0000e+00	1.0000e+00	9.7531e-01	1.0000e+00	1.0000e+00	1.0000e+00	9.3730e-01
UP00114_1_Homez_1063.2	1.0000e+00	1.0000e+00	1.0000e+00	1.0000e+00	1.0000e+00	1.0000e+00	9.6653e-01
UP00115_1_Lhx2_0953.2	1.0000e+00	1.0000e+00	9.2528e-01	1.0000e+00	1.0000e+00	1.0000e+00	8.1367e-01
UP00116_1_Rhox6_4251.1	1.0000e+00	1.0000e+00	1.0000e+00	1.0000e+00	1.0000e+00	1.0000e+00	9.9204e-01
UP00117_1_Hoxd11_3873.1	1.0000e+00	1.0000e+00	1.0000e+00	1.0000e+00	1.0000e+00	1.0000e+00	9.9244e-01
UP00118_1_Pou4f3_2791.1	1.0000e+00	1.0000e+00	1.0000e+00	1.0000e+00	1.0000e+00	1.0000e+00	1.0000e+00
UP00119_1_Nkx2-9_3082.1	1.0000e+00	1.0000e+00	1.0000e+00	1.0000e+00	1.0000e+00	1.0000e+00	9.3730e-01
UP00120_1_Lbx2_3869.2	1.0000e+00	1.0000e+00	1.0000e+00	1.0000e+00	1.0000e+00	1.0000e+00	5.8515e-01
UP00121_1_Hoxd10_2368.2	1.0000e+00	1.0000e+00	5.0718e-01	1.0000e+00	1.0000e+00	1.0000e+00	9.7395e-01
UP00122_1_Tgif1_2342.2	1.0000e+00	1.0000e+00	1.0000e+00	1.0000e+00	1.0000e+00	1.0000e+00	7.3079e-01
UP00123_1_Hlxb9_3422.1	1.0000e+00	1.0000e+00	9.2528e-01	1.0000e+00	1.0000e+00	1.0000e+00	7.9996e-01
UP00124_1_Ipf1_3815.1	1.0000e+00	1.0000e+00	8.8603e-01	1.0000e+00	1.0000e+00	1.0000e+00	6.7211e-01
UP00125_1_Pitx2_2274.3	1.0000e+00	1.0000e+00	1.0000e+00	1.0000e+00	1.0000e+00	1.0000e+00	9.3730e-01
UP00126_1_Dlx2_2273.2	1.0000e+00	1.0000e+00	9.0316e-01	1.0000e+00	1.0000e+00	1.0000e+00	5.8725e-01
UP00127_1_Gsh2_3990.2	1.0000e+00	1.0000e+00	1.0000e+00	1.0000e+00	1.0000e+00	1.0000e+00	6.7211e-01
UP00128_1_Pou3f2_2824.1	1.0000e+00	1.0000e+00	1.0000e+00	1.0000e+00	1.0000e+00	1.0000e+00	9.7395e-01
UP00129_1_Pou3f1_3819.1	1.0000e+00	1.0000e+00	1.0000e+00	1.0000e+00	1.0000e+00	1.0000e+00	9.3730e-01
UP00130_1_Lhx3_3431.1	1.0000e+00	1.0000e+00	9.3610e-01	1.0000e+00	1.0000e+00	1.0000e+00	7.9996e-01
UP00131_1_Gbx2_3110.1	1.0000e+00	1.0000e+00	9.9140e-01	1.0000e+00	1.0000e+00	1.0000e+00	8.3342e-01
UP00132_1_Evx2_2645.3	1.0000e+00	1.0000e+00	9.0833e-02	1.0000e+00	1.0000e+00	1.0000e+00	8.0049e-01
UP00133_1_Cdx2_4272.1	1.0000e+00	1.0000e+00	1.0000e+00	1.0000e+00	1.0000e+00	1.0000e+00	7.8935e-01
UP00134_1_Hoxb13_3479.1	1.0000e+00	1.0000e+00	9.5840e-01	1.0000e+00	1.0000e+00	1.0000e+00	9.7395e-01
UP00135_1_Hoxc12_3480.1	1.0000e+00	1.0000e+00	1.0000e+00	1.0000e+00	1.0000e+00	1.0000e+00	9.8349e-01
UP00136_1_Prrx2_3072.1	1.0000e+00	1.0000e+00	1.0000e+00	1.0000e+00	1.0000e+00	1.0000e+00	7.6031e-01
UP00137_1_Hoxb3_1720.2	1.0000e+00	1.0000e+00	4.4537e-01	1.0000e+00	1.0000e+00	1.0000e+00	8.0049e-01
UP00138_1_Bsx_3483.2	1.0000e+00	1.0000e+00	9.9140e-01	1.0000e+00	1.0000e+00	1.0000e+00	5.8725e-01
UP00139_1_Nkx1-2_3214.1	1.0000e+00	1.0000e+00	1.0000e+00	1.0000e+00	1.0000e+00	1.0000e+00	2.9982e-01
UP00140_1_Hoxd1_3448.1	1.0000e+00	1.0000e+00	8.9562e-01	1.0000e+00	1.0000e+00	1.0000e+00	4.0907e-01
UP00141_1_Vsx1_1728.1	1.0000e+00	1.0000e+00	1.0000e+00	1.0000e+00	1.0000e+00	1.0000e+00	8.6439e-01
UP00142_1_Uncx4.1_2281.2	1.0000e+00	1.0000e+00	1.0000e+00	1.0000e+00	1.0000e+00	1.0000e+00	9.7395e-01
UP00143_1_Dobox5_3493.1	1.0000e+00	1.0000e+00	1.0000e+00	1.0000e+00	1.0000e+00	1.0000e+00	9.6779e-01
UP00144_1_Hoxb4_2627.1	1.0000e+00	1.0000e+00	1.0000e+00	1.0000e+00	1.0000e+00	1.0000e+00	9.3730e-01
UP00145_1_Barhl2_3868.1	1.0000e+00	1.0000e+00	1.0000e+00	1.0000e+00	1.0000e+00	1.0000e+00	9.1256e-01
UP00146_1_Pou6f1_1731.2	1.0000e+00	1.0000e+00	1.0000e+00	1.0000e+00	1.0000e+00	1.0000e+00	9.9244e-01
UP00147_1_Nkx2-6_3437.1	1.0000e+00	1.0000e+00	9.0295e-01	1.0000e+00	1.0000e+00	1.0000e+00	7.5212e-01
UP00148_1_Hdx_3845.3	1.0000e+00	1.0000e+00	9.2528e-01	1.0000e+00	1.0000e+00	1.0000e+00	9.7395e-01
UP00149_1_Phox2b_3948.1	1.0000e+00	1.0000e+00	1.0000e+00	1.0000e+00	1.0000e+00	1.0000e+00	9.3730e-01
UP00150_1_Irx6_2623.2	1.0000e+00	1.0000e+00	1.0000e+00	1.0000e+00	1.0000e+00	1.0000e+00	4.0907e-01
UP00151_1_Barx2_3447.2	1.0000e+00	1.0000e+00	5.0718e-01	1.0000e+00	1.0000e+00	1.0000e+00	5.8515e-01
UP00152_1_Arx_1738.2	1.0000e+00	1.0000e+00	1.0000e+00	1.0000e+00	1.0000e+00	1.0000e+00	9.2878e-01
UP00153_1_Pitx1_2312.1	1.0000e+00	1.0000e+00	1.7481e-01	1.0000e+00	1.0000e+00	1.0000e+00	4.7046e-01
UP00154_1_Dlx3_1030.1	1.0000e+00	1.0000e+00	7.1754e-01	1.0000e+00	1.0000e+00	1.0000e+00	8.7916e-01
UP00155_1_Hmx2_3424.3	1.0000e+00	1.0000e+00	1.0000e+00	1.0000e+00	1.0000e+00	1.0000e+00	8.6358e-01
UP00156_1_Msx2_3449.1	1.0000e+00	1.0000e+00	1.0000e+00	1.0000e+00	1.0000e+00	1.0000e+00	8.6439e-01
UP00157_1_Hmx3_3490.2	1.0000e+00	1.0000e+00	1.0000e+00	1.0000e+00	1.0000e+00	1.0000e+00	9.7395e-01
UP00158_1_Pou1f1_3818.1	1.0000e+00	1.0000e+00	9.9918e-01	1.0000e+00	1.0000e+00	1.0000e+00	9.6653e-01
UP00159_1_Six2_2307.2	1.0000e+00	1.0000e+00	1.0000e+00	1.0000e+00	1.0000e+00	1.0000e+00	9.2878e-01
UP00160_1_Obox3_3439.1	1.0000e+00	1.0000e+00	9.0316e-01	1.0000e+00	1.0000e+00	1.0000e+00	6.3660e-01
UP00161_1_Hmbox1_2674.1	1.0000e+00	1.0000e+00	1.5506e-01	1.0000e+00	1.0000e+00	1.0000e+00	5.1416e-01
UP00162_1_Evx1_3952.2	1.0000e+00	1.0000e+00	3.6202e-01	1.0000e+00	1.0000e+00	1.0000e+00	9.7395e-01
UP00163_1_En2_0952.1	1.0000e+00	1.0000e+00	1.0000e+00	1.0000e+00	1.0000e+00	1.0000e+00	9.2878e-01
UP00164_1_Hoxa7_2668.2	1.0000e+00	1.0000e+00	1.0000e+00	1.0000e+00	1.0000e+00	1.0000e+00	9.8349e-01
UP00165_1_Titf1_1722.2	1.0000e+00	1.0000e+00	1.0000e+00	1.0000e+00	1.0000e+00	1.0000e+00	9.7395e-01
UP00166_1_Barhl1_2590.2	1.0000e+00	1.0000e+00	1.0000e+00	1.0000e+00	1.0000e+00	1.0000e+00	8.3342e-01
UP00167_1_En1_3123.2	1.0000e+00	1.0000e+00	1.0000e+00	1.0000e+00	1.0000e+00	1.0000e+00	9.2878e-01
UP00168_1_Hoxd8_2644.1	1.0000e+00	1.0000e+00	1.0000e+00	1.0000e+00	1.0000e+00	1.0000e+00	9.7395e-01
UP00169_1_Lmx1b_3433.2	1.0000e+00	1.0000e+00	8.3607e-01	1.0000e+00	1.0000e+00	1.0000e+00	9.1256e-01
UP00170_1_Isl2_3430.1	1.0000e+00	1.0000e+00	1.0000e+00	1.0000e+00	1.0000e+00	1.0000e+00	9.3730e-01
UP00171_1_Msx3_3206.1	1.0000e+00	1.0000e+00	1.0000e+00	1.0000e+00	1.0000e+00	1.0000e+00	9.1256e-01
UP00172_1_Prop1_3949.1	1.0000e+00	1.0000e+00	9.8980e-01	1.0000e+00	1.0000e+00	1.0000e+00	9.2878e-01
UP00173_1_Hoxc13_3127.1	1.0000e+00	1.0000e+00	1.0000e+00	1.0000e+00	1.0000e+00	1.0000e+00	9.8349e-01
UP00174_1_Hoxa2_3079.1	1.0000e+00	1.0000e+00	7.7077e-01	1.0000e+00	1.0000e+00	1.0000e+00	6.7211e-01
UP00175_1_Lhx9_3492.1	1.0000e+00	1.0000e+00	1.0000e+00	1.0000e+00	1.0000e+00	1.0000e+00	1.0000e+00
UP00176_1_Crx_3485.1	1.0000e+00	1.0000e+00	1.0000e+00	1.0000e+00	1.0000e+00	1.0000e+00	9.8448e-01
UP00177_1_Hoxd12_3481.1	1.0000e+00	1.0000e+00	1.0000e+00	1.0000e+00	1.0000e+00	1.0000e+00	9.9244e-01
UP00178_1_Og2x_3719.1	1.0000e+00	1.0000e+00	1.0000e+00	1.0000e+00	1.0000e+00	1.0000e+00	8.3342e-01
UP00179_1_Pou2f3_3986.2	1.0000e+00	1.0000e+00	3.3150e-01	1.0000e+00	1.0000e+00	1.0000e+00	9.2878e-01
UP00180_1_Hoxd13_2356.1	1.0000e+00	1.0000e+00	9.4872e-01	1.0000e+00	1.0000e+00	1.0000e+00	9.6653e-01
UP00181_1_Barx1_2877.1	1.0000e+00	1.0000e+00	6.0649e-01	1.0000e+00	1.0000e+00	1.0000e+00	8.6439e-01
UP00182_1_Hoxa6_1040.1	1.0000e+00	1.0000e+00	5.0718e-01	1.0000e+00	1.0000e+00	1.0000e+00	5.0730e-01
UP00183_1_Hoxa13_3126.1	1.0000e+00	1.0000e+00	1.0000e+00	1.0000e+00	1.0000e+00	1.0000e+00	9.7395e-01
UP00184_1_Lhx8_2247.2	1.0000e+00	1.0000e+00	7.5383e-01	1.0000e+00	1.0000e+00	1.0000e+00	7.6438e-01
UP00185_1_Pbx1_3203.1	1.0000e+00	1.0000e+00	1.0000e+00	1.0000e+00	1.0000e+00	1.0000e+00	9.3730e-01
UP00186_1_Meis1_2335.1	1.0000e+00	1.0000e+00	9.3433e-01	1.0000e+00	1.0000e+00	1.0000e+00	9.6653e-01
UP00187_1_Alx4_1744.1	1.0000e+00	1.0000e+00	1.0000e+00	1.0000e+00	1.0000e+00	1.0000e+00	9.9244e-01
UP00188_1_Lmx1a_2238.2	1.0000e+00	1.0000e+00	6.6493e-01	1.0000e+00	1.0000e+00	1.0000e+00	9.7395e-01
UP00189_1_Hoxa5_3415.1	1.0000e+00	1.0000e+00	8.5599e-01	1.0000e+00	1.0000e+00	1.0000e+00	7.8935e-01
UP00190_1_Nkx2-3_3435.1	1.0000e+00	1.0000e+00	1.0000e+00	1.0000e+00	1.0000e+00	1.0000e+00	9.9244e-01
UP00191_1_Pou2f2_3748.1	1.0000e+00	1.0000e+00	6.0649e-01	1.0000e+00	1.0000e+00	1.0000e+00	9.7976e-01
UP00192_1_Six1_0935.2	1.0000e+00	1.0000e+00	1.0000e+00	1.0000e+00	1.0000e+00	1.0000e+00	1.0000e+00
UP00193_1_Rhox11_1765.2	1.0000e+00	1.0000e+00	1.0000e+00	1.0000e+00	1.0000e+00	1.0000e+00	9.6779e-01
UP00194_1_Irx4_2242.3	1.0000e+00	1.0000e+00	1.0000e+00	1.0000e+00	1.0000e+00	1.0000e+00	4.8926e-01
UP00195_1_Six3_1732.2	1.0000e+00	1.0000e+00	1.0000e+00	1.0000e+00	1.0000e+00	1.0000e+00	9.6125e-01
UP00196_1_Hoxa4_3426.1	1.0000e+00	1.0000e+00	6.0649e-01	1.0000e+00	1.0000e+00	1.0000e+00	9.2878e-01
UP00197_1_Hoxc9_2367.2	1.0000e+00	1.0000e+00	1.0000e+00	1.0000e+00	1.0000e+00	1.0000e+00	9.8349e-01
UP00198_1_Cphx_3484.1	1.0000e+00	1.0000e+00	9.3610e-01	1.0000e+00	1.0000e+00	1.0000e+00	9.9244e-01
UP00199_1_Six4_2860.1	1.0000e+00	1.0000e+00	1.0000e+00	1.0000e+00	1.0000e+00	1.0000e+00	9.7738e-01
UP00200_1_Nkx6-1_2825.1	1.0000e+00	1.0000e+00	1.0000e+00	1.0000e+00	1.0000e+00	1.0000e+00	8.3342e-01
UP00201_1_Emx2_3420.1	1.0000e+00	1.0000e+00	6.5407e-01	1.0000e+00	1.0000e+00	1.0000e+00	9.2878e-01
UP00202_1_Dlx1_1741.2	1.0000e+00	1.0000e+00	1.0000e+00	1.0000e+00	1.0000e+00	1.0000e+00	7.5212e-01
UP00203_1_Pknox1_2364.2	1.0000e+00	1.0000e+00	9.8980e-01	1.0000e+00	1.0000e+00	1.0000e+00	8.9231e-01
UP00204_1_Gbx1_2883.2	1.0000e+00	1.0000e+00	1.0000e+00	1.0000e+00	1.0000e+00	1.0000e+00	6.7211e-01
UP00205_1_Pknox2_3077.2	1.0000e+00	1.0000e+00	8.4847e-01	1.0000e+00	1.0000e+00	1.0000e+00	8.6439e-01
UP00206_1_Hoxb7_3953.1	1.0000e+00	1.0000e+00	9.2528e-01	1.0000e+00	1.0000e+00	1.0000e+00	9.6653e-01
UP00207_1_Hoxb9_3413.1	1.0000e+00	1.0000e+00	1.0000e+00	1.0000e+00	1.0000e+00	1.0000e+00	9.6653e-01
UP00208_1_Obox5_2284.1	1.0000e+00	1.0000e+00	1.0000e+00	1.0000e+00	1.0000e+00	1.0000e+00	8.7921e-01
UP00209_1_Cart1_0997.1	1.0000e+00	1.0000e+00	1.0000e+00	1.0000e+00	1.0000e+00	1.0000e+00	9.7395e-01
UP00210_1_Mrg2_2302.1	1.0000e+00	1.0000e+00	9.2528e-01	1.0000e+00	1.0000e+00	1.0000e+00	9.7395e-01
UP00211_1_Pou3f3_3235.2	1.0000e+00	1.0000e+00	1.0000e+00	1.0000e+00	1.0000e+00	1.0000e+00	9.2878e-01
UP00212_1_Lhx5_2279.1	1.0000e+00	1.0000e+00	1.0000e+00	1.0000e+00	1.0000e+00	1.0000e+00	9.9244e-01
UP00213_1_Hoxa9_2622.2	1.0000e+00	1.0000e+00	6.0761e-01	1.0000e+00	1.0000e+00	1.0000e+00	7.5212e-01
UP00214_1_Hoxb5_3122.2	1.0000e+00	1.0000e+00	7.3358e-01	1.0000e+00	1.0000e+00	1.0000e+00	7.9996e-01
UP00215_1_Vax1_3499.1	1.0000e+00	1.0000e+00	9.4872e-01	1.0000e+00	1.0000e+00	1.0000e+00	4.0089e-01
UP00216_1_Obox1_3970.2	1.0000e+00	1.0000e+00	9.2528e-01	1.0000e+00	1.0000e+00	1.0000e+00	4.0040e-01
UP00217_1_Hoxa10_2318.1	1.0000e+00	1.0000e+00	1.0000e+00	1.0000e+00	1.0000e+00	1.0000e+00	9.7285e-01
UP00218_1_Dbx2_3487.1	1.0000e+00	1.0000e+00	9.0316e-01	1.0000e+00	1.0000e+00	1.0000e+00	9.2481e-01
UP00219_1_Cutl1_3494.1	1.0000e+00	1.0000e+00	9.5840e-01	1.0000e+00	1.0000e+00	1.0000e+00	9.2878e-01
UP00220_1_Nkx1-1_3856.3	1.0000e+00	1.0000e+00	1.0000e+00	1.0000e+00	1.0000e+00	1.0000e+00	9.8414e-01
UP00221_1_Phox2a_3947.1	1.0000e+00	1.0000e+00	1.0000e+00	1.0000e+00	1.0000e+00	1.0000e+00	9.7395e-01
UP00222_1_Tcf2_0913.2	1.0000e+00	1.0000e+00	5.0718e-01	1.0000e+00	1.0000e+00	1.0000e+00	8.1367e-01
UP00223_1_Irx3_0920.1	1.0000e+00	1.0000e+00	1.0000e+00	1.0000e+00	1.0000e+00	1.0000e+00	7.6438e-01
UP00224_1_Pax6_3838.3	1.0000e+00	1.0000e+00	1.0000e+00	1.0000e+00	1.0000e+00	1.0000e+00	8.1367e-01
UP00225_1_Hlx1_2350.1	1.0000e+00	1.0000e+00	1.0000e+00	1.0000e+00	1.0000e+00	1.0000e+00	9.6125e-01
UP00226_1_Mrg1_2246.2	1.0000e+00	1.0000e+00	9.0316e-01	1.0000e+00	1.0000e+00	1.0000e+00	9.3730e-01
UP00227_1_Duxl_1286.2	1.0000e+00	1.0000e+00	1.9702e-02	1.0000e+00	1.0000e+00	1.0000e+00	9.3164e-01
UP00228_1_Bapx1_2343.1	1.0000e+00	1.0000e+00	1.0000e+00	1.0000e+00	1.0000e+00	1.0000e+00	9.6653e-01
UP00229_1_Otx1_2325.1	1.0000e+00	1.0000e+00	1.0000e+00	1.0000e+00	1.0000e+00	1.0000e+00	9.6125e-01
UP00230_1_Dlx5_3419.2	1.0000e+00	1.0000e+00	1.0000e+00	1.0000e+00	1.0000e+00	1.0000e+00	8.1535e-01
UP00231_1_Nkx2-2_2823.1	1.0000e+00	1.0000e+00	6.8558e-01	1.0000e+00	1.0000e+00	1.0000e+00	4.0907e-01
UP00232_1_Dobox4_3956.2	1.0000e+00	1.0000e+00	2.8601e-01	1.0000e+00	1.0000e+00	1.0000e+00	9.2878e-01
UP00233_1_Meox1_2310.2	1.0000e+00	1.0000e+00	8.4847e-01	1.0000e+00	1.0000e+00	1.0000e+00	3.3059e-01
UP00234_1_Msx1_3031.2	1.0000e+00	1.0000e+00	9.9140e-01	1.0000e+00	1.0000e+00	1.0000e+00	7.8935e-01
UP00235_1_Hoxc11_3718.2	1.0000e+00	1.0000e+00	1.0000e+00	1.0000e+00	1.0000e+00	1.0000e+00	9.9244e-01
UP00236_1_Irx2_0900.3	1.0000e+00	1.0000e+00	1.0000e+00	1.0000e+00	1.0000e+00	1.0000e+00	4.0907e-01
UP00237_1_Otp_3496.1	1.0000e+00	1.0000e+00	1.0000e+00	1.0000e+00	1.0000e+00	1.0000e+00	9.3730e-01
UP00238_1_Nkx6-3_3446.1	1.0000e+00	1.0000e+00	9.2528e-01	1.0000e+00	1.0000e+00	1.0000e+00	9.2878e-01
UP00239_1_Obox2_3438.2	1.0000e+00	1.0000e+00	9.3610e-01	1.0000e+00	1.0000e+00	1.0000e+00	4.0907e-01
UP00240_1_Cdx1_2245.1	1.0000e+00	1.0000e+00	1.0000e+00	1.0000e+00	1.0000e+00	1.0000e+00	9.1256e-01
UP00241_1_Hoxd3_1742.2	1.0000e+00	1.0000e+00	9.1934e-01	1.0000e+00	1.0000e+00	1.0000e+00	6.7211e-01
UP00242_1_Hoxc8_3429.2	1.0000e+00	1.0000e+00	6.0207e-01	1.0000e+00	1.0000e+00	1.0000e+00	7.3659e-01
UP00243_1_Isx_3445.1	1.0000e+00	1.0000e+00	1.0000e+00	1.0000e+00	1.0000e+00	1.0000e+00	5.0730e-01
UP00244_1_Tlx2_3498.2	1.0000e+00	1.0000e+00	7.1754e-01	1.0000e+00	1.0000e+00	1.0000e+00	9.1256e-01
UP00245_1_Hoxc10_2779.2	1.0000e+00	1.0000e+00	1.0000e+00	1.0000e+00	1.0000e+00	1.0000e+00	1.0000e+00
UP00246_1_Hoxa11_2218.1	1.0000e+00	1.0000e+00	1.0000e+00	1.0000e+00	1.0000e+00	1.0000e+00	9.3730e-01
UP00247_1_Pax4_3989.2	1.0000e+00	1.0000e+00	1.0000e+00	1.0000e+00	1.0000e+00	1.0000e+00	9.9204e-01
UP00248_1_Pax7_3783.1	1.0000e+00	1.0000e+00	1.0000e+00	1.0000e+00	1.0000e+00	1.0000e+00	9.2878e-01
UP00249_1_Nkx2-5_3436.1	1.0000e+00	1.0000e+00	8.5599e-01	1.0000e+00	1.0000e+00	1.0000e+00	8.7916e-01
UP00250_1_Irx5_2385.1	1.0000e+00	1.0000e+00	1.0000e+00	1.0000e+00	1.0000e+00	1.0000e+00	4.0907e-01
UP00251_1_Esx1_3124.2	1.0000e+00	1.0000e+00	8.3607e-01	1.0000e+00	1.0000e+00	1.0000e+00	6.7211e-01
UP00252_1_Hoxc5_2630.2	1.0000e+00	1.0000e+00	1.0000e+00	1.0000e+00	1.0000e+00	1.0000e+00	7.9996e-01
UP00253_1_Rax_3443.1	1.0000e+00	1.0000e+00	1.0000e+00	1.0000e+00	1.0000e+00	1.0000e+00	8.3342e-01
UP00254_1_Pou2f1_3081.2	1.0000e+00	1.0000e+00	7.9861e-01	1.0000e+00	1.0000e+00	1.0000e+00	9.6125e-01
UP00255_1_Dbx1_3486.1	1.0000e+00	1.0000e+00	3.9745e-01	1.0000e+00	1.0000e+00	1.0000e+00	6.7211e-01
UP00256_1_Lhx6_2272.1	1.0000e+00	1.0000e+00	8.1964e-01	1.0000e+00	1.0000e+00	1.0000e+00	7.6438e-01
UP00257_1_Shox2_2641.2	1.0000e+00	1.0000e+00	1.0000e+00	1.0000e+00	1.0000e+00	1.0000e+00	9.3730e-01
UP00258_1_Tgif2_3451.1	1.0000e+00	1.0000e+00	1.0000e+00	1.0000e+00	1.0000e+00	1.0000e+00	9.6653e-01
UP00259_1_Hoxb6_3428.2	1.0000e+00	1.0000e+00	2.4543e-01	1.0000e+00	1.0000e+00	1.0000e+00	8.7916e-01
UP00260_1_Hoxc6_3954.2	1.0000e+00	1.0000e+00	1.0000e+00	1.0000e+00	1.0000e+00	1.0000e+00	9.3730e-01
UP00261_1_Lhx4_1719.2	1.0000e+00	1.0000e+00	9.2528e-01	1.0000e+00	1.0000e+00	1.0000e+00	5.0730e-01
UP00262_1_Lhx1_2240.2	1.0000e+00	1.0000e+00	1.0000e+00	1.0000e+00	1.0000e+00	1.0000e+00	9.7395e-01
UP00263_1_Hoxb8_3780.2	1.0000e+00	1.0000e+00	1.0000e+00	1.0000e+00	1.0000e+00	1.0000e+00	9.6653e-01
UP00264_1_Hoxa1_3425.1	1.0000e+00	1.0000e+00	1.0000e+00	1.0000e+00	1.0000e+00	1.0000e+00	6.7211e-01
UP00265_1_Pitx3_3497.2	1.0000e+00	1.0000e+00	7.8664e-01	1.0000e+00	1.0000e+00	1.0000e+00	8.1392e-01
UP00266_1_Prrx1_3442.1	1.0000e+00	1.0000e+00	1.0000e+00	1.0000e+00	1.0000e+00	1.0000e+00	8.6439e-01
UP00267_1_Otx2_3441.1	1.0000e+00	1.0000e+00	1.0000e+00	1.0000e+00	1.0000e+00	1.0000e+00	9.6653e-01
UP00391_1_Hoxa3_primary	1.0000e+00	1.0000e+00	1.0000e+00	1.0000e+00	1.0000e+00	1.0000e+00	9.6653e-01
UP00406_1_Spdef_primary	2.4714e-48	7.6980e-07	1.0000e+00	5.0680e-53	2.3155e-05	2.0221e-05	5.1582e-01
UP00407_1_Elf3_primary	1.0000e+00	1.0000e+00	6.8558e-01	1.0000e+00	1.0000e+00	1.0000e+00	7.8935e-01
UP00408_1_Gabpa_primary	9.5701e-197	2.4020e-22	1.0000e+00	1.8391e-212	1.0439e-05	2.0628e-28	9.9244e-01
ZBTB46_hand	2.2302e-122	7.5560e-27	3.7847e-01	1.5689e-142	3.3339e-09	2.6987e-19	8.1661e-01
klf4_homer	0.0000e+00	0.0000e+00	9.8754e-02	0.0000e+00	2.7385e-69	5.4419e-138	4.0102e-01
novel_est_irf	1.0000e+00	1.0000e+00	2.2426e-02	1.0000e+00	1.0000e+00	1.0000e+00	2.8689e-01
novel_est_irf_trim0.5	1.0000e+00	1.0000e+00	2.8451e-01	1.0000e+00	1.0000e+00	1.0000e+00	4.0907e-01
novel_irf_est_irf	1.0000e+00	1.0000e+00	3.7578e-02	1.0000e+00	1.0000e+00	1.0000e+00	1.9532e-01
novel_irf_est_irf_trim0.5	1.0000e+00	1.0000e+00	6.5741e-04	1.0000e+00	1.0000e+00	1.0000e+00	1.7451e-01
novel_irf_ets	1.0000e+00	1.0000e+00	1.3286e-01	1.0000e+00	1.0000e+00	1.0000e+00	1.8855e-01
novel_irf_ets_trim0.5	1.0000e+00	1.0000e+00	1.6116e-01	1.0000e+00	1.0000e+00	1.0000e+00	4.0550e-01
novel_pu1	1.0000e+00	2.1507e-01	1.5895e-02	1.0000e+00	1.7370e-03	1.0000e+00	1.8417e-01
novel_pu1_trim0.5	9.5892e-16	4.0134e-12	2.5948e-03	6.2233e-23	4.3169e-09	5.0167e-06	1.8855e-01
