	all	with	with_clust1	with_clust2	with_clust3	with_clust4	with_clust5	wo	wo_clust1	wo_clust2	wo_clust3	wo_clust4	wo_clust5
UP00079_1_Esrra_primary	0.998598837942	0.999999494311	0.882930642273	0.91910732438	0.894480456143	0.999942732017	0.990459190667	0.490207219526	0.812085309663	0.869468930724	0.082538216371	0.57008907575	0.110381008095
MA0258.2.ESR2	1.62033966398e-13	9.6823629812e-11	0.0146404454676	0.00395121772948	0.000842776649717	0.00178275005282	0.0109921010042	2.48200425428e-05	0.278810805411	0.728610290157	0.253369318466	0.262574965952	7.68315342361e-05
UP00116_1_Rhox6_4251.1	1.0	0.999999999913	0.999998390381	0.999999924475	0.999999993869	1.0	0.999755275292	1.0	0.999999483018	0.999884967923	0.999997296946	0.999983006042	0.999999321688
UP00104_1_Hmx1_3423.1	1.0	0.999999999712	0.999769421115	0.99948043801	0.999999805504	1.0	0.999991932264	1.0	0.947341937386	0.999901678082	0.999811097124	0.99993519882	0.999976434542
MA0152.1.NFATC2	1.0	0.999999999642	0.999802374268	0.999806673163	0.99999999229	0.999999999919	0.988741560686	0.999968723303	0.994877830817	0.969638917681	0.8287305849	0.999998020063	0.866165259957
UP00228_1_Bapx1_2343.1	1.0	1.0	0.999424203373	0.99999999973	0.999997129774	1.0	0.999971536423	1.0	0.999755615772	0.999997734719	0.996146527593	0.99999854099	0.999838633019
MA0498.1.Meis1	0.435737132817	0.982052721255	0.996665419167	0.645599815755	0.862049103944	0.752904821243	0.530231953806	0.000353817821846	0.414923545698	0.123758434449	0.27116923287	0.163302710548	0.000881825956578
MA0163.1.PLAG1	0.0	0.0	5.50093516721e-40	6.91817288307e-62	1.47334197062e-59	7.92792971473e-117	3.08303821687e-71	1.59344137675e-128	2.09851819885e-35	1.15497879784e-16	1.25936481678e-24	2.36698069422e-30	1.24389449089e-30
MA0078.1.Sox17	1.0	1.0	0.948328820033	0.998799269086	0.999119676298	0.999999999867	0.999858055665	0.929044619022	0.750719815851	0.974761474503	0.912665890478	0.946934523777	0.236119564231
MA0137.3.STAT1	3.95931746669e-09	0.0249130312582	0.219952751185	0.18884336956	0.0597270781501	0.889927369282	0.0611810108077	4.90506048228e-08	0.360077562903	0.112158626959	0.0109956156619	0.000481552862525	8.82680417892e-08
UP00107_1_Nkx2-4_3074.1	1.0	0.999999999836	0.99970866113	0.999999865081	0.999999245776	1.0	0.999977252544	1.0	0.970461924323	0.998763994611	0.998429291639	0.999999801971	0.99998151597
MA0156.1.FEV	1.23539387939e-173	5.39541973015e-41	2.07666793375e-05	0.00186198043189	1.52753265582e-18	2.55926280965e-11	6.69970743913e-15	8.0131717377e-155	1.82325026434e-08	9.11909996942e-07	1.59917958549e-31	1.20131237583e-27	5.24923719776e-88
MA0111.1.Spz1	1.0	0.999999999015	0.998823178036	0.993100972089	0.999681226173	0.999893634348	0.999078547453	1.0	0.958593953968	0.996563432346	0.980114326665	0.995947886729	0.99999787176
UP00106_1_Vax2_3500.1	1.0	1.0	0.999998238675	0.999999762676	0.999999735525	1.0	0.997456532124	1.0	0.999949923171	0.995173507484	0.999990479068	0.99999066656	0.999992595761
MA0528.1.ZNF263	0.0	2.47066952114e-241	1.21190345745e-27	5.88771464731e-44	7.812715144e-49	1.73101618496e-96	2.61040459692e-45	1.3868237861e-130	2.47341294314e-45	6.9452105068e-20	3.77307474653e-21	4.36911537663e-25	8.82484900985e-36
UP00051_1_Sox8_primary	1.0	0.999999999991	0.99999999998	0.999999999912	0.999999999644	1.0	1.0	1.0	1.0	0.999999999967	0.999999992084	0.999999999679	0.999999999807
UP00257_1_Shox2_2641.2	1.0	1.0	0.999952942768	0.999999910594	0.999999838054	1.0	0.999999307883	1.0	0.999988198226	0.99997513194	0.999996290692	0.999999582921	0.999999999923
MA0063.1.Nkx2-5	1.0	1.0	1.0	0.99999999973	0.999999999734	1.0	1.0	1.0	1.0	0.999999985711	0.999999999776	0.999999999655	1.0
UP00250_1_Irx5_2385.1	1.0	1.0	0.999999999643	0.999999999848	0.999999999683	1.0	1.0	1.0	1.0	0.999999969539	0.999999999787	1.0	1.0
UP00004_1_Sox14_primary	1.0	1.0	1.0	0.999999999922	0.999999999712	1.0	1.0	1.0	1.0	0.999999999911	0.999999999736	0.999999999989	1.0
UP00206_1_Hoxb7_3953.1	1.0	1.0	0.999999999811	0.999999999938	0.999999999875	1.0	0.999999999498	1.0	0.999999999837	0.999999999938	0.999999866653	0.999999998761	1.0
UP00075_1_Sox15_primary	1.0	1.0	0.999999999884	0.999999999876	0.999999999874	1.0	0.999999993193	1.0	0.999997659813	0.999820797033	0.997657371395	0.999999971658	0.979829153034
UP00226_1_Mrg1_2246.2	1.0	1.0	0.999642233832	0.998371320415	0.999094504813	0.999629526343	0.979665652495	0.999996446172	0.981830399164	0.934673563045	0.999482667571	0.911289207102	0.995047639304
MA0470.1.E2F4	0.0	0.0	6.79011147096e-99	1.68561244219e-140	9.26118851716e-198	0.0	1.1362784215e-134	0.0	2.16661489189e-115	4.20251263624e-50	5.51052783378e-67	5.80767180416e-128	2.04801888919e-116
MA0499.1.Myod1	4.67641606845e-61	6.66913666583e-30	0.00705992566694	5.83106325842e-07	1.72283055856e-14	6.84361770927e-09	7.64070838864e-10	1.65573475722e-29	0.00103589180144	0.000363466732828	2.64964652743e-05	8.09013075128e-06	3.00349111579e-17
MA0472.1.EGR2	0.0	0.0	1.09682579729e-81	9.34743463492e-91	3.37281058639e-91	8.17707451279e-220	5.99557237793e-90	3.41654490821e-256	1.27506511286e-45	1.88643115666e-33	3.24328393379e-32	3.2355366529e-78	3.13071193179e-74
UP00023_1_Sox30_primary	1.0	1.0	0.999994426469	0.999964849515	0.99999851228	0.999999999951	0.999606618122	0.999632164701	0.99889881808	0.999443091676	0.7295053869	0.999776792314	0.212469079693
MA0019.1.Ddit3::Cebpa	1.0	1.0	0.994449476924	0.999999999431	0.999999931013	1.0	0.999518176141	1.0	0.999998867868	0.809874369254	0.996211751115	0.999974722541	0.999998875987
UP00244_1_Tlx2_3498.2	1.0	1.0	1.0	0.999999999874	0.999999999769	1.0	1.0	1.0	1.0	0.999999999971	0.999999999878	0.999999999906	1.0
UP00159_1_Six2_2307.2	1.0	0.999999999913	0.999543559147	0.999999999619	0.9999999998	1.0	0.99999426434	1.0	1.0	0.999938022962	0.999361654716	0.999999932108	0.999997751274
UP00100_1_Gata6_primary	1.0	1.0	0.999983741022	0.999263306906	0.999770457664	1.0	0.971725761539	0.9999818433	0.985120128353	0.951662134853	0.844799349048	0.997334733495	0.982321759873
MA0072.1.RORA_2	1.0	0.999999999796	0.999824053715	0.99999967512	0.999585775436	1.0	0.999919544378	1.0	0.998279273868	0.984175407849	0.99945019866	0.999981719464	0.991295574297
MA0485.1.Hoxc9	1.0	0.999999999984	0.999986419383	0.999999999822	0.99999935972	1.0	0.999997707623	1.0	0.999999995722	0.999920688144	0.997786078754	0.992175632273	0.941765078415
UP00183_1_Hoxa13_3126.1	1.0	1.0	0.999994973289	0.999999961515	0.99999927776	1.0	0.999994999172	1.0	0.994468419131	0.997496868896	0.993336795729	0.999994867761	0.983372293195
UP00253_1_Rax_3443.1	1.0	0.9999999996	0.992535272363	0.999292354212	0.992262206161	0.999995240554	0.997616365379	0.999999763481	0.998423744975	0.993367478455	0.99917479054	0.919652346675	0.977888900681
UP00238_1_Nkx6-3_3446.1	1.0	1.0	0.999999999987	0.999999999895	0.999999999805	1.0	1.0	1.0	0.99999999965	0.999999998175	0.999999999659	1.0	0.99999999991
UP00201_1_Emx2_3420.1	1.0	1.0	0.998003915831	0.999849198646	0.9574810368	0.999999996472	0.99220616934	0.999949060546	0.989538273862	0.995261306176	0.940711240609	0.997538734702	0.893698328823
UP00230_1_Dlx5_3419.2	0.999999998101	0.999999992268	0.949975828481	0.999236548451	0.980245155944	0.999912376735	0.984949406304	0.999270202645	0.949954162486	0.91869721345	0.632808979141	0.993310975662	0.887428367364
UP00168_1_Hoxd8_2644.1	1.0	1.0	1.0	0.999999999861	0.99999999989	1.0	1.0	1.0	1.0	0.999999999941	0.999999999796	0.99999999978	1.0
UP00391_1_Hoxa3_primary	1.0	1.0	0.999996582182	0.999999999597	0.999999984489	1.0	0.999994379921	1.0	0.999999979423	0.997840678074	0.997460204591	0.999999886769	0.999999994131
MA0507.1.POU2F2	1.0	0.999999999258	1.0	0.99999999988	0.999999999791	1.0	0.999999999993	1.0	1.0	0.999999998856	0.999999999917	1.0	1.0
MA0599.1.KLF5	0.0	0.0	4.40844917763e-176	1.6152471719e-236	4.72326757424e-321	0.0	5.44761209287e-290	0.0	4.9060043333e-148	5.70897403175e-77	2.76316275734e-132	2.89783473058e-267	1.2315567141e-223
E2A-Homer	9.41865808741e-134	1.87488675789e-61	0.000598406561587	8.85459492805e-08	5.99947297744e-31	1.07272316265e-15	2.2171372856e-15	3.40723004539e-75	1.69846407998e-08	1.24194820079e-05	3.57623645399e-15	1.33249672948e-15	2.82511690353e-38
UP00182_1_Hoxa6_1040.1	1.0	1.0	0.999996418957	0.999999999887	0.999999999517	1.0	1.0	1.0	0.999997897455	0.999960754604	0.999940523995	0.999999999878	0.999999994173
UP00099_1_Ascl2_primary	3.4024597818e-70	5.45404061411e-40	0.00562184577417	1.30952492353e-11	2.73302310867e-12	1.56160939456e-11	6.98817357644e-14	3.60635875926e-34	0.000396109289607	9.3368302531e-07	2.74197234644e-06	1.06219796935e-06	1.29312063063e-15
MA0600.1.RFX2	4.08726627331e-46	4.1378900159e-24	0.021496929314	0.00041106154126	4.82073067084e-08	3.25705914068e-13	1.78891663934e-05	1.68895580787e-24	0.00841015460548	0.0170648600169	1.46164557689e-08	7.30246369549e-11	6.9472180203e-09
UP00078_1_Arid3a_primary	1.0	0.999999999948	1.0	0.999999999818	0.999999999899	1.0	1.0	1.0	1.0	0.999999844833	0.99999999981	0.999999999948	0.999999999789
UP00080_1_Gata5_primary	1.0	1.0	0.999997110098	0.999863009034	0.996305495509	0.9999999972	0.991201025647	0.999994974933	0.999961667833	0.988965336911	0.765027458209	0.999737233648	0.729079245839
UP00249_1_Nkx2-5_3436.1	1.0	0.999999999573	0.99970866113	0.99999979216	0.999999989435	1.0	0.999678426735	1.0	0.999871627946	0.997281702561	0.998839089795	0.999996912064	0.999998694884
UP00008_3_Six6_2267.4	1.0	1.0	0.999929696461	0.999999999774	0.999999999734	1.0	0.999999998849	1.0	1.0	0.999998945659	0.999994356665	1.0	0.999999567818
UP00024_1_Glis2_primary	7.71070692979e-17	1.74158022076e-15	0.000678548723791	1.76810054185e-06	0.000438090174685	4.70147198533e-05	7.50358108788e-05	0.00183539342144	0.0288142561114	0.661797309041	0.0681109272849	0.0846650034271	0.293357782558
UP00025_1_Foxk1_primary	1.0	0.999999999718	1.0	0.999999999883	0.999999999806	1.0	0.999999999974	1.0	1.0	0.999999227406	0.999999999779	0.999999999864	1.0
MA0500.1.Myog	7.18609832214e-114	1.81264446378e-57	0.000231150482402	3.05528809525e-08	1.66335932227e-29	8.50711663207e-14	1.39625891652e-18	6.09021221416e-60	1.1277209749e-07	2.80265005951e-05	5.35490242593e-15	1.39534658166e-11	2.66944022055e-25
MA0461.1.Atoh1	7.63151165776e-66	7.03229658765e-26	3.6509928535e-05	0.000176878463163	1.04281484829e-11	7.69625879452e-05	4.20007543603e-09	1.54918835349e-40	0.00111868353174	3.32197159268e-05	8.45209223033e-10	7.21278883995e-10	1.66342905286e-18
MA0161.1.NFIC	1.0	1.0	1.0	1.0	1.0	1.0	1.0	1.0	1.0	1.0	1.0	1.0	1.0
MA0035.3.Gata1	1.0	0.999999999704	0.999999992606	0.999973353494	0.999980543315	1.0	0.998838847548	0.999999408412	0.999819421742	0.958506452427	0.714945098774	0.998639959191	0.969022103387
UP00248_1_Pax7_3783.1	1.0	1.0	0.999998889794	0.999999999768	0.99999999981	1.0	1.0	1.0	0.999999893088	0.999999510237	0.999999990719	0.99999999985	0.999999999839
UP00089_3_Tcf1_2666.2	1.0	0.999999999966	0.999872452006	0.999977805187	0.999999610504	0.999999996218	0.999999990029	1.0	0.99999692663	0.999831455105	0.992235297064	0.998656790593	0.998139807316
MA0029.1.Mecom	1.0	0.999999999622	1.0	0.999999999856	0.999999999685	0.999999999971	1.0	1.0	0.999999999781	0.999996722401	0.999998872314	0.999999999963	0.999999999933
UP00406_1_Spdef_primary	3.421861205e-67	1.03556025357e-26	0.0125312079248	0.0879682867683	2.85970617928e-13	7.70170048204e-09	5.03769721135e-06	2.26977677299e-51	0.000150288722166	0.0173571027027	4.60844178742e-12	7.96434832488e-19	3.48897273421e-20
UP00047_1_Zbtb7b_primary	2.76226402206e-18	2.78515657389e-16	1.50320244078e-05	3.28058288431e-05	0.0145996724614	3.2393947658e-07	2.06605545137e-05	0.00323973428757	0.0069546238413	0.485895298283	0.879328903857	0.0934602645357	0.0338781701931
MA0521.1.Tcf12	4.76402867928e-92	5.89821040809e-43	0.00325947595559	3.33273400118e-05	7.06804672098e-24	4.57695043848e-10	3.76367760998e-18	1.44394172153e-51	6.59582413474e-07	0.000363466732828	1.91488700205e-13	1.64228486239e-10	1.75679835484e-21
UP00267_1_Otx2_3441.1	1.0	0.999999999982	0.999975690271	0.998944884822	0.999675345433	0.999963004871	0.999740545444	1.0	0.99987994063	0.8664832166	0.865129721252	0.996793028005	0.999988485025
UP00030_1_Sox11_primary	1.0	1.0	0.999999995495	0.999999810638	0.999999924406	1.0	0.999999807395	0.999999664249	0.9999800397	0.645642435807	0.972193263815	0.999998756283	0.905053938832
UP00018_1_Irf4_primary	0.959295355402	0.984196807715	0.798035992955	0.840956034454	0.508340362274	0.757385230246	0.998851030082	0.441801769571	0.538210414394	0.439462425245	0.48811576241	0.675735897661	0.27139780781
UP00084_1_Gmeb1_primary	1.37951126174e-33	2.24206118972e-15	0.00399140677058	0.374607898854	2.1463190824e-05	9.09862331642e-10	0.00437485104	4.03777354868e-18	0.00255171472353	0.000959134994788	0.0109365303611	2.42539173594e-05	0.000423841683556
MA0150.2.Nfe2l2	3.49467367688e-87	4.66308535264e-14	0.0192781981092	0.382473004488	2.13636590495e-06	0.00172705250128	4.01882438247e-16	6.77621018986e-91	3.7001486036e-05	0.00124095969609	2.17185598958e-17	1.79859338641e-11	1.89705693204e-71
MA0018.2.CREB1	2.73838534387e-10	0.0473167951419	0.181782201799	0.183041307	0.00113015953518	0.0920227265932	0.854332528994	1.68674193299e-10	0.116054380017	0.0117201219739	0.0574977018057	2.99437611148e-05	5.64511409627e-05
UP00081_1_Mybl1_primary	0.0013037603502	0.0743296044179	0.196724637019	0.628222099666	0.216868440851	0.0506553383531	0.717258642828	0.000802863675318	0.654875956468	0.802254219747	0.348916337853	0.0308426028025	0.003899502374
MA0067.1.Pax2	9.20394858379e-191	1.82806250149e-104	6.16817022007e-14	2.58758327868e-14	1.97301687552e-24	1.28198952703e-43	1.06783772108e-15	1.67099347883e-86	4.40718961345e-10	2.83807833812e-10	2.1218949514e-16	4.22951184067e-25	2.21463596096e-33
UP00155_1_Hmx2_3424.3	1.0	1.0	0.999994830945	0.999999995826	0.999999999637	1.0	0.999999999939	1.0	0.999998857127	0.999999994004	0.999999526001	0.999999999589	0.999999125932
MA0068.1.Pax4	1.0	0.99999999991	0.99950379748	0.999950412139	0.999998848316	0.999999441338	0.999994070506	1.0	0.919652773536	0.991377221947	0.990532212565	0.999485722382	0.999938530117
UP00041_1_Foxj1_primary	1.0	1.0	1.0	0.999999999949	0.99999999977	1.0	1.0	1.0	1.0	0.999999977926	0.999999999744	0.99999999974	0.999999999832
UP00142_1_Uncx4.1_2281.2	1.0	1.0	0.999964800408	0.99999939187	0.999999999473	1.0	0.999999981622	1.0	0.999999999747	0.999963602842	0.999999979121	0.99999929974	0.999999999867
MA0122.1.Nkx3-2	1.0	0.999999998796	0.952441633362	0.999334107629	0.99942133834	0.999975841742	0.936240490826	0.997231869134	0.998508329916	0.963868241315	0.983725577429	0.168071282634	0.960267456879
UP00003_1_E2F3_primary	2.29130410331e-299	8.1495385103e-197	3.33889217544e-22	9.36377393318e-28	2.69351348628e-37	1.2758067363e-82	1.86127206867e-26	2.21502947729e-111	7.7031851254e-39	5.22212629025e-07	5.88340778955e-24	2.40084026178e-47	1.63656038394e-17
MA0095.2.YY1	1.0	0.999999999758	0.999999170753	0.999803638326	0.940416272842	0.99936579166	1.0	0.995422424193	0.114902027307	0.996808253952	0.856401141693	0.682907439589	0.99692376007
UP00243_1_Isx_3445.1	0.999999830628	0.999997903877	0.996803862954	0.994631128333	0.867085546207	0.999059940548	0.982226531644	0.9925090439	0.99140969565	0.924388325433	0.784481212264	0.583334988227	0.817422022915
UP00035_1_Hic1_primary	0.991333788252	0.874475858682	0.613852924986	0.422663984145	0.211704650373	0.967740565835	0.873566409812	0.939221907343	0.85341064589	0.976001466758	0.491800845888	0.991203312922	0.381607709258
UP00160_1_Obox3_3439.1	1.0	0.999999999912	0.999547802293	0.999989902066	0.999998865392	0.999997403728	0.891168167607	1.0	0.999991469007	0.728059994532	0.996390205811	0.999661576883	0.999999942032
UP00147_1_Nkx2-6_3437.1	1.0	1.0	0.999977638014	0.999999909709	0.999999788044	1.0	0.994414223827	1.0	0.993670289323	0.999862388806	0.914096624814	0.999999951407	0.998920126074
UP00097_1_Mtf1_primary	8.23952683037e-28	9.36095141865e-17	0.0413473526994	5.2682112848e-07	0.00366703585674	1.02172259706e-07	0.00103458160803	1.72754935033e-12	0.000543927309381	0.120257641352	1.38859697027e-05	3.71706923117e-06	0.00138091982323
UP00031_1_Zbtb3_primary	1.0	1.0	0.999999920235	0.999999999736	0.999999013745	1.0	0.999998704034	1.0	0.999999712127	0.999864647162	0.999935960247	0.999999996122	0.999999999867
UP00177_1_Hoxd12_3481.1	1.0	0.999999999606	0.999995055295	0.997478993853	0.999999213813	0.999999966783	0.999999780604	0.999999954474	0.999772675605	0.985348738854	0.999442209592	0.999820986515	0.982748167526
MA0492.1.JUND.var.2	1.7189504537e-18	0.211493188163	0.00822034862783	0.471934339822	0.0734473916763	0.462869263094	0.880354734708	1.1419683981e-26	0.00664179014892	0.00082505473978	1.79270237393e-09	1.72528529644e-05	1.10936928511e-14
MA0148.3.FOXA1	1.0	1.0	1.0	0.999999999881	0.999999999914	1.0	1.0	1.0	1.0	0.999032799293	0.999983511161	0.99999999979	0.999999828138
UP00064_1_Sox18_primary	1.0	1.0	1.0	0.999999999861	0.999999999845	1.0	1.0	1.0	1.0	0.999989188194	0.999761611414	0.999999999795	0.999999681624
UP00237_1_Otp_3496.1	1.0	1.0	0.999998880489	0.999999715615	0.99999999937	1.0	0.999999999816	1.0	0.999999997684	0.999901678082	0.999999908197	0.999998287388	0.999999999963
UP00029_1_Tbp_primary	1.0	0.999999999412	1.0	0.999999999863	0.999999999947	1.0	1.0	1.0	1.0	0.999999999955	0.999999999662	0.999999999716	1.0
UP00166_1_Barhl1_2590.2	1.0	1.0	0.999999999756	0.999999999826	0.999999999916	1.0	1.0	1.0	0.999999997185	0.999999350053	0.999977420777	0.999999986788	0.999999999926
UP00012_1_Bbx_primary	1.0	1.0	0.99999999997	0.999999999805	0.999999999734	1.0	1.0	1.0	1.0	0.999999999902	0.999998980305	0.999999999983	1.0
MA0041.1.Foxd3	1.0	1.0	1.0	0.999999999956	0.999999999961	1.0	1.0	1.0	1.0	0.999999999958	0.999999999935	0.999999999924	1.0
UP00240_1_Cdx1_2245.1	1.0	1.0	0.999999999651	0.999999999933	0.999999999762	1.0	1.0	1.0	1.0	0.999967667314	0.999999967572	0.99999999998	0.99999999991
MA0073.1.RREB1	1.61148531547e-151	3.67428376333e-116	2.60029672129e-15	2.73922302474e-27	1.20908053048e-22	1.88741445125e-39	6.69685242761e-25	2.4260342504e-47	5.24781193416e-14	1.31034007061e-10	1.40124942036e-07	3.80802762955e-09	1.67868026596e-09
UP00211_1_Pou3f3_3235.2	1.0	1.0	1.0	0.999999999919	0.99999999977	1.0	1.0	1.0	1.0	0.999999998034	0.999999999884	0.999999999898	1.0
UP00040_1_Irf5_primary	0.984985036742	0.923846866527	0.977142494319	0.739130203222	0.908721055078	0.230340907607	0.87968563939	0.831991029437	0.734690395849	0.991519756271	0.425053327378	0.802728516219	0.580122849912
MA0070.1.PBX1	1.0	0.999999999558	0.99999993415	0.999999999863	0.999999999795	1.0	0.999999999163	1.0	0.999973239049	0.818453587564	0.999992141425	0.9999997175	0.999478172207
UP00212_1_Lhx5_2279.1	1.0	0.999999999926	0.999999999995	0.999999999985	0.999999999667	1.0	1.0	1.0	0.999999999995	0.999999999736	0.999999999866	0.999999999971	0.999999999939
MA0077.1.SOX9	0.997616877091	0.999999998079	0.993387444508	0.847342075591	0.729288394731	1.0	0.629913777604	0.107604978963	0.634761971396	0.473433963278	0.500080328068	0.891506488948	0.000399017541923
UP00070_1_Gcm1_primary	3.08374797341e-27	1.77284409443e-18	1.58420312741e-06	0.00509081579173	2.99715215922e-08	2.79390002445e-05	0.00359900322664	6.48472767344e-12	0.30248595345	0.736649447363	0.0138035997523	0.000763120677062	2.57775867755e-08
UP00179_1_Pou2f3_3986.2	1.0	1.0	1.0	0.999999999971	0.999999999713	1.0	0.999999999958	1.0	1.0	0.999999955316	0.999999999804	0.999999999963	0.999999999869
UP00027_1_Osr1_primary	1.0	0.999994693896	0.998922086125	0.982132166102	0.843655082111	0.99997586668	0.743078255514	0.998945383289	0.977849910942	0.720885367	0.99740343094	0.984695478639	0.666452203956
MA0468.1.DUX4	1.0	1.0	0.999998691	0.999999999755	0.999999999672	1.0	0.999999999766	1.0	0.999998297578	0.99998115401	0.999573080052	0.999992565008	1.0
MA0007.2.AR	0.999873138546	0.999993133985	0.989173307663	0.974787206515	0.982937709675	0.995079242455	0.51737564213	0.827872798767	0.987062338662	0.164158156403	0.48688708963	0.999298010756	0.34611321729
UP00073_1_Foxa2_primary	1.0	1.0	1.0	0.999999999814	0.99999999975	1.0	1.0	1.0	1.0	0.999993431838	0.999999999762	1.0	0.999999999927
UP00007_1_Egr1_primary	0.0	0.0	2.39433725588e-146	6.48672908108e-167	1.10417300262e-203	0.0	2.15476747246e-159	0.0	5.90207333963e-97	2.0188442665e-52	5.58645996496e-81	1.8442831098e-148	1.45797188952e-162
MA0114.2.HNF4A	6.97096746374e-06	0.00122178796367	0.141574371235	0.257279740822	0.00913445235358	0.218559087645	0.0540055187422	0.000560634047862	0.38549151432	0.0634347591706	0.0059247612818	0.484264153425	0.019710894696
MA0140.2.TAL1::GATA1	1.0	1.0	0.999992778094	0.999563583097	0.993748453233	0.99999953128	0.992389491424	0.983821534773	0.973937620901	0.999238633832	0.658540503403	0.872757055165	0.553100160404
UP00105_1_Pou3f4_3773.1	1.0	1.0	0.999999999959	0.999999999817	0.999999999737	1.0	1.0	1.0	1.0	0.999999999971	0.999999999847	0.999999999996	1.0
MA0132.1.Pdx1	1.0	1.0	1.0	1.0	1.0	1.0	1.0	1.0	1.0	1.0	1.0	1.0	1.0
MA0036.2.GATA2	1.0	0.999999999917	0.999999997051	0.999928770815	0.998289451351	1.0	0.999898709736	0.99999333244	0.99789450611	0.998125726208	0.774504689919	0.998897134508	0.921863280806
UP00252_1_Hoxc5_2630.2	1.0	0.999999999996	0.999999828541	0.999999999839	0.999999999975	1.0	0.999999999376	1.0	0.999999997799	0.999999905445	0.999999999755	0.999999999931	0.999999999958
UP00020_1_Atf1_primary	1.79247915977e-127	2.47585220629e-45	2.94020327031e-08	2.1287931366e-07	9.17555124135e-15	8.24555504069e-21	1.61533545747e-06	1.73323670018e-78	3.33385487811e-12	0.000162095601973	1.52837601654e-15	2.38156987199e-19	7.8213598716e-27
UP00171_1_Msx3_3206.1	1.0	1.0	1.0	0.999999999867	0.999999999745	1.0	1.0	1.0	1.0	0.999999784007	0.999999978319	1.0	0.999999999955
UP00010_1_Tcfap2b_primary	2.38864203413e-275	1.27848186858e-212	2.09314303093e-29	3.08051184761e-28	1.50957587225e-44	1.68910570276e-83	1.13341709794e-41	5.23668930791e-73	3.13696999308e-12	1.63479424977e-05	4.1314942042e-12	2.48894171024e-16	2.66776275471e-29
UP00069_1_Sox1_primary	1.0	1.0	1.0	0.999999999845	0.999999999914	1.0	0.99999999996	1.0	1.0	0.999999999899	0.999999996801	0.999999999918	1.0
UP00054_1_Tcf7_primary	1.0	1.0	0.999999999993	0.999999999926	0.999999999765	1.0	0.999999999956	1.0	1.0	0.999791177984	0.999666327122	0.999999999926	0.999970384576
MA0059.1.MYC::MAX	3.30768990465e-24	2.11137454948e-12	0.0113684206237	0.235863869499	6.0523181285e-07	0.000470469092868	0.0015909979195	5.58103652334e-14	0.0131140830046	0.0255624946892	2.43969006297e-05	1.79067079768e-05	0.000265642419592
UP00227_1_Duxl_1286.2	1.0	0.999999999974	0.999752988807	0.99989952934	0.999829641001	0.986590864287	0.996140905383	0.999538942325	0.970050153429	0.990831803106	0.965646254433	0.910970253084	0.953051874966
MA0597.1.THAP1	4.95769717989e-96	3.92878709653e-50	2.13966375248e-05	2.75605268641e-12	8.69661457214e-09	6.79284578234e-17	8.53488644994e-17	5.73977217683e-41	1.37337526805e-07	3.15869110368e-10	1.04875783989e-05	2.25293857844e-10	1.28751634919e-16
MA0099.2.JUN::FOS	0.0	1.16603430188e-140	7.3390549401e-17	1.32122021258e-12	6.98504700753e-62	8.68088944101e-23	5.10362475818e-57	0.0	1.17126085738e-15	2.25609761329e-10	3.4326149861e-74	1.50533387103e-66	0.0
MA0149.1.EWSR1-FLI1	1.0	0.99999999987	0.999999999986	0.999999999953	0.999999999678	1.0	1.0	1.0	1.0	0.999999999991	0.999999999905	0.999999999894	0.999999999946
UP00261_1_Lhx4_1719.2	1.0	0.999999999816	0.999716915937	0.999724325411	0.999999985121	1.0	0.999995115661	1.0	0.999983677161	0.999987276286	0.882766922392	0.999955946533	0.999993292954
MA0516.1.SP2	0.0	0.0	1.19471114832e-211	1.97626258336e-322	0.0	0.0	4.49126108354e-314	0.0	3.59568172174e-195	3.16145867454e-106	1.74314764632e-153	1.2598673969e-321	6.99401718487e-309
UP00192_1_Six1_0935.2	1.0	1.0	0.996429749312	0.99999938455	0.999999773686	1.0	0.999976261842	1.0	1.0	0.999981339412	0.962982604287	0.999998042883	0.999937504367
UP00203_1_Pknox1_2364.2	0.99998840462	0.999995932328	0.845641672833	0.881915652701	0.933260058535	0.987519807096	0.960380585264	0.896580272941	0.89323367558	0.2448579001	0.930549195879	0.808411878624	0.823519380217
UP00103_1_Jundm2_primary	2.56254021762e-111	5.94176052709e-41	6.84364428667e-07	5.55607682141e-06	2.51163076657e-11	1.04280164641e-19	6.7892443887e-08	2.20235952125e-73	3.29815375343e-10	2.0172182646e-06	3.622220642e-15	1.84610195311e-14	4.8372564694e-27
MA0490.1.JUNB	0.0	3.28539337641e-126	4.76414288702e-13	4.86333901536e-14	2.79188978147e-56	9.14272774997e-20	7.15982836264e-55	0.0	4.14991828303e-22	2.98453861307e-13	4.77174199306e-80	6.56954722662e-67	0.0
UP00185_1_Pbx1_3203.1	1.0	1.0	0.999999679029	0.999999999862	0.999999999717	1.0	1.0	1.0	0.999999999654	0.989313044268	0.999940466713	0.999999960643	0.999999555712
MA0527.1.ZBTB33	9.1169441978e-291	1.31484669965e-189	2.21434508288e-29	4.26399303442e-19	1.07009621695e-53	6.11316919958e-79	4.88256542495e-16	6.65807653778e-110	4.99667645931e-21	1.17149928258e-12	2.12032541341e-19	2.91011966193e-34	1.6428435195e-27
MA0105.3.NFKB1	0.0	0.0	9.14070103241e-27	1.02156629534e-32	3.05212321978e-122	6.55761713501e-100	9.17522873833e-122	1.12572303511e-81	0.00195821494609	9.83199313748e-11	6.05719893427e-14	6.1400132442e-14	1.48897377616e-53
UP00223_1_Irx3_0920.1	1.0	1.0	0.999999523272	0.999999999766	0.999999999868	1.0	1.0	1.0	1.0	0.99999908238	0.999999359671	0.999999999754	1.0
UP00164_1_Hoxa7_2668.2	1.0	1.0	0.999999109147	0.99999999988	0.999999999846	0.999999999883	0.999999999974	1.0	0.999999997832	0.999999928087	0.999999982807	0.999999999502	0.999999999909
UP00246_1_Hoxa11_2218.1	1.0	1.0	0.999999892181	0.999888249318	0.99999997775	1.0	0.999999882416	0.999999971775	0.999963597399	0.990164318381	0.99884626084	0.999947970876	0.946781842314
UP00264_1_Hoxa1_3425.1	1.0	0.999999999814	0.999999892425	0.999999999851	0.999999999192	1.0	0.999999998007	1.0	0.999998969553	0.999952493474	0.999999162587	0.999999998464	0.99999972418
UP00184_1_Lhx8_2247.2	0.350108199217	0.573978945631	0.617793163587	0.981273791593	0.353062831168	0.802488528111	0.129576671292	0.106778756813	0.571712561461	0.450579005337	0.47633379343	0.26040092834	0.175257122949
UP00123_1_Hlxb9_3422.1	1.0	0.999999999848	0.999997213558	0.998345180445	0.994080285041	0.999999999567	0.998314915916	1.0	0.999997903121	0.996621414611	0.984900168046	0.999883349794	0.999926616675
UP00191_1_Pou2f2_3748.1	1.0	1.0	1.0	0.999999999819	0.999999999832	1.0	1.0	1.0	1.0	0.999999987475	0.999999999754	0.999999999742	1.0
MA0040.1.Foxq1	1.0	0.99999999997	1.0	0.999999999847	0.999999999926	1.0	1.0	1.0	1.0	0.999998977195	0.999998504906	0.999999999813	1.0
MA0091.1.TAL1::TCF3	0.99913788561	0.999971916255	0.940134295555	0.992063204104	0.167436286162	0.999952768179	0.928186532169	0.601303521711	0.983656138614	0.736701948745	0.859757576396	0.890654054881	0.0828710530476
MA0027.1.En1	1.0	1.0	0.999543235207	0.999999249159	0.996364244606	0.999994362005	0.999751267129	1.0	0.999305149137	0.99441261162	0.996471491176	0.999955463375	0.999984313505
UP00195_1_Six3_1732.2	1.0	1.0	0.999906523079	0.999999999743	0.999999999739	1.0	0.999999998563	1.0	1.0	0.999974501814	0.999961410011	0.999999999748	0.999999985126
MA0136.1.ELF5	6.45793634605e-40	0.00125451257896	0.200115485473	0.77599639102	0.00525251501866	0.275186583365	0.00370911190041	3.87310835885e-58	0.0872505270915	0.0114942017271	9.25740026011e-11	4.75767524097e-10	8.75832180444e-40
MA0004.1.Arnt	1.0	1.0	1.0	1.0	1.0	1.0	1.0	1.0	1.0	1.0	1.0	1.0	1.0
MA0467.1.Crx	1.0	1.0	0.999918627815	0.999857204176	0.999999808421	0.999999998492	0.999701836613	1.0	0.99938109148	0.999401427995	0.981666252338	0.999999439996	0.999914658194
MA0476.1.FOS	0.0	6.055514035e-115	4.39625125892e-12	4.8450331169e-11	4.87347372466e-52	1.39495902693e-15	1.04619864969e-56	0.0	2.27774976093e-23	1.45253628162e-15	3.71899141227e-74	9.30610412774e-64	4.44224303489e-319
UP00098_1_Rfx3_primary	0.006163864224	0.122628272001	0.872714583589	0.954492260946	0.0468874486048	0.142255962282	0.0834061528825	0.000380055101299	0.394017466445	0.677803742071	0.345624359635	0.000146575585383	0.0205142029318
UP00154_1_Dlx3_1030.1	1.0	1.0	0.999999993707	0.999999992297	0.999999996412	1.0	0.999999999885	1.0	0.999999561028	0.999987514863	0.999376003939	0.999999961199	0.999999999775
UP00130_1_Lhx3_3431.1	1.0	1.0	1.0	0.99999999986	0.999999999626	1.0	1.0	1.0	1.0	0.999999999973	0.999999999894	0.999999999906	1.0
UP00120_1_Lbx2_3869.2	1.0	1.0	0.999915696366	0.999949963095	0.9999980397	1.0	0.999981725439	1.0	0.999941296568	0.999213338668	0.999999198053	0.999992338987	0.999997171756
UP00000_1_Smad3_primary	4.54675396128e-05	0.0110671104308	0.171399402346	0.151115203878	0.0107425294996	0.124908402425	0.0472120486637	0.0110606974258	0.237560771785	0.234797618048	0.0110302140707	0.470902076233	0.169971542563
MA0501.1.NFE2::MAF	4.44805444981e-53	0.00013182395761	0.455472547947	0.963952691231	0.001023692168	0.46822200992	1.3121065942e-12	1.94588736195e-74	3.77333486762e-06	0.0180153902939	3.34008593467e-14	6.85637453802e-08	6.39444475471e-52
UP00169_1_Lmx1b_3433.2	1.0	1.0	1.0	0.999999999926	0.99999999956	1.0	1.0	1.0	0.999999999974	0.999999999746	0.999999999766	0.999999999926	0.999999999967
MA0003.2.TFAP2A	6.43516367672e-272	3.84522131841e-206	3.54096367449e-22	3.0747428862e-28	1.97349848179e-49	3.83140134785e-70	1.40269348993e-54	2.42153410968e-71	1.71866127217e-16	2.53046752791e-08	4.34225430185e-11	1.26986267249e-19	2.74262143956e-25
MA0090.1.TEAD1	5.0879909536e-18	7.84482713467e-05	0.00433888863509	0.741836812921	9.66853637943e-05	0.0679662982269	0.826590012443	5.63924089887e-18	0.000800350458995	0.000178012445587	0.00018732173115	0.00896401952934	1.80733233671e-09
UP00115_1_Lhx2_0953.2	1.0	1.0	0.999985009949	0.998817019289	0.999974365431	1.0	0.999999675309	1.0	0.999999525871	0.999448889783	0.999430342524	0.99999494544	0.999996842433
MA0117.1.Mafb	2.04064626415e-172	1.91611898289e-60	8.11973078916e-08	3.34879561365e-07	3.24913153245e-21	5.46639647734e-19	1.12716037351e-16	7.03973930803e-113	7.83557618925e-16	2.55051076579e-05	3.05389701529e-15	5.92985687737e-41	4.56040199506e-44
UP00205_1_Pknox2_3077.2	0.655563162978	0.809870879989	0.829512223022	0.363149886129	0.479956307024	0.494384522265	0.469781245807	0.567616450437	0.905411580482	0.512768448884	0.728245844087	0.156119386865	0.222862582497
UP00251_1_Esx1_3124.2	1.0	1.0	0.999994973289	0.999999999786	0.99999999664	1.0	0.999999995661	1.0	0.999999924753	0.999997730664	0.999999998775	0.999999996973	0.999999999862
MA0511.1.RUNX2	0.999999826243	0.999998741479	0.962825630553	0.996456085217	0.977330861614	0.998927598926	0.950091848256	0.979665269158	0.993004440211	0.996739023156	0.967563608961	0.791508187807	0.393934403526
UP00125_1_Pitx2_2274.3	1.0	1.0	0.999997509388	0.999999342555	0.999986247999	0.99999597114	0.999989290841	1.0	0.999664024233	0.962891035615	0.849750053927	0.987886922683	0.999999961381
UP00036_1_Myf6_primary	0.196207438161	0.289662064339	0.951969509681	0.0329741354828	0.00447445126964	0.970249401238	0.160286993162	0.171987998745	0.94069276283	0.193841144767	0.375690975956	0.953529005893	0.0858194092651
UP00093_1_Klf7_primary	0.0	0.0	1.30775285872e-111	2.06579888142e-156	4.36271663696e-212	0.0	2.4570343978e-194	0.0	2.26391778716e-99	1.3350281664e-50	6.27988597191e-80	2.5243800394e-197	4.02357019221e-177
MA0495.1.MAFF	1.0	1.0	0.999637235147	0.99999931279	0.999999999658	1.0	0.998200851527	0.999999953467	0.999356949349	0.997653263148	0.920390234351	0.993410193525	0.997517037868
MA0522.1.Tcf3	8.92667301924e-100	1.33182338119e-53	0.000993571955103	3.09827329222e-07	7.91487358755e-26	2.07684019761e-14	3.60142885118e-17	5.67468575388e-49	3.93273187881e-05	2.41945194838e-05	7.3617577154e-10	2.55478613174e-09	1.49820935242e-27
UP00037_1_Zfp105_primary	1.0	1.0	1.0	0.999999999896	0.999999999806	1.0	1.0	1.0	1.0	0.999999999943	0.999999999767	0.999999999876	0.999999999992
UP00096_1_Sox13_primary	1.0	1.0	1.0	0.999999999791	0.999999999822	1.0	1.0	1.0	1.0	0.999999998306	0.999935960247	0.99999999999	0.999999959967
UP00233_1_Meox1_2310.2	1.0	0.999999999898	0.999938990624	0.99999999983	0.999999999556	1.0	0.999999963187	1.0	0.999993083377	0.999824531572	0.999446019518	0.999999998029	0.999518169444
MA0483.1.Gfi1b	1.0	1.0	0.999999882943	0.999912553111	0.99999996084	1.0	0.999999990923	1.0	0.997675583548	0.999984388247	0.981161549715	0.999997368152	0.998605563849
UP00067_1_Lef1_primary	1.0	0.999999999864	0.999218240466	0.999814393295	0.999967432703	1.0	0.998837627719	1.0	0.998870659886	0.650644645356	0.982895744077	0.999999729574	0.999314806784
UP00071_1_Sox21_primary	1.0	1.0	1.0	0.999999999817	0.999999999837	1.0	1.0	1.0	1.0	0.999999999977	0.999999999766	0.999999999828	0.999999999808
UP00188_1_Lmx1a_2238.2	1.0	0.999999999569	0.999999999981	0.999999999931	0.999999999706	1.0	0.999999999977	1.0	1.0	0.999999999968	0.999999999812	1.0	1.0
IRF8_ISRE_KANNO	1.0	1.0	0.999998282718	0.999971040566	0.999997598946	0.999999993712	0.999799294143	1.0	0.999916047005	0.951652324399	0.803445007599	0.999903233059	0.999996939754
MA0038.1.Gfi1	1.0	1.0	0.999880664843	0.999767468617	0.988230455696	0.9999997473	0.959971802135	0.98493480796	0.81949720853	0.999229678113	0.407362214594	0.999676316355	0.216730274069
UP00234_1_Msx1_3031.2	0.999999999939	1.0	0.999999559216	0.99999987865	0.999999999622	1.0	1.0	1.0	0.999999974711	0.999964318298	0.999999822395	0.999999999701	1.0
MA0595.1.SREBF1	0.99965997458	0.999993784795	0.999978479665	0.867891326419	0.894695391258	0.989830405461	0.899520913718	0.864563045338	0.247362279136	0.591195431008	0.900057351306	0.190933213693	0.975100694377
MA0133.1.BRCA1	1.0	0.999999997775	0.999872452006	0.999918231402	0.937852194543	0.999674766033	0.998870285673	0.992045248351	0.99686527187	0.91869721345	0.869723863372	0.998632877327	0.45523528805
MA0056.1.MZF1_1-4	1.14335376582e-253	3.41367341403e-195	6.24212171242e-21	9.71775452788e-28	2.05525491214e-45	8.59417927208e-53	4.87969819442e-57	2.54148690658e-73	1.58343415176e-13	8.13831718459e-10	9.64879465005e-15	3.69995182554e-12	1.16872420665e-29
MA0478.1.FOSL2	1.25425510702e-235	2.82776213451e-27	0.000202220062691	0.02934716371	1.91562799518e-18	0.0146216159426	3.00595344781e-22	3.78563844583e-262	5.46218044797e-09	1.12448139455e-06	2.45122998839e-43	7.56422330208e-31	2.45890132011e-209
MA0592.1.ESRRA	0.0488773404873	0.708140593755	0.852258095678	0.402402928467	0.557834768303	0.865965781693	0.222094142812	0.000459796944567	0.669785243541	0.270339131732	0.0075366188026	0.196218905002	6.16758971726e-06
MA0164.1.Nr2e3	0.999990070627	0.999999463179	0.91577603846	0.995140758175	0.99316363526	0.999517157159	0.79794392824	0.943257871456	0.857605351906	0.998160694296	0.429471520347	0.847025407686	0.506662805462
UP00034_1_Sox7_primary	1.0	1.0	1.0	0.999999999904	0.999999999878	1.0	1.0	1.0	0.99999999867	0.99999238166	0.977024479772	0.999999999914	0.998268181097
MA0162.2.EGR1	0.0	0.0	1.50377798276e-182	7.56548435744e-265	0.0	0.0	2.59319126883e-262	0.0	3.77079531411e-172	1.73573911806e-81	3.17338247463e-120	4.46600472164e-208	1.27299016729e-258
UP00162_1_Evx1_3952.2	1.0	1.0	0.993435745813	0.994715895061	0.998230016667	0.999999996218	0.992151710082	0.999998423657	0.995912441611	0.999999999951	0.909129771719	0.99967997093	0.971568299374
UP00062_1_Sox4_primary	1.0	0.999999999882	0.999999994234	0.999999350067	0.999999997182	1.0	0.999999306686	0.999999977508	0.999996050726	0.704907851519	0.967850689284	0.999999773228	0.913442977211
UP00174_1_Hoxa2_3079.1	1.0	1.0	0.999998208966	0.99999999959	0.999999979483	1.0	0.999999338006	1.0	0.999992285043	0.999793120114	0.998173359457	0.999998525064	0.99992924859
UP00127_1_Gsh2_3990.2	1.0	0.999999999989	0.999996540093	0.999999996427	0.999999998884	0.999999999954	1.0	1.0	0.999987072786	0.99999596788	0.999945453129	0.999998042614	0.999987769401
MA0065.2.PPARG::RXRA	7.85311545358e-68	2.2149749054e-41	4.75077465189e-07	5.2691913762e-13	4.89242179669e-07	4.0164586634e-12	3.65901962211e-10	1.28735006553e-35	5.02986572311e-07	1.26209490357e-05	0.00196655026187	4.3585222013e-08	2.23732571245e-14
UP00241_1_Hoxd3_1742.2	1.0	1.0	0.99999914513	0.99999999992	0.99999999991	1.0	0.999999997737	1.0	0.999999992403	0.999986895899	0.999999930696	0.999999998383	0.999999879321
MA0151.1.ARID3A	1.0	0.999999999354	1.0	0.999999999816	0.99999999973	1.0	1.0	1.0	1.0	0.999999999943	0.999999999773	0.999999999947	0.999999999916
MA0103.2.ZEB1	1.0	0.999999824239	0.997954134724	0.94498871362	0.984707261229	0.993606751168	0.998575176138	1.0	0.999999004656	0.999989077406	0.995023501932	0.999999705199	0.999997606752
klf4_homer	0.0	0.0	3.21552660826e-33	5.64483495543e-57	4.88718068051e-92	1.98358914244e-189	7.74621865694e-85	3.13514306851e-243	3.84570624157e-30	7.25226645134e-21	2.54788321787e-35	2.38855039934e-100	1.33356381105e-61
MA0002.2.RUNX1	0.951885799482	0.890736739325	0.828438985095	0.624727821125	0.524931141541	0.972494231339	0.102549088179	0.97587369218	0.923493148026	0.994793426926	0.952670036808	0.806455774387	0.542115294807
MA0479.1.FOXH1	1.0	0.99999999938	0.999996957948	0.999999999875	0.999999395786	1.0	0.999999992562	1.0	0.999111876723	0.999848983697	0.992123653117	0.999703484582	0.999700411276
UP00089_1_Tcf1_primary	1.0	0.99999999962	0.996656818414	0.999999990819	0.999999997647	0.999999986802	0.999941670203	1.0	0.999980179961	0.999860800694	0.999987657344	0.999892973143	0.997091161783
UP00170_1_Isl2_3430.1	1.0	1.0	1.0	0.999999999825	0.999999999679	1.0	1.0	1.0	0.999999999379	0.999999952909	0.999999949749	1.0	1.0
UP00208_1_Obox5_2284.1	1.0	1.0	0.999992551775	0.999998749542	0.999999774498	1.0	0.999999903593	1.0	0.999990318226	0.999139860739	0.883758730068	0.99997439888	0.999999990726
MA0101.1.REL	0.0	0.0	1.67477568298e-32	1.07233525597e-33	4.45919937389e-134	1.35556216564e-93	2.85746588786e-121	5.80719391966e-75	2.95546477825e-05	4.98060090179e-05	1.77129607116e-10	6.65900217223e-22	2.13016404668e-36
UP00197_1_Hoxc9_2367.2	1.0	1.0	0.999999836762	0.999999999319	0.999999999942	1.0	0.999999997603	1.0	0.999999992489	0.995293669329	0.999994296865	0.999999999964	0.999999995676
UP00222_1_Tcf2_0913.2	1.0	1.0	0.99860792189	0.999977805187	0.999998804936	0.999986977001	0.999971751329	0.999999989396	0.987271883585	0.99885936562	0.9993909437	0.999531160196	0.987574771439
UP00048_1_Rara_primary	0.999986246038	0.999998264228	0.9537674164	0.878726125125	0.398117515848	0.999961149485	0.985634095993	0.989830188821	0.948550685146	0.995657564274	0.686150248395	0.965683669206	0.60152365456
UP00111_1_Dmbx1_2277.1	1.0	0.999999999987	0.999928605162	0.999953515803	0.999998028526	0.999706720906	0.997206640787	1.0	0.999129289875	0.986069190609	0.999960398302	0.999899481049	0.999991190406
UP00146_1_Pou6f1_1731.2	1.0	1.0	0.9999994163	0.999988267533	0.999999999891	1.0	0.982566784098	1.0	0.999994402542	0.99645854892	0.984359764146	0.999999969717	0.999997988344
MA0518.1.Stat4	2.03300454845e-05	0.485763898063	0.722693469066	0.673246708643	0.341670114834	0.946561112276	0.040557558653	3.20677335432e-09	0.814575808504	0.323155665775	0.00149703665521	0.00199452563172	2.89124010969e-09
UP00194_1_Irx4_2242.3	1.0	1.0	1.0	0.999999999819	0.999999999805	1.0	1.0	1.0	1.0	0.999999845773	0.999999999923	0.999999999841	0.999999999992
UP00068_1_Eomes_primary	1.0	1.0	0.99759463958	0.999448446498	0.999997886209	0.999999993352	0.999771726819	1.0	0.996599789143	0.983770854852	0.979313344298	0.999999895381	0.999969878952
UP00150_1_Irx6_2623.2	1.0	1.0	1.0	0.99999999995	0.999999999679	1.0	1.0	1.0	1.0	0.999999974941	0.999999999843	0.999999999936	1.0
MA0526.1.USF2	0.27322033628	0.592591891589	0.54054382684	0.980812746228	0.08299457145	0.886838628957	0.0773628911373	0.158700109501	0.589242528434	0.882013493635	0.513013226156	0.189415825525	0.326763682732
MA0159.1.RXR::RAR_DR5	2.23508070171e-09	2.29330773087e-07	0.054424247983	0.0282535764761	0.000211658987617	0.26669432197	0.00202957582512	0.00181199579611	0.809747610808	0.245138246893	0.269171098103	0.0390446112769	0.0208365352087
MA0087.1.Sox5	1.0	1.0	1.0	0.999999999527	0.999999999758	1.0	1.0	1.0	0.999999775405	0.99948785261	0.999986999271	0.999999999788	0.997864848372
UP00088_1_Plagl1_primary	0.0	4.6305143737e-299	1.56161875591e-44	3.2654702975e-59	1.38219175633e-58	1.37684505104e-90	9.43347822491e-48	3.27486630239e-77	9.74809210561e-25	2.20490202168e-07	1.91661694456e-08	6.12214390876e-17	4.94535773365e-25
MA0160.1.NR4A2	0.980300111676	0.999867753766	0.62360768574	0.995225465367	0.125465315313	0.999742058735	0.941666999479	0.43359668705	0.419733171082	0.932604681693	0.108693287767	0.924406669567	0.179253253199
UP00028_1_Tcfap2e_primary	1.3950554248e-268	7.39449596441e-222	2.86281613607e-42	1.46243179117e-28	1.24535793509e-44	2.87041831128e-76	3.98961791527e-40	3.06479941488e-64	1.35679564497e-11	1.77292915577e-05	1.50952496167e-09	1.0026869012e-28	4.13352239936e-16
MA0051.1.IRF2	1.0	0.999999999786	0.999373140043	0.999870285231	0.78057484217	0.999999812763	0.999772171923	0.994404688126	0.967706794653	0.886280751847	0.900908633105	0.576240597493	0.714621616505
UP00259_1_Hoxb6_3428.2	1.0	1.0	0.999994561312	0.999999231458	0.999990849443	1.0	0.999999989485	1.0	0.999183958887	0.999991272948	0.982866244326	0.999893212337	0.999996361187
UP00407_1_Elf3_primary	2.51665765443e-38	0.000776385154723	0.206701203849	0.326685001145	4.91018103957e-07	0.131123530742	0.466760784532	5.98702722012e-53	0.0156295540569	0.0110182848702	3.15302424109e-18	1.85484134724e-13	2.7951690076e-31
MA0142.1.Pou5f1::Sox2	1.0	1.0	1.0	0.999999999833	1.0	1.0	1.0	1.0	1.0	0.999995296757	0.99999998467	0.99999999978	1.0
UP00214_1_Hoxb5_3122.2	1.0	0.999999999915	0.999999687488	0.999999999744	0.999999992572	1.0	0.999999993614	1.0	0.999993511728	0.999987514863	0.999970793749	0.99999997279	0.999999859555
MA0084.1.SRY	1.0	1.0	1.0	0.999999999756	0.999999999774	1.0	1.0	1.0	0.999990716129	0.999968182493	0.998196713999	1.0	0.952920607399
UP00173_1_Hoxc13_3127.1	1.0	0.999999999742	0.999999999611	0.999999998664	0.999999999697	1.0	0.999999999142	1.0	0.999997249463	0.997620926014	0.999995771815	0.99999999988	0.99999204269
UP00085_1_Sfpi1_primary	1.45558354751e-80	2.09241640374e-22	3.39390501552e-05	0.00608645938477	1.37177207461e-11	3.99362870861e-05	7.84852144071e-07	3.79494361496e-66	4.27506785747e-07	0.00843418797748	5.17473125661e-18	3.34537497875e-16	2.83946474856e-33
MA0146.2.Zfx	0.0	8.70887543949e-267	1.10947379449e-14	6.3473600044e-46	1.05150857721e-52	7.34627976185e-111	8.49994129241e-56	4.45579669105e-107	2.88948479412e-21	5.60674673914e-14	3.04807826764e-12	5.08305280447e-46	1.96075778812e-27
MA0259.1.HIF1A::ARNT	1.43557810222e-29	7.77542917148e-20	0.000206927868592	5.93061556426e-12	9.42597161616e-06	1.35648464362e-07	0.19899817138	9.19866390759e-17	0.0100977829105	0.60699720254	0.00970188239287	1.32023584448e-12	0.0027155821072
UP00121_1_Hoxd10_2368.2	1.0	1.0	1.0	0.999999999773	0.999999999687	1.0	1.0	1.0	1.0	0.999999999951	0.999999999823	0.999999999975	0.999999999922
MA0113.2.NR3C1	0.999995343999	0.999993001947	0.994330298301	0.999647987117	0.988749430239	0.997319117688	0.627351833689	0.987852179185	0.960487304219	0.3865955979	0.674348792407	0.86193425398	0.904787603178
UP00112_1_Gsc_2327.3	1.0	0.999999994733	0.98045534113	0.99991012973	0.997482567354	0.999954683642	0.969352728647	1.0	0.999977819207	0.848243256032	0.759619505678	0.98915348829	0.999948142587
MA0048.1.NHLH1	2.08728471559e-197	8.42329207977e-114	8.05760681979e-16	2.96040427559e-09	1.41613328455e-33	2.93178544299e-35	4.05760755414e-27	2.9069009061e-81	8.41032484807e-09	3.02922138364e-09	7.01229335777e-15	1.67025037784e-18	6.73030981079e-40
MA0083.2.SRF	1.0	0.999999999999	0.823171978245	0.996676040692	0.99878124228	0.999999844371	0.999350387688	0.91988369235	0.217773857208	0.696222906796	0.500048737395	0.996774853583	0.805722531878
UP00187_1_Alx4_1744.1	1.0	0.999999999908	0.999783788921	0.999999994553	0.999999972137	1.0	0.999996800163	1.0	0.999999131791	0.999352089628	0.999998321927	0.999999532243	1.0
UP00145_1_Barhl2_3868.1	1.0	1.0	1.0	0.999999999887	0.999999999869	1.0	1.0	1.0	1.0	0.999997886594	0.99999997597	1.0	1.0
UP00152_1_Arx_1738.2	1.0	0.999999999923	0.999999063156	0.99999991778	0.999999978958	1.0	0.999999996825	1.0	0.99999943632	0.999977401903	0.999999985287	0.999999898044	0.999999999774
UP00072_1_IRC900814_primary	0.78300974651	0.997839983882	1.0	0.688968592967	0.548128942657	0.937626650463	0.947248621005	0.0431526903842	0.190429380199	0.957026762226	0.0349118901647	0.678091584429	0.158588991209
MA0075.1.Prrx2	1.0	1.0	1.0	1.0	1.0	1.0	1.0	1.0	1.0	1.0	1.0	1.0	1.0
MA0482.1.Gata4	1.0	1.0	0.999999999923	0.999980749682	0.987407497407	1.0	0.999867374746	0.999298676625	0.994505454731	0.983938575825	0.654368040864	0.99777504834	0.822559211322
MA0523.1.TCF7L2	1.0	1.0	0.999999974397	0.999999930699	0.999994854353	0.999999999831	0.999999946361	1.0	0.999999991192	0.981525474656	0.999788339941	0.99999999989	0.9997947607
UP00050_1_Bhlhb2_primary	1.0274825652e-09	0.00249400197179	0.0962176817569	0.688968592967	0.0506972236578	0.000546450098008	0.136985499858	5.09151739224e-08	0.0587366213291	0.0465157966753	0.27306813129	3.28518308613e-06	0.0119111302566
MA0525.1.TP63	0.0313352026225	0.0992397219603	0.211373057698	0.156409197491	0.068232872696	0.557753580173	0.138141173	0.0625954021289	0.736907615379	0.761830683732	0.851382988996	0.0297163984462	0.0485180624276
MA0076.2.ELK4	0.0	0.0	1.08024697167e-40	5.41657672019e-41	3.53714956329e-120	1.09875326661e-142	1.2532791484e-57	0.0	5.07834349572e-54	1.94991659578e-27	7.66482048592e-73	2.16893830829e-140	2.27336266114e-165
UP00161_1_Hmbox1_2674.1	1.0	1.0	0.999986174182	0.999999863913	0.999999999981	1.0	0.999999880596	1.0	0.998278618942	0.998618961669	0.999997549526	0.999999328769	0.999999982379
UP00258_1_Tgif2_3451.1	1.0	1.0	0.999994973289	0.971225344273	0.983192612685	0.999979746366	0.997554323353	0.998642785433	0.984032534221	0.946894243759	0.999119309868	0.857595443732	0.854229329877
MA0147.2.Myc	0.286395911672	0.273290653353	0.746188936005	0.246861577612	0.125053849568	0.917229162811	0.0139207187099	0.42375533825	0.824279665363	0.898843851792	0.168877983627	0.441422414758	0.114310521095
UP00114_1_Homez_1063.2	1.0	1.0	0.993862803564	0.99999999992	0.999998011577	0.999999890791	0.999997931028	0.999999998806	0.986006900612	0.996409979217	0.999893207103	0.999859775106	0.923682750536
UP00200_1_Nkx6-1_2825.1	1.0	1.0	0.999999999963	0.999999999889	0.999999999687	1.0	1.0	1.0	1.0	0.999999995239	0.999999999765	0.999999999831	1.0
UP00132_1_Evx2_2645.3	1.0	0.99999982263	0.997840217157	0.993528546757	0.991857671626	0.999668960155	0.953641692277	0.99966841392	0.999022631315	0.988121071517	0.780917586688	0.981382451571	0.966226407654
UP00101_1_Sox12_primary	1.0	0.999999999372	1.0	0.999999999917	1.0	1.0	0.999999999987	1.0	0.999999997901	0.999554919956	0.999921113007	0.999999999997	0.999999146865
UP00186_1_Meis1_2335.1	1.0	1.0	0.999997722812	0.999343640983	0.988009034957	0.999990164145	0.998291277432	0.999988555603	0.989207192555	0.976722858927	0.998834584735	0.991965778593	0.971647528359
UP00210_1_Mrg2_2302.1	1.0	0.999999999946	0.990818538168	0.974657187705	0.997693588644	0.997154296096	0.988789159674	0.999644795323	0.994468419131	0.420617294292	0.999825483193	0.976399277081	0.817463677073
UP00008_4	1.0	1.0	0.999972450902	0.999999998448	0.999999999643	0.999999999939	0.999999983118	1.0	0.999999964153	0.999998594509	0.998937401612	0.999999984632	0.999991260927
MA0138.2.REST	3.44726309769e-35	3.00524828121e-28	1.9447074326e-05	0.000699783596055	1.46815892637e-10	7.70203177217e-09	3.95261343845e-07	6.96774300614e-13	0.0069546238413	2.81440604884e-05	0.110940032145	3.2685565273e-06	2.08236189255e-05
MA0039.2.Klf4	0.0	0.0	1.03367580489e-140	1.02349348704e-198	7.53716042729e-277	0.0	3.40782448097e-245	0.0	1.28161438419e-116	3.16473746573e-70	8.73615971575e-112	1.93203836153e-244	1.58275069516e-178
UP00263_1_Hoxb8_3780.2	1.0	0.999999999889	0.999997519534	0.99999999698	0.999999999822	1.0	1.0	1.0	0.999998933678	0.999995102215	0.999999956154	0.999999999977	0.999999999911
UP00176_1_Crx_3485.1	0.999957738677	0.966659782423	0.394014278141	0.995923510879	0.736420816635	0.89773358074	0.556888311896	0.999987092825	0.990783595555	0.956505177463	0.524184212996	0.90504211251	0.999805484468
UP00139_1_Nkx1-2_3214.1	1.0	0.999999999972	0.999825129384	0.999999997418	0.999999958146	1.0	0.999999357187	1.0	0.999999817516	0.999999999952	0.999999923769	0.995399855769	0.999968114297
UP00218_1_Dbx2_3487.1	1.0	1.0	0.99999999998	0.999999999969	0.99999999965	0.999999999934	1.0	1.0	1.0	0.999999999899	0.999999999834	0.999999999952	0.999999999971
MA0080.3.Spi1	4.7250983605e-169	4.6597550421e-55	0.000202806632943	7.4717724022e-07	8.78654910629e-15	3.96966609666e-18	2.03038220935e-14	8.6187840855e-125	1.64411508694e-12	7.33673324186e-08	1.76861333653e-22	1.66625901778e-24	2.32222388691e-67
MA0153.1.HNF1B	1.0	1.0	0.999999994826	0.999999999857	0.999999999717	1.0	1.0	1.0	0.999999992845	0.999999007491	0.999999999804	0.999999999999	0.99999999991
MA0509.1.Rfx1	1.16815322999e-35	8.34236283293e-18	0.050614707619	0.00375513354453	2.40740830555e-05	8.51140117807e-09	3.92012669145e-05	1.2904606213e-23	0.0153620951479	0.134102795966	3.15973746233e-08	4.74571141624e-09	5.26232335751e-11
UP00190_1_Nkx2-3_3435.1	1.0	0.999999999379	0.999718815832	0.999961832156	0.999993389865	0.999999999772	0.999179336442	1.0	0.999912793004	0.999885038541	0.999594338001	0.999964440514	0.999803572357
UP00046_1_Tcfe2a_primary	1.0	0.999999999139	0.999385279016	0.945090163715	0.999472271315	0.998791389873	0.99228916837	0.999994618415	0.958473229481	0.926619435455	0.792767508751	0.999895913092	0.969364017629
UP00122_1_Tgif1_2342.2	0.999993706079	0.999999131315	0.998891080725	0.996679652393	0.771083528316	0.99816207737	0.876983710091	0.877113655032	0.990404035517	0.728059994532	0.944242880562	0.878266342131	0.411808215148
MA0006.1.Arnt::Ahr	1.0	1.0	1.0	1.0	1.0	1.0	1.0	1.0	1.0	1.0	1.0	1.0	1.0
UP00157_1_Hmx3_3490.2	1.0	0.999999999221	0.999999979599	0.999999998924	0.999999999763	1.0	0.999999999765	1.0	0.999819203169	0.9999995408	0.999997029923	0.999999996899	0.999999999178
MA0024.2.E2F1	0.0	0.0	1.41437620174e-81	6.59833708188e-95	4.56977890925e-149	1.56898502244e-289	5.08137057048e-86	0.0	5.32130010244e-72	4.98139718803e-37	6.74716967497e-53	1.13192021034e-109	1.57115747571e-98
MA0074.1.RXRA::VDR	0.00910736505449	0.00324117734315	0.0397346720754	0.131138537835	0.364465094345	0.200365278254	0.050199551765	0.484341658124	0.710210735417	0.231248408641	0.76759430086	0.170811015673	0.803115428467
UP00215_1_Vax1_3499.1	1.0	0.999999999703	0.999999563435	0.999999999841	0.999999976719	1.0	0.999999702047	1.0	0.999999213639	0.999987514863	0.998365311675	0.9999998498	0.999999755107
MA0154.2.EBF1	1.01355462592e-139	3.86213605654e-118	1.52524130639e-11	8.34962280155e-25	2.72586388095e-26	3.8312523614e-33	2.36089824215e-36	1.10277167635e-33	0.000101724769554	0.000384163315116	1.14634204432e-07	0.000538362537368	3.57737435276e-17
UP00213_1_Hoxa9_2622.2	1.0	1.0	1.0	0.999999999793	0.999999999622	1.0	1.0	1.0	1.0	0.999999974716	0.999999999765	0.999999999783	0.999999999825
UP00066_1_Hnf4a_primary	1.0	0.99999976235	0.975758315536	0.506491129087	0.998104934692	0.999233378586	0.923431628774	1.0	0.99851359295	0.960528988593	0.882906460171	0.99916753024	0.99999709716
MA0491.1.JUND	0.0	2.6383024671e-125	1.29001544471e-15	6.45076583882e-11	5.06356353406e-55	6.88859889544e-18	1.02318761467e-56	0.0	8.54337689505e-25	1.95281730394e-18	1.02379071222e-76	1.11860318571e-68	8.72610344569e-317
MA0009.1.T	1.0	1.0	0.999165410154	0.999955912932	0.999999999672	0.99999999641	0.999943733749	1.0	0.99755733209	0.958417621148	0.999740568167	0.999997762977	0.999997752409
MA0066.1.PPARG	0.659211277811	0.789803884549	0.261676277575	0.675905706676	0.960291508204	0.885932076562	0.433126142327	0.49205676873	0.510609287004	0.300820637356	0.8888198355	0.882630852094	0.0647849956283
UP00135_1_Hoxc12_3480.1	1.0	1.0	0.999995915714	0.963787697014	0.999899060966	0.999998931557	0.999866260375	0.9999718007	0.993856194566	0.995997743797	0.998253165822	0.988554462264	0.906914892771
MA0050.2.IRF1	1.0	0.99999999984	1.0	0.999999999855	0.999999999691	0.999999999984	1.0	1.0	1.0	0.999574127222	0.999999987043	0.999999999967	0.999999999981
MA0469.1.E2F3	0.0	0.0	3.40402071748e-68	5.89787264889e-103	8.74386254301e-136	7.96239327018e-290	8.90750707413e-110	0.0	6.06653709531e-67	4.67142149945e-32	6.71596744024e-48	2.35172391808e-84	1.36490129617e-91
MA0144.2.STAT3	7.68636452038e-13	0.0750855727683	0.329716663217	0.148611776234	0.588840155821	0.834582573215	0.00892210176189	2.39877396372e-15	0.527726512597	0.0598017096841	0.00146419852956	5.9859221286e-06	1.20772690809e-12
UP00204_1_Gbx1_2883.2	1.0	1.0	0.999739782388	0.999980824916	0.999999689777	1.0	0.999644801875	1.0	0.999981258029	0.990661255522	0.996290055873	0.999986000808	0.999507908384
MA0496.1.MAFK	1.0	1.0	0.999911157846	0.999999994877	0.999999999647	1.0	0.99996902489	1.0	0.999700406443	0.996759879202	0.996390589071	0.999847745725	0.996211197959
UP00144_1_Hoxb4_2627.1	1.0	1.0	0.999999237646	0.999999999894	0.999999999699	1.0	0.99999999993	1.0	0.99999999559	0.999998108726	0.999999999633	0.999999998658	1.0
MA0028.1.ELK1	0.0	1.32397000145e-301	2.02935028478e-21	1.43081260634e-29	2.4531638445e-79	2.0787546226e-136	9.68684868479e-30	9.47426266541e-260	4.55701377448e-33	8.76295560734e-09	5.09335014849e-48	3.10671804935e-115	3.24086162203e-67
UP00129_1_Pou3f1_3819.1	1.0	1.0	0.999999999982	0.99999999996	0.999999999792	1.0	1.0	1.0	0.999999999974	0.999999999915	0.999999999803	1.0	1.0
MA0025.1.NFIL3	1.0	1.0	0.999307656631	0.999999244859	0.999999999736	1.0	0.999999965297	1.0	0.999969436261	0.999987502144	0.988177382586	0.999999480525	0.999997347393
MA0494.1.Nr1h3::Rxra	1.0	0.999999995364	0.977987783887	0.999994362315	0.98529235524	0.999994887359	0.153424772685	0.999999998728	0.996599789143	0.935672264428	0.935615072318	0.999913696557	0.999758043035
UP00140_1_Hoxd1_3448.1	1.0	1.0	0.999973828857	0.999953515803	0.999975608344	1.0	0.999998939312	1.0	0.999889470506	0.999787134499	0.99724085172	0.999986005655	0.999999710497
UP00055_1_Hbp1_primary	1.0	1.0	0.999999979479	0.999999561554	0.999999999753	1.0	0.999999999474	1.0	0.999005542333	0.995255830618	0.99753010604	0.999999966983	0.999987005163
UP00095_1_Zfp691_primary	0.995004002039	0.95445096778	0.618767303203	0.690147832997	0.828069972924	0.989733867603	0.62799360821	0.883987953058	0.786326688778	0.134927487112	0.856068434688	0.872757055165	0.835225308996
MA0503.1.Nkx2-5.var.2	0.989172479384	0.986246898587	0.996715554265	0.557025284948	0.974211798456	0.937586441225	0.684759116489	0.946292464538	0.864381618041	0.609559704406	0.564398842362	0.667963977303	0.61930802445
UP00119_1_Nkx2-9_3082.1	1.0	0.999999999913	0.999991273926	0.999999999917	0.999999999015	1.0	0.999999197625	1.0	0.999998707056	0.999297608416	0.999938401752	0.999999955254	0.9999997865
UP00255_1_Dbx1_3486.1	1.0	0.999999999711	1.0	0.999999999899	0.999999999661	1.0	1.0	1.0	1.0	0.999999999986	0.999999999874	1.0	0.999999999832
MA0484.1.HNF4G	0.00512837807222	0.0100969749204	0.459187095294	0.117423174394	0.0971334006089	0.308716779214	0.115756812404	0.0729707143733	0.883370216707	0.165547094882	0.0342127520193	0.296905773212	0.166008586329
UP00133_1_Cdx2_4272.1	1.0	1.0	0.999999998761	0.999999999873	0.999999999767	1.0	0.999999999978	1.0	0.99999999998	0.999994991257	0.999999934857	0.999999999839	0.999999999933
UP00141_1_Vsx1_1728.1	1.0	1.0	0.999992883759	0.999999999913	0.999999999595	0.999999999956	0.999999999939	1.0	0.999999982172	0.999872795482	0.999999998375	0.999999998874	1.0
UP00094_1_Zfp128_primary	0.00649691370001	0.260187855738	0.169068158568	0.827860480129	0.499447530466	0.156389285381	0.970753424996	0.000608626068204	0.288777307048	0.0510845572698	0.126595649919	0.0597105086781	0.0937071484754
UP00180_1_Hoxd13_2356.1	1.0	1.0	1.0	0.999999999886	0.999999999574	1.0	0.999999999999	1.0	1.0	0.999999999925	0.999999999799	0.999999999976	0.999999999843
Ash2l_hand	2.28066118266e-202	1.13753094238e-149	3.65673895996e-31	1.32797037201e-34	9.52526045767e-33	8.41088774014e-44	3.03340146716e-23	5.22725762896e-74	7.92557809566e-19	0.000111483340275	2.74197234644e-06	2.04258040692e-22	2.61842708223e-25
MA0157.1.FOXO3	1.0	0.999999999413	0.999999985788	0.999664256975	0.999938628161	1.0	0.999611034687	0.934590138589	0.946819405071	0.934270319103	0.556950872662	0.999828235063	0.036613364205
MA0116.1.Zfp423	2.98174225041e-67	2.43889930966e-55	1.52270390239e-06	4.10592640535e-12	3.93467265696e-11	1.23637486317e-16	4.70454283132e-13	2.10136713354e-17	1.36363011443e-05	0.0396031120227	5.93807118278e-05	0.000319574700254	6.93822653222e-09
MA0057.1.MZF1_5-13	7.25546872983e-270	1.73594655635e-169	8.3343554118e-15	1.2665112089e-28	4.59073205309e-34	2.62238227794e-70	3.31921442348e-30	7.87662348245e-102	8.69849253163e-20	1.73434291287e-06	1.76013042671e-24	1.45997560011e-20	5.41563097416e-38
UP00199_1_Six4_2860.1	0.999999928554	0.999563086015	0.793664466541	0.929362264007	0.981207674668	0.999482991537	0.686976406374	0.999267819938	0.946702972229	0.995644787267	0.96705243033	0.997348327732	0.656266934825
MA0505.1.Nr5a2	0.466434735213	0.344728653728	0.695544657168	0.0400706414989	0.599225284999	0.928112584896	0.450652248277	0.122855961762	0.749150613238	0.632755415077	0.386187020941	0.671214077354	0.031738638602
IRF8_AICS	1.0	1.0	0.999999992947	0.999999997417	0.99996815671	1.0	0.999725755558	0.998701991707	0.991738819541	0.965766168726	0.756019145853	0.999622610582	0.530005880463
MA0131.1.HINFP	1.87090885977e-63	1.38930211409e-44	0.00121708513593	4.36046413636e-05	8.43754829496e-18	1.13624442809e-22	7.33507241227e-05	7.54121115931e-22	2.2606614801e-05	0.228900663534	2.39069782534e-07	3.47391593187e-08	1.65464642576e-05
MA0158.1.HOXA5	1.0	1.0	0.999999999983	0.999999998302	0.999999999631	1.0	0.999999878128	1.0	0.999999999407	0.999550352911	0.999998920506	0.999999999592	0.999999997237
MA0143.3.Sox2	3.33430806774e-05	0.447565287077	0.890271408252	0.0280129263534	0.0620432280851	0.841397787803	0.315347414087	3.61803790504e-09	0.00669368947325	0.283822371429	0.244638112914	0.628282616735	4.60474713329e-10
UP00044_1_Mafk_primary	1.0	0.999999999835	0.999999974501	0.999999999826	0.999999999829	1.0	1.0	1.0	0.999999985182	0.999598735471	0.987327839139	0.999999983003	0.99973480806
MA0524.1.TFAP2C	3.10372038717e-320	1.3558383616e-250	1.1595770031e-25	4.02366420867e-36	3.16849488201e-58	3.36327503998e-79	6.88727046252e-61	5.37134205298e-80	2.52134341738e-13	3.00988636708e-11	2.37512537692e-12	1.28899970471e-23	3.34290932493e-31
UP00202_1_Dlx1_1741.2	1.0	0.999999999975	0.999999917039	0.999999999851	0.999999999925	1.0	0.999999999963	1.0	0.999999999076	0.999999361339	0.999999965494	1.0	0.999999999889
UP00065_1_Zfp161_primary	0.0	0.0	5.61135363587e-43	2.68828016432e-47	1.37838702946e-71	1.87474523256e-197	7.02569602133e-57	1.28437590195e-268	4.54442308047e-64	2.73965679762e-19	7.78591840241e-40	2.53922650374e-84	1.90318837521e-54
UP00219_1_Cutl1_3494.1	1.0	1.0	0.999777215002	0.999941259552	0.998478352266	0.999926700873	0.999826811752	0.999999953705	0.996618224591	0.99898052748	0.997423945114	0.998132818761	0.991276424094
UP00059_1_Arid5a_primary	1.0	1.0	1.0	0.999999999965	0.999999999721	1.0	1.0	1.0	1.0	0.999999993465	0.999999999732	0.999999999947	1.0
MA0486.1.HSF1	0.000124831225791	0.0437877205257	0.669861636225	0.208980522386	0.0852493997342	0.495964706462	0.195076754253	3.31419290853e-06	0.657252878565	0.138623710167	0.118770316598	0.156233388456	0.000193549613217
MA0462.1.BATF::JUN	1.01544656347e-193	8.38329136461e-20	0.00296378983408	0.136742175186	5.29036277612e-18	0.516344778557	1.89442590921e-19	2.10096990767e-217	7.83422531754e-06	1.62929214503e-05	5.35696721363e-39	2.1935630837e-25	5.44835623192e-172
UP00005_1_Tcfap2a_primary	1.98334281738e-211	3.46357917875e-179	3.02260148635e-26	7.87082032455e-18	1.55481839102e-40	1.05910011836e-72	2.40281613414e-31	6.40457573678e-52	1.25578063656e-09	1.694973836e-07	1.12518519054e-06	2.86542683908e-23	5.6232676925e-11
UP00239_1_Obox2_3438.2	1.0	1.0	0.999851349449	0.999777815719	0.999999972779	0.999999835052	0.985821709066	1.0	0.999884498258	0.931660745719	0.984362137653	0.999268394899	0.999999888097
MA0594.1.Hoxa9	1.0	1.0	0.999994900293	0.99999999983	0.999999986369	1.0	0.999999012537	1.0	0.999999971231	0.999624344665	0.999932746972	0.998819435174	0.996119353889
MA0017.1.NR2F1	0.635778398178	0.833104703909	0.803330183382	0.746542812026	0.489823351889	0.950148879336	0.517777111445	0.299968031717	0.964873951911	0.168467983011	0.015280276	0.934954184814	0.30357390837
UP00247_1_Pax4_3989.2	1.0	1.0	0.99999827232	0.999999595463	0.999998642232	1.0	0.999992882865	1.0	0.999686120894	0.999443905418	0.999988135144	0.99999623938	0.999999999827
MA0145.2.Tcfcp2l1	4.6363791212e-175	2.34879314918e-118	5.89076910702e-17	1.34490726784e-17	3.03971425577e-36	5.52185905338e-31	2.12459460442e-25	3.44623740712e-62	1.4415261923e-09	0.000462479631123	8.47379641068e-11	1.7844530048e-13	1.44218691343e-24
MA0517.1.STAT2::STAT1	1.0	0.9999999999	0.999999999985	0.999999999805	0.999999999693	1.0	0.999998278033	1.0	0.999999904728	0.998664323749	0.979812534474	0.999999996943	0.999999998777
UP00231_1_Nkx2-2_2823.1	1.0	0.999999999593	0.999999776497	0.999999607108	0.999999967878	1.0	0.999406208781	0.999999994516	0.909115567386	0.999770299739	0.995606224796	0.999709782796	0.998393704241
UP00266_1_Prrx1_3442.1	1.0	1.0	0.999935123098	0.999999916161	0.999999827732	1.0	0.999999970614	1.0	0.999999981185	0.999999555063	0.999990555334	0.999999990258	1.0
UP00151_1_Barx2_3447.2	1.0	1.0	0.999979557941	0.999999984933	0.999999999161	1.0	0.999999998094	1.0	0.99999846288	0.999990455003	0.999968682407	0.999999987818	0.999999949552
MA0504.1.NR2C2	3.83061589171e-193	3.21277907776e-127	7.67697619233e-28	1.78186970122e-22	2.50177284858e-27	2.96891686323e-45	3.80566071142e-18	4.42654234122e-72	2.64015406204e-23	2.40300217677e-08	4.82672390631e-09	2.40492153456e-18	3.86086259816e-21
UP00236_1_Irx2_0900.3	1.0	1.0	0.999999998727	0.999999999883	0.999999999942	1.0	1.0	1.0	1.0	0.999999823891	0.999999990754	0.999999999975	1.0
UP00026_1_Zscan4_primary	1.0	0.999999999609	0.99996553911	0.99717767323	0.999998334406	0.999999999558	0.999941740212	1.0	0.983216384275	0.993474179499	0.999984120161	0.999999926068	0.999997332582
MA0591.1.Bach1::Mafk	7.50047003109e-203	8.69647631383e-58	1.87675135987e-09	2.2750434173e-05	1.11387332948e-16	1.94713991012e-15	1.81299856055e-29	9.57722944327e-152	9.96059281301e-15	4.32961354503e-06	9.02257465252e-26	5.50944619195e-28	1.77139473456e-95
MA0109.1.Hltf	1.0	1.0	0.999999959216	0.999999999763	0.999999999729	1.0	0.999999978976	1.0	0.999986630301	0.999906761932	0.990671935929	0.99999990734	0.999996005212
UP00172_1_Prop1_3949.1	1.0	1.0	0.999999757004	0.999999999771	0.999999999904	1.0	1.0	1.0	0.999999999949	0.999996928301	0.999999999631	0.999999999856	0.999999999882
UP00011_1_Irf6_primary	0.996950451685	0.991795105912	0.97885898955	0.93301554182	0.687082879663	0.452881680266	0.99684904486	0.832870852883	0.546789659731	0.801311595137	0.940174918784	0.846805604418	0.481174987514
UP00126_1_Dlx2_2273.2	1.0	0.999999999835	0.999999623312	0.999999999866	0.999999999771	1.0	1.0	1.0	0.999999971355	0.999999950931	0.999864804818	0.999999999948	0.999999995962
MA0515.1.Sox6	0.98458028127	1.0	0.996973743425	0.71231809013	0.814107468079	0.999999773197	0.955449118879	0.00091917477622	0.833716958612	0.0325081331891	0.178977614942	0.350919616675	6.15669262406e-05
MA0052.2.MEF2A	1.0	1.0	1.0	0.999999999878	1.0	1.0	1.0	1.0	1.0	1.0	0.999999999896	0.999999999885	1.0
UP00156_1_Msx2_3449.1	1.0	1.0	0.999999832343	0.999991013597	0.999999770184	0.999999999725	0.999995996271	1.0	0.999989964462	0.997496868896	0.909136768497	0.99999966646	0.9997619474
UP00043_1_Bcl6b_primary	1.0	1.0	0.999995212182	0.984323151909	0.999978904558	0.999999999846	0.999998462976	0.999999378956	0.999962722178	0.938224672999	0.436738169596	0.999298010756	0.993647666498
MA0493.1.Klf1	0.0	0.0	6.30371792965e-29	4.38796584785e-64	1.28866592415e-80	1.68246017172e-134	2.29246232217e-80	7.43043011881e-196	1.27119143141e-31	4.81761527021e-17	1.12076020382e-33	5.67357446116e-80	1.5143142926e-44
MA0488.1.JUN	2.50439030742e-16	0.300164731034	0.0450523450628	0.538753485794	0.0210839724267	0.748352252959	0.67343473408	8.53947716206e-29	0.00678306994058	0.00368242356782	1.09626620583e-06	0.000422581347937	1.53997246829e-13
UP00224_1_Pax6_3838.3	1.0	0.999999999915	0.999999999756	0.999999999819	0.999999999979	1.0	1.0	1.0	0.999999999982	0.999999996463	0.999999999734	0.999999999949	0.999999999837
MA0102.3.CEBPA	1.0	0.999999999886	0.999996168904	0.999998680647	0.999999957283	1.0	0.999999998666	1.0	0.999999898893	0.999999955316	0.999508531569	0.999913322155	0.999999838873
MA0069.1.Pax6	1.0	0.999999999788	0.999709952621	0.993798213118	0.999979405017	0.999953775259	0.977445435841	0.99918638414	0.993595151331	0.998139365327	0.646213214853	0.982391913289	0.873467964008
MA0497.1.MEF2C	1.0	0.999999999752	1.0	0.999999999984	0.999999999843	1.0	1.0	1.0	1.0	0.999999999977	0.999999999786	1.0	1.0
UP00045_1_Mafb_primary	1.0	1.0	0.994926631218	0.999961685208	0.999997735546	0.999999543814	0.998848643348	0.999998987264	0.987910862845	0.983602090563	0.989196787497	0.995506851942	0.828994871256
MA0471.1.E2F6	0.0	0.0	3.41374047207e-51	4.3002884794e-70	4.67638427128e-106	2.90092512023e-162	3.41931086839e-72	1.12332539776e-247	5.19317879565e-48	2.63366156897e-26	2.94148676179e-43	7.15492372488e-65	9.49636563159e-63
UP00262_1_Lhx1_2240.2	1.0	1.0	1.0	0.999999999894	0.999999999684	1.0	1.0	1.0	1.0	0.999999999298	0.999999999893	0.999999999814	0.999999999925
UP00217_1_Hoxa10_2318.1	1.0	0.999999999939	1.0	0.999999999814	0.999999999749	1.0	1.0	1.0	1.0	0.999999999988	0.999999999859	0.999999999745	0.999999999934
MA0155.1.INSM1	5.30059520543e-268	1.72562365722e-194	1.13186137021e-35	1.12692108016e-33	1.60234012069e-37	8.33421247059e-58	5.2118826029e-34	1.96617701554e-87	1.76440970195e-15	2.45897737676e-12	1.4055450946e-12	2.61435421082e-21	3.85657971743e-30
UP00108_1_Alx3_3418.2	1.0	1.0	0.999988090548	0.999999925972	0.999999999509	1.0	1.0	1.0	0.999999936472	0.999992705585	0.999999999017	0.999999940304	1.0
UP00002_1_Sp4_primary	0.0	0.0	3.34239957319e-137	3.58685030499e-209	6.52597228004e-238	0.0	9.47651957e-208	0.0	1.28862173638e-119	1.63988181184e-71	2.54669219357e-90	5.37876146081e-214	6.43290242555e-229
MA0071.1.RORA_1	1.0	1.0	0.97971565506	0.99915091475	0.999868681351	0.999999988381	0.987146172352	0.999968490405	0.99668309791	0.884545885845	0.977226640956	0.996886916548	0.701287060565
UP00102_1_Zic1_primary	0.0	0.0	8.74706843669e-51	3.36926192729e-73	1.92793090012e-72	6.90701260063e-141	2.61938973304e-47	8.61558506846e-132	3.36748530707e-34	1.80585249331e-28	3.24920614299e-18	1.30579434904e-25	1.36082608096e-39
UP00165_1_Titf1_1722.2	1.0	0.999999999689	0.999186262357	0.998063540598	0.9999363241	0.999999999445	0.957215208534	0.999999989292	0.896203506751	0.988650908447	0.99961009425	0.995361625431	0.993747110231
MA0060.2.NFYA	8.58195183161e-87	1.27353746512e-36	0.000371200473588	0.00041106154126	3.69719364548e-07	5.6794249057e-20	0.00146326181515	7.08995567566e-52	3.96383892222e-09	2.58941342619e-05	4.05012817244e-12	1.05434829518e-18	2.95818141381e-17
MA0477.1.FOSL1	0.0	7.1814054817e-132	2.88914106078e-14	2.14093043184e-13	2.35705559757e-52	4.72414600917e-20	7.47565341337e-60	0.0	6.84775434557e-23	1.50908731165e-14	2.75589620378e-76	9.32164144236e-65	7.36207218868e-320
MA0079.3.SP1	0.0	0.0	3.0240673969e-231	1.17933469662e-320	0.0	0.0	0.0	0.0	6.32061469249e-201	1.07292972849e-106	7.7174618047e-165	0.0	0.0
UP00009_1_Nr2f2_primary	0.971632819923	0.99945234656	0.809069319489	0.605793629319	0.524788577566	0.943559814613	0.982348090721	0.710734536564	0.930476770984	0.978067201936	0.14201980667	0.763250811965	0.340539176073
MA0463.1.Bcl6	0.161453760812	0.991960388733	0.864891091313	0.176434151353	0.6665786145	0.990111025167	0.608162471486	0.000345146782297	0.814575808504	0.0038499914316	0.00538736922805	0.198563084531	0.0135486863411
MA0046.1.HNF1A	1.0	1.0	1.0	0.999999999883	0.999999999713	1.0	1.0	1.0	1.0	0.999999889462	0.999999577962	0.999999999988	0.999999999938
UP00178_1_Og2x_3719.1	1.0	0.999999999543	0.999989407305	0.999916443495	0.999845981899	0.999999994807	0.99934308135	0.999999998107	0.997750536267	0.977545103961	0.992809635252	0.959680722955	0.999968156246
MA0141.2.Esrrb	0.234062392703	0.936189862106	0.774090213709	0.683780535407	0.3413104897	0.963405874593	0.355410018414	0.000634044363342	0.419733171082	0.402440972189	0.00224193185044	0.456609882281	0.00261843780562
MA0058.2.MAX	1.0	0.999999999641	0.999512640117	0.994610640229	0.9596728419	0.999999075045	0.957716603789	0.999870279767	0.995395636665	0.874734126982	0.991550416004	0.96532734684	0.742194392994
UP00058_1_Tcf3_primary	1.0	1.0	0.999999999973	0.999999999787	0.999999999736	0.999999999944	1.0	1.0	0.999999968516	0.998449209751	0.999030915719	0.99999999998	0.999999572113
UP00076_1_Rfxdc2_primary	1.4625202314e-38	9.24721156685e-20	0.33028246909	0.0117376436652	3.51793284797e-10	2.41587659786e-05	0.00079447271774	5.13161797986e-19	0.00636410856736	0.17548074155	0.00137679761546	1.9377495808e-13	9.80173906151e-06
UP00021_1_Zfp281_primary	0.0	0.0	2.43611433797e-125	5.55685794834e-156	2.54557399569e-154	8.75213152075e-303	1.30158306691e-151	0.0	4.64142293545e-105	9.80448369416e-40	3.01403697882e-59	2.67985036286e-91	1.91483453085e-113
MA0081.1.SPIB	3.49008081095e-57	3.57617001409e-12	0.620803151181	0.143189149416	1.56877665533e-06	0.00140526342305	2.7586587346e-08	2.26387848825e-53	0.000132851616587	0.00516162237066	3.76774760316e-13	3.50102652862e-08	6.49843353346e-36
UP00216_1_Obox1_3970.2	1.0	1.0	0.999962927346	0.999998556626	0.999995344638	0.999999999757	0.999961847943	1.0	0.999993015176	0.99441261162	0.997595079334	0.999949131224	0.99999999959
MA0047.2.Foxa2	1.0	1.0	1.0	0.999999999797	0.999999999932	1.0	1.0	1.0	0.999999993691	0.999511600352	0.99999950676	0.999999999824	0.999144780299
UP00138_1_Bsx_3483.2	1.0	1.0	0.999759630979	0.999999812867	0.999999628588	1.0	0.999999993271	1.0	0.99999888366	0.999966698727	0.999613528474	0.999999613818	0.999994211539
UP00391_3_Hoxa3_2783.2	1.0	1.0	0.999929999976	0.999999989929	0.999980225591	1.0	0.999997305289	1.0	0.999999483018	0.995823652907	0.99404565546	0.999999842201	0.999984474688
UP00408_1_Gabpa_primary	8.97492749867e-315	2.26063094692e-122	9.44948131186e-11	1.50342832839e-08	1.05521041724e-50	1.29345856476e-53	2.37402765289e-15	2.4771003164e-191	1.17770149516e-14	1.69013402627e-09	3.6265264148e-39	1.32901716307e-70	2.04899659429e-79
UP00113_1_Hoxc4_3491.1	1.0	1.0	0.999999841951	0.999999999852	0.999999999667	1.0	1.0	1.0	0.999999999844	0.99999845663	0.999999999122	1.0	1.0
UP00086_1_Irf3_primary	0.984771725434	0.796516878053	0.994708863129	0.433088457444	0.304117836051	0.779107674294	0.81584205705	0.949426584368	0.883074866676	0.737212198161	0.270250696531	0.974245912784	0.609214728179
UP00053_1_Rxra_primary	1.0	1.0	0.941148212501	0.903958232927	0.999886215552	0.999999504705	0.997771653524	0.999999953618	0.996410711706	0.93651787473	0.923685007228	0.972000484188	0.999977802813
UP00220_1_Nkx1-1_3856.3	0.00124268607101	0.0203597673788	0.0949612844094	0.0546229723377	0.490264367945	0.287923599661	0.303139101464	0.0486128633933	0.289374606675	0.70766477556	0.512672655018	0.0117819995088	0.525588282522
UP00136_1_Prrx2_3072.1	1.0	1.0	0.999686850287	0.999996795471	0.999979405017	1.0	0.999998176787	1.0	0.999994743788	0.999723163086	0.999994288897	0.999974070876	0.999974955227
UP00265_1_Pitx3_3497.2	0.000535730484406	0.000771071340003	0.235753392839	0.609316254983	0.0175196710642	0.00838405741859	0.203056539383	0.300199231976	0.830978147292	0.650989712361	0.0822878725376	0.207977097561	0.48025063037
MA0124.1.NKX3-1	1.0	1.0	1.0	0.999999999985	0.999999999837	1.0	1.0	1.0	1.0	0.999999996288	0.999999985863	1.0	0.999999999932
UP00109_1_Obox6_3440.2	1.0	1.0	0.999993343306	0.999999999893	0.999999744447	1.0	0.99999999837	1.0	0.999997498142	0.997840678074	0.999986390061	0.999999999844	0.999999997573
UP00001_1_E2F2_primary	0.0	1.1214938997e-241	2.92076218779e-30	2.41364182929e-25	1.61465884732e-38	9.45057126559e-103	1.7730585765e-39	1.17212401774e-151	1.50069992652e-43	4.45882948473e-10	6.84450696194e-33	2.37342709384e-48	2.4311965985e-27
MA0481.1.FOXP1	1.0	1.0	1.0	0.999999999974	0.999999999728	1.0	1.0	1.0	1.0	0.999999999954	0.999999999771	0.999999999819	0.999999999841
UP00008_1_Six6_primary	1.0	0.999999999858	0.998857780429	0.999999144532	0.999999991272	1.0	0.999983299396	1.0	1.0	0.999994625743	0.999214512423	0.999999848659	0.999445505363
UP00225_1_Hlx1_2350.1	1.0	1.0	1.0	0.999999999966	0.999999999863	1.0	1.0	1.0	1.0	0.999999999968	0.999999999894	0.999999999998	0.999999999861
UP00087_1_Tcfap2c_primary	3.95965841275e-213	9.85576106352e-182	6.57842932152e-32	4.60498684547e-24	4.8739471441e-37	4.55503936575e-61	3.96412153142e-36	3.77195404959e-49	1.0470862358e-09	4.76809675042e-06	1.84267437243e-07	9.48971781985e-18	5.04672265085e-13
UP00193_1_Rhox11_1765.2	1.0	1.0	0.997959767296	0.984421168909	0.99547575107	0.999999992877	0.998291175236	0.997603309323	0.977957625051	0.900924157653	0.719834357273	0.976202720648	0.701792863003
MA0474.1.Erg	0.0	1.56283820726e-210	1.70323599479e-25	5.25640974788e-25	2.78454846565e-62	5.20096453448e-59	1.72040473581e-63	0.0	3.20241680153e-32	2.37063686962e-23	3.73824182197e-63	3.07521902834e-86	2.81996428925e-207
UP00148_1_Hdx_3845.3	1.0	1.0	0.999988062303	0.999999999858	0.99999999643	1.0	0.99999997967	1.0	0.999999808632	0.999939110429	0.999976024995	0.999999773005	0.999919666143
UP00163_1_En2_0952.1	1.0	1.0	0.999066098612	0.999999564581	0.999999674381	0.999999999998	0.999955559883	1.0	0.999905635523	0.99933848343	0.999968836939	0.999820986515	0.999948546037
MA0473.1.ELF1	0.0	6.65460344654e-171	3.78659337968e-19	4.72143741379e-16	2.20646570386e-56	1.93212352146e-56	4.77734893278e-31	1.33183728637e-306	3.37882968125e-27	1.82750106962e-14	3.56848494175e-60	2.89158841709e-75	2.48701210413e-157
UP00134_1_Hoxb13_3479.1	1.0	1.0	1.0	0.999999999943	0.999999999696	1.0	1.0	1.0	1.0	0.999999999975	0.99999988282	1.0	1.0
MA0031.1.FOXD1	0.999328709701	0.999997893584	0.998401132043	0.925973328917	0.95833383126	0.999931440733	0.917571099045	0.599677661518	0.99549202957	0.680475614955	0.781099202749	0.806811786729	0.0289574382549
MA0119.1.TLX1::NFIC	7.13441340257e-21	4.10681195376e-08	0.203653248533	0.000653060283086	5.10765195047e-08	0.299050226749	0.00240400350269	9.47957531357e-17	0.597980141557	0.0191962118907	0.010013325628	1.01244793404e-06	5.68859860882e-11
UP00254_1_Pou2f1_3081.2	1.0	1.0	1.0	0.999999999955	0.999999999868	0.999999999923	1.0	1.0	1.0	0.999999996894	0.999999999884	0.999999999935	0.999999999796
UP00124_1_Ipf1_3815.1	1.0	1.0	0.999999461522	0.999999999955	0.999999999881	1.0	0.99999988969	1.0	0.999999893088	0.999999042012	0.999785194527	0.99999994609	0.999869091627
UP00207_1_Hoxb9_3413.1	1.0	1.0	1.0	0.999999999853	0.99999999974	1.0	1.0	1.0	1.0	0.999999999957	0.999999977313	0.999999999985	1.0
MA0519.1.Stat5a::Stat5b	0.000317664449943	0.0761123492625	0.396661832253	0.0849019226904	0.00584313108386	0.843779967274	0.490526255736	0.00044397058436	0.717725246363	0.334300203859	0.00520937783679	0.0707403355701	0.000252836834858
MA0092.1.Hand1::Tcfe2a	0.306435727172	0.973247372641	0.359713026209	0.771763456237	0.959164233795	0.987726496491	0.269622718052	0.00356759310164	0.848596774305	0.190080614551	0.0020448309521	0.272319622612	0.00925589040158
MA0508.1.PRDM1	1.0	0.99999999988	0.999999793337	0.999999999693	0.999998773121	0.99999999738	0.997882209072	0.999999540538	0.999540133477	0.692041463069	0.999333256118	0.998227586263	0.952512522516
MA0442.1.SOX10	1.0	1.0	0.999999689605	0.99878101475	0.999999849711	1.0	0.999999987036	1.0	0.999353621326	0.921085457371	0.999625457924	0.999999974771	0.986684701783
UP00221_1_Phox2a_3947.1	1.0	0.999999999881	0.999783788921	0.999999817157	0.999999947929	1.0	0.999972462517	1.0	0.999969710246	0.999402413065	0.999932597712	0.999999934713	0.999998404895
MA0125.1.Nobox	1.0	1.0	0.999999994266	0.999995744199	0.999999973015	0.999999999994	0.999988574228	1.0	0.999999970431	0.993899549466	0.998144492004	0.999996276575	0.999999443347
UP00181_1_Barx1_2877.1	1.0	1.0	0.999996033237	0.999999411798	0.999999528361	1.0	0.999999998589	1.0	0.994338514467	0.999972127108	0.999858218554	0.999999975417	0.999950891645
MA0115.1.NR1H2::RXRA	0.993796536682	0.999937030888	0.959746656263	0.977491742701	0.960787814574	0.979763398352	0.874306211526	0.493712413942	0.978388940761	0.984623957421	0.108190091915	0.738817469262	0.00504888565936
UP00137_1_Hoxb3_1720.2	0.999999999627	0.999999999982	0.999953889608	0.99978396272	0.999966095248	1.0	0.998147148773	0.999999663549	0.999651146843	0.99910573004	0.440826333351	0.999961197772	0.976517514634
MA0030.1.FOXF2	1.0	1.0	0.999999274797	0.999991768042	0.999999866628	1.0	0.999999875267	1.0	0.999861539728	0.999232562461	0.999977590569	0.999811716904	0.973651713409
MA0089.1.NFE2L1::MafG	0.205705780084	0.999947252094	0.995449170904	0.90848018609	0.861228882629	0.999857791057	0.721776186751	2.90298435474e-07	0.316440668104	0.979543453626	0.712783583383	0.149465584128	6.48182659555e-14
UP00110_1_Dlx4_3488.2	1.0	1.0	0.999998815558	0.999999999502	0.999999999711	1.0	0.999999999791	1.0	0.999974323197	0.99977990124	0.998069503997	0.999999999701	0.999999987126
UP00256_1_Lhx6_2272.1	1.0	1.0	0.999997356221	0.999999994713	0.9999999862	1.0	0.999996800163	1.0	0.999999276409	0.999987276286	0.99993735527	0.999997735968	0.999998578438
MA0107.1.RELA	0.0	0.0	1.02126084605e-36	1.02492003107e-42	1.45985945017e-143	4.35492283099e-104	3.45224380627e-133	1.9245405095e-49	0.00774131828762	0.000937530497914	1.19527035138e-06	1.24058937487e-12	2.46005845661e-34
MA0093.2.USF1	2.33496287302e-05	0.0232172203537	0.141574371235	0.858608242846	0.0607408311273	0.372230215891	0.0133566125063	0.000106317149901	0.013130624717	0.684522352565	0.158675974025	0.0471701601996	0.00991702033001
UP00049_1_Sp100_primary	0.00120077571533	0.0111548810663	0.141214501149	0.499696135244	0.0599149188886	0.148970545485	0.374827675487	0.000332067155832	0.499276476584	0.352361752916	0.711632588117	0.0347262877005	0.00541420688475
MA0108.2.TBP	1.0	0.999999999861	0.700933006433	0.999900471562	0.999998020217	1.0	0.999984046016	1.0	0.946850453114	0.970566509727	0.987678877153	0.999997890401	0.999681507057
UP00052_1_Osr2_primary	1.0	0.999957897798	0.996188073934	0.947921608416	0.812532738957	0.996822023473	0.937677858051	0.99991869995	0.988205587313	0.830280972082	0.97822128177	0.984272948328	0.937765190632
UP00167_1_En1_3123.2	1.0	1.0	0.999999917251	0.999996092697	0.999999999649	1.0	0.999999765686	1.0	0.999998332181	0.99999972446	0.999999306894	0.999999999839	1.0
MA0514.1.Sox3	1.0	0.999999999879	0.999954756317	0.988849207166	0.999837148255	0.999999999949	0.999967885804	0.999886128723	0.99945551507	0.577818555054	0.984207670971	0.998356169606	0.719971933054
UP00022_1_Zfp740_primary	0.0	3.1090709173e-233	3.21801591819e-47	5.51411973027e-43	4.39141855458e-38	5.01341593652e-64	2.82640082237e-51	8.88546527456e-104	8.01434526023e-34	4.63254003191e-14	1.54185416402e-14	1.49108987845e-23	1.36622879123e-26
MA0088.1.znf143	2.01921839656e-31	3.7356102154e-14	0.234418977637	0.000639225741381	3.58733180232e-06	8.83040277799e-07	0.00070844765136	3.80312572344e-20	0.0534650772754	0.000300444432451	5.40885930431e-05	1.3117845387e-06	1.2774319296e-07
UP00042_1_Gm397_primary	1.0	1.0	0.99997222832	0.977504728592	0.999974128978	1.0	0.999580909928	1.0	0.995605539176	0.93794143783	0.995211103068	0.999999977242	0.999999999883
UP00131_1_Gbx2_3110.1	1.0	0.999999996461	0.999834981437	0.994631128333	0.979285522536	0.999998417027	0.96188984812	0.999260530527	0.999167390603	0.946345698465	0.963258339735	0.881383404143	0.94462187366
MA0042.1.FOXI1	1.0	0.999999999645	1.0	0.999999999815	1.0	1.0	1.0	1.0	1.0	0.999999999007	0.999999999883	0.999999999955	0.999999999912
UP00082_1_Zfp187_primary	1.0	1.0	1.0	0.999999999827	0.999999999872	1.0	1.0	1.0	0.999999998791	0.999999576934	0.999999999823	0.9999999997	0.999999999985
MA0465.1.CDX2	1.0	1.0	1.0	0.999999999888	0.999999999708	1.0	1.0	1.0	1.0	0.999999999934	0.999999999239	0.999999999921	0.999999999911
UP00077_1_Srf_primary	1.0	0.999999999872	0.728422849193	0.999969398429	0.999995666034	1.0	0.997666890453	1.0	0.577830861436	0.976722858927	0.935398413378	0.99999996103	0.999992673924
MA0135.1.Lhx3	1.0	1.0	0.999999999988	0.999999999752	0.999999999637	1.0	1.0	1.0	1.0	0.999999999974	0.999999999767	0.999999999998	0.999999999823
UP00196_1_Hoxa4_3426.1	1.0	0.999999999687	0.999999884942	0.999999983721	0.99999999987	1.0	1.0	1.0	0.999999995429	0.999962713538	0.99999857015	0.999999999793	1.0
UP00189_1_Hoxa5_3415.1	1.0	1.0	0.999999687488	0.999999999786	0.999999658025	1.0	0.999999908262	1.0	0.999998335327	0.999994906368	0.999810704534	0.999999963961	0.999999894337
UP00057_1_Zic2_primary	0.0	0.0	1.33181351709e-54	9.1673122956e-73	2.37996243161e-70	3.2545037369e-112	1.43541363904e-41	1.61497067792e-117	2.01421717538e-27	1.49929755595e-26	2.13782167999e-18	4.05793510913e-27	4.77762643481e-29
UP00017_1_Nkx3-1_primary	1.0	0.999999999913	0.996607081254	0.999998460919	0.999973295609	0.999999999695	0.998635108146	1.0	0.995344073978	0.999836423154	0.985084436302	0.999999987689	0.997511208866
UP00033_1_Zfp410_primary	0.999999178008	0.999366061616	0.998424757585	0.551250493999	0.731531760877	0.988619747081	0.811320739225	0.999593963287	0.997958373809	0.607619767114	0.974478426275	0.971792744775	0.902170882768
MA0106.2.TP53	0.985288826709	0.962818076214	0.865070372028	0.843492365247	0.486218282342	0.893183789224	0.944207269843	0.896755241462	0.752258054659	0.107808076972	0.773213040385	0.861891282528	0.870292876464
MA0466.1.CEBPB	1.0	0.999999999844	1.0	0.999999999818	0.999999999846	1.0	1.0	1.0	0.99999999971	0.999999998494	0.999999999794	1.0	1.0
UP00056_1_Rfx4_primary	4.9316804659e-22	1.16668816465e-11	0.236110443074	0.167330977282	0.000364557847486	2.14680303892e-05	0.0021270501566	3.2376956029e-13	0.012328694243	0.107057593118	0.0892809149055	1.12420902849e-08	3.35030861517e-05
UP00153_1_Pitx1_2312.1	0.999999999986	1.0	0.990116639544	0.999924307271	0.999999940735	0.999999999212	0.999102434156	1.0	0.99999989458	0.97676163887	0.999297502006	0.999784221159	0.999999859566
UP00016_1_Sry_primary	1.0	1.0	1.0	0.99999999985	0.999999999626	1.0	1.0	1.0	1.0	0.999999999954	0.999999999787	0.999999999906	0.999999999882
UP00198_1_Cphx_3484.1	1.0	1.0	0.999984425528	0.999999993133	0.999999994119	1.0	0.999986441931	1.0	0.998050344853	0.999542153194	0.995725647333	0.999999776572	0.999827734547
MA0596.1.SREBF2	0.999999903901	0.999999970965	0.983544772163	0.980179132712	0.990598815053	0.999990916709	0.761402647662	0.995165308266	0.609016962015	0.210780837639	0.965106925409	0.909820182367	0.865976456633
UP00014_1_Sox17_primary	1.0	1.0	1.0	0.999999999827	0.999999999762	1.0	1.0	1.0	1.0	0.999999999883	0.99999999518	0.999999999829	1.0
MA0037.2.GATA3	1.0	0.999999999458	0.999999994574	0.999999981643	0.999980379568	1.0	0.999999499229	1.0	0.999931822941	0.993932145438	0.981161079616	0.9999809931	0.994364556015
MA0510.1.RFX5	3.39940414381e-52	8.60503902513e-35	2.25465393608e-05	3.09743661281e-08	2.27189765566e-09	3.10085693903e-08	2.74719625434e-11	1.45238706423e-23	0.0110833497166	0.00292255831335	2.23565638295e-08	0.000312716621702	1.06808392272e-12
MA0014.2.PAX5	0.118586190987	0.342185301919	0.981157253943	0.576776483247	0.0973140333177	0.177716033334	0.799490699627	0.176323178748	0.551259159483	0.380786019162	0.771603260169	0.0972837393255	0.118964998061
MA0520.1.Stat6	1.0	0.999999999346	0.999887354037	0.999999999578	0.857022344111	0.999999999942	0.890906682484	0.997776623368	0.995352960356	0.888009357094	0.7061835702	0.99959813521	0.565662910712
UP00242_1_Hoxc8_3429.2	1.0	1.0	0.999999988867	0.999999999906	0.999999999814	1.0	1.0	1.0	1.0	0.999999995937	0.999998118022	1.0	0.999999999923
UP00074_1_Isgf3g_primary	1.0	0.999999999786	0.999999984741	0.999999682494	0.999999865619	1.0	0.999999919879	1.0	0.999947684071	0.997741174577	0.985119133347	0.99999953053	0.999999918776
MA0098.2.Ets1	0.0	5.17752388423e-252	1.98088582903e-29	3.16468799036e-27	4.06749561284e-78	2.81452707626e-76	4.32065809633e-63	0.0	2.02485734154e-35	5.62085969446e-31	1.09354548597e-84	1.19197215033e-94	2.64007336246e-220
UP00019_1_Zbtb12_primary	1.0	1.0	0.999999976672	0.999752068869	0.999985388962	0.999999974326	0.999631607858	0.999998099458	0.991311388065	0.879049801066	0.957033835547	0.999372414641	0.996143555074
UP00118_1_Pou4f3_2791.1	1.0	1.0	1.0	0.999999999949	0.999999999968	1.0	1.0	1.0	1.0	0.999980283045	0.999999999819	0.999999999951	1.0
UP00175_1_Lhx9_3492.1	1.0	1.0	0.999267060689	0.999992648846	0.999999999194	1.0	0.999999829722	1.0	0.999999334131	0.999811716269	0.999999948231	0.999999417492	0.999999999271
MA0130.1.ZNF354C	1.0	1.0	1.0	1.0	1.0	1.0	1.0	1.0	1.0	1.0	1.0	1.0	1.0
UP00060_1_Max_primary	1.9781446281e-39	1.18620594789e-24	0.000136040251343	0.00475583047621	2.13918744665e-06	4.54829209446e-10	0.000354326135981	1.42258300528e-16	3.5994550985e-05	0.00336748147249	1.30022509376e-05	0.00049368722748	1.31129135867e-07
UP00260_1_Hoxc6_3954.2	1.0	1.0	0.999999997264	1.0	0.999999999661	1.0	0.999999999991	1.0	1.0	0.999999999555	0.999999999792	0.999999999947	1.0
UP00232_1_Dobox4_3956.2	1.0	1.0	0.999997366031	0.999994710397	0.999999999792	1.0	0.999999789703	1.0	0.999999998259	0.998718767805	0.999999993275	0.99999999974	1.0
UP00149_1_Phox2b_3948.1	1.0	1.0	0.999999955142	0.999999968462	0.999999999962	1.0	0.999999997737	1.0	0.999999999542	0.999999632674	0.999999162587	0.999999999732	0.999999999848
UP00229_1_Otx1_2325.1	1.0	1.0	0.99999812403	0.999992117121	0.99999578242	0.999999999576	0.999994044071	1.0	0.999899609949	0.988141075013	0.978340346407	0.995495910608	0.99999928685
UP00235_1_Hoxc11_3718.2	1.0	1.0	0.999998529078	0.998835562797	0.999999991272	1.0	0.999999935537	0.99999997405	0.99988083116	0.988687358812	0.999769804405	0.999528957918	0.990057934332
UP00032_1_Gata3_primary	1.0	1.0	0.999999999998	0.999999999955	0.999999999668	1.0	0.999999548382	1.0	0.999998375017	0.999624344665	0.974622891998	0.999999999216	0.999999995423
MA0593.1.FOXP2	0.99999999977	1.0	0.999999999964	0.999999999904	0.999999998788	1.0	0.999999181361	0.999999995803	0.999996241307	0.99965833083	0.997420211592	0.999999998855	0.397949898554
MA0464.1.Bhlhe40	0.00100697978601	0.00526072751113	0.411176067817	0.454600213147	0.0656758059854	0.145541423139	0.0270316841092	0.0174137211438	0.226664988322	0.71893168936	0.419754711146	0.0475198564475	0.1294130368
IRF8_IECS_HAND_KANO	0.997097641735	1.0	0.990303215392	0.997077076675	0.945504550454	0.999999741546	0.942319546024	0.106769655271	0.835078086038	0.841701468254	0.048286894715	0.359255834371	0.0059348254429
UP00158_1_Pou1f1_3818.1	1.0	1.0	0.99999999998	0.999999999818	0.999999999805	0.999999999991	1.0	1.0	1.0	0.999999999951	0.999999999802	1.0	0.999999999847
MA0112.2.ESR1	8.54610676873e-24	2.92752225697e-17	0.000145324629508	2.75838126602e-07	0.000431022637373	0.000939678670406	1.15571023583e-05	2.31152814317e-09	0.419791832328	0.00428132165849	0.11134627904	0.00182049552145	7.43144529971e-05
MA0104.3.Mycn	2.30328750804e-39	1.63152974449e-22	0.000530147013376	2.10342051403e-05	6.96422230385e-07	7.50051583799e-06	1.98441308835e-06	3.2507619372e-21	0.00102940005846	0.147485593892	2.99342450569e-05	1.25115282502e-08	4.27508993534e-07
UP00061_1_Foxl1_primary	1.0	1.0	1.0	0.99999999992	0.999999999807	1.0	1.0	1.0	1.0	0.999999999904	0.9999999998	1.0	0.999999999829
MA0033.1.FOXL1	1.0	0.999999999998	1.0	0.999999999925	0.999999999683	1.0	1.0	1.0	1.0	0.999999999991	0.999999999809	0.999999999919	0.999999999892
MA0100.2.Myb	0.854399678474	0.999974278653	0.827018869834	0.992096112301	0.983474160562	0.998791735286	0.799200212595	0.0127295686665	0.717430247933	0.344610869078	0.574533333318	0.0843196256754	0.00258943034819
MA0512.1.Rxra	0.981159265087	0.99977750017	0.984949337199	0.96061647404	0.579706083164	0.999939412623	0.0472423913652	0.590195117348	0.994644075757	0.554545480996	0.109475452609	0.943520887608	0.38790834132
MA0062.2.GABPA	0.0	0.0	5.17228034138e-30	9.20319422274e-41	1.00405811059e-117	1.19854473225e-163	7.42084579567e-42	0.0	2.95322380431e-53	1.98821858952e-22	6.46552020807e-56	5.65589589886e-122	1.9641373088e-107
UP00083_1_Tcf7l2_primary	1.0	0.999999999889	0.999997549401	0.999936507613	0.999999983434	1.0	0.999980357567	1.0	0.998713636939	0.903428074159	0.996390589071	0.999999999996	0.988761973207
UP00245_1_Hoxc10_2779.2	1.0	1.0	0.999999026572	0.996297404541	0.999999757569	0.999999999708	0.999997687387	0.999971686357	0.999944257358	0.977545103961	0.997294833838	0.99953457572	0.655820603746
MA0506.1.NRF1	0.0	0.0	1.86964990072e-86	2.66756632433e-139	3.48072172026e-231	0.0	1.20251527913e-135	0.0	3.17436548908e-125	9.85268525197e-52	3.1158920881e-101	2.64902494593e-208	6.19394595178e-163
MA0032.1.FOXC1	0.999372677695	0.999178023411	0.592005724658	0.977460673177	0.879218471039	0.895514830497	0.9960805154	0.974085809474	0.947285799376	0.993632255453	0.566971019924	0.984140601418	0.51628236488
MA0475.1.FLI1	0.0	4.33740545976e-309	2.53355576764e-31	3.08734401952e-29	2.68509826099e-101	2.68201342613e-97	3.23770384636e-65	0.0	1.22432580331e-48	3.04631573052e-36	5.06058476983e-83	5.12566604486e-109	1.30048864082e-234
UP00006_1_Zic3_primary	0.0	0.0	1.82078945565e-49	2.82445208981e-71	7.27533754657e-66	3.11477740451e-122	2.01714616252e-39	1.18717467285e-119	7.18218907515e-28	7.91721503527e-24	7.37317984622e-18	1.39687177686e-24	3.7105734333e-32
MA0480.1.Foxo1	1.0	1.0	0.999999999945	0.999985985719	0.99758965318	0.99999999982	0.998275814768	0.518731639085	0.968193958271	0.832690991103	0.439531312328	0.975105566479	0.000623014400146
MA0043.1.HLF	1.0	1.0	0.984178730551	0.967582168359	0.996974745182	0.999979417365	0.99999960273	0.999423199716	0.998774680661	0.913263899837	0.596940679863	0.958171965367	0.987449256352
UP00128_1_Pou3f2_2824.1	1.0	1.0	0.999999999957	0.999999999964	0.99999999989	1.0	1.0	1.0	0.999999999749	0.999999978106	0.999999996539	1.0	0.99999999995
MA0139.1.CTCF	4.56021904438e-280	8.34705453257e-200	5.41710909519e-27	8.20881452639e-40	3.55860078882e-36	3.48571237226e-49	4.72161123212e-49	2.44894564774e-101	1.24225760606e-15	1.93448893315e-09	2.63198708521e-15	5.06268539039e-20	9.50332533896e-44
UP00143_1_Dobox5_3493.1	1.0	1.0	0.999991944166	0.999919832057	0.999494223653	0.999927384211	0.999998661228	1.0	0.999979405089	0.931255119731	0.915990757703	0.941788971415	0.999999245283
UP00092_1_Myb_primary	0.00261618841564	0.167215664798	0.246207741363	0.43743939297	0.367171056889	0.124252256633	0.839936023382	0.00365262772138	0.400087939432	0.710418657833	0.69799660217	0.00461298945943	0.0468542604582
MA0598.1.EHF	0.0	1.00476030802e-134	1.68443055912e-15	5.2318614364e-25	1.00425531773e-39	2.34741740487e-29	1.13502879098e-45	3.41719237981e-229	1.05136481137e-23	3.00434875262e-14	3.40123412232e-41	6.36619646336e-52	7.10283979546e-129
MA0489.1.JUN.var.2	0.0	1.10860652905e-89	2.28799518915e-09	1.11469855237e-09	8.37444466768e-48	8.11435077688e-09	3.10307870814e-46	0.0	1.21244093846e-19	8.73281626557e-16	4.42584844367e-72	2.65134458069e-54	2.33588135198e-293
UP00039_1_Foxj3_primary	1.0	0.999999999954	0.99999999998	0.99999999998	0.999999999946	1.0	1.0	1.0	1.0	0.999999849956	0.999999999788	1.0	0.999999999464
UP00015_1_Ehf_primary	2.50235960311e-178	4.63508296013e-72	1.04998321078e-09	1.75023593333e-07	6.75147606452e-32	9.61248766082e-26	1.79526784558e-08	1.56277498598e-125	3.41139137986e-09	0.00300802970224	2.33136549876e-24	8.04106515474e-52	2.08238802203e-48
UP00017_3_Nkx3-1_2923.2	1.0	1.0	0.99999933767	0.999999999193	0.999999727323	1.0	0.999976931393	1.0	0.999999946307	0.999956527568	0.999573088407	0.999999991434	0.999999808147
MA0502.1.NFYB	2.78250473397e-24	2.82856762134e-09	0.090256184369	0.0859953105694	0.17753990208	4.39408307364e-12	0.100611626948	2.87178256592e-13	0.000653510514853	0.0939284733645	2.24629903833e-06	2.91390175976e-06	0.00116624801154
UP00209_1_Cart1_0997.1	1.0	0.999999999876	0.99988978524	0.99999998238	0.999999997584	1.0	0.999998901737	1.0	0.999994949939	0.999998297614	0.999999735591	0.99999975398	0.999999999605
UP00091_1_Sox5_primary	1.0	1.0	0.999999999855	0.99999999994	0.999999999664	0.999999999999	1.0	1.0	0.999999947861	0.999994598135	0.999825628497	0.999999999932	0.998479195281
MA0513.1.SMAD2::SMAD3::SMAD4	0.460785625622	0.761832493057	0.647335476132	0.302429144699	0.643526104251	0.998865795395	0.0326573135054	0.336429194488	0.141395542907	0.248549642672	0.73871941261	0.771673816932	0.242830720982
UP00117_1_Hoxd11_3873.1	1.0	1.0	0.999990346176	0.984058113635	0.999999987786	1.0	0.999998446121	0.999999359721	0.999807073995	0.98421868271	0.995038348535	0.99982082604	0.899701095749
