	all	with	with_clust1	with_clust2	with_clust3	with_clust4	with_clust5	wo	wo_clust1	wo_clust2	wo_clust3	wo_clust4	wo_clust5
UP00079_1_Esrra_primary	1.0	1.0	1.0	1.0	1.0	1.0	1.0	1.0	1.0	1.0	1.0	1.0	1.0
MA0258.2.ESR2	5.99331695383e-11	3.65993428897e-08	0.996529619313	0.785633535355	0.27168208275	0.490579214919	0.983978236176	0.00899391816832	1.0	1.0	1.0	1.0	0.0279537810655
UP00116_1_Rhox6_4251.1	1.0	1.0	1.0	1.0	1.0	1.0	1.0	1.0	1.0	1.0	1.0	1.0	1.0
UP00104_1_Hmx1_3423.1	1.0	1.0	1.0	1.0	1.0	1.0	1.0	1.0	1.0	1.0	1.0	1.0	1.0
MA0152.1.NFATC2	1.0	1.0	1.0	1.0	1.0	1.0	1.0	1.0	1.0	1.0	1.0	1.0	1.0
UP00228_1_Bapx1_2343.1	1.0	1.0	1.0	1.0	1.0	1.0	1.0	1.0	1.0	1.0	1.0	1.0	1.0
MA0498.1.Meis1	1.0	1.0	1.0	1.0	1.0	1.0	1.0	0.119615869525	1.0	1.0	1.0	1.0	0.27338740687
MA0163.1.PLAG1	0.0	0.0	0.0	0.0	0.0	0.0	0.0	0.0	0.0	5.06261699229e-14	0.0	0.0	0.0
MA0078.1.Sox17	1.0	1.0	1.0	1.0	1.0	1.0	1.0	1.0	1.0	1.0	1.0	1.0	1.0
MA0137.3.STAT1	1.44514982037e-06	0.999886340199	1.0	1.0	0.999999999792	1.0	0.999999999895	1.80504600976e-05	1.0	1.0	0.982902059311	0.164447820342	3.36295599103e-05
UP00107_1_Nkx2-4_3074.1	1.0	1.0	1.0	1.0	1.0	1.0	1.0	1.0	1.0	1.0	1.0	1.0	1.0
MA0156.1.FEV	0.0	0.0	0.00847828186144	0.517470386163	0.0	1.03394262041e-08	2.73114864058e-12	0.0	7.56646002997e-06	0.000389309945453	0.0	0.0	0.0
MA0111.1.Spz1	1.0	1.0	1.0	1.0	1.0	1.0	1.0	1.0	1.0	1.0	1.0	1.0	1.0
UP00106_1_Vax2_3500.1	1.0	1.0	1.0	1.0	1.0	1.0	1.0	1.0	1.0	1.0	1.0	1.0	1.0
MA0528.1.ZNF263	0.0	0.0	0.0	0.0	0.0	0.0	0.0	0.0	0.0	0.0	0.0	0.0	0.0
UP00051_1_Sox8_primary	1.0	1.0	1.0	1.0	1.0	1.0	1.0	1.0	1.0	1.0	1.0	1.0	1.0
UP00257_1_Shox2_2641.2	1.0	1.0	1.0	1.0	1.0	1.0	1.0	1.0	1.0	1.0	1.0	1.0	1.0
MA0063.1.Nkx2-5	1.0	1.0	1.0	1.0	1.0	1.0	1.0	1.0	1.0	1.0	1.0	1.0	1.0
UP00250_1_Irx5_2385.1	1.0	1.0	1.0	1.0	1.0	1.0	1.0	1.0	1.0	1.0	1.0	1.0	1.0
UP00004_1_Sox14_primary	1.0	1.0	1.0	1.0	1.0	1.0	1.0	1.0	1.0	1.0	1.0	1.0	1.0
UP00206_1_Hoxb7_3953.1	1.0	1.0	1.0	1.0	1.0	1.0	1.0	1.0	1.0	1.0	1.0	1.0	1.0
UP00075_1_Sox15_primary	1.0	1.0	1.0	1.0	1.0	1.0	1.0	1.0	1.0	1.0	1.0	1.0	1.0
UP00226_1_Mrg1_2246.2	1.0	1.0	1.0	1.0	1.0	1.0	1.0	1.0	1.0	1.0	1.0	1.0	1.0
MA0470.1.E2F4	0.0	0.0	0.0	0.0	0.0	0.0	0.0	0.0	0.0	0.0	0.0	0.0	0.0
MA0499.1.Myod1	0.0	0.0	0.936006026641	0.000236713216339	7.00384195085e-12	2.73744333157e-06	3.07920487774e-07	0.0	0.334566440978	0.136591414739	0.0101756453071	0.00308567194638	0.0
MA0472.1.EGR2	0.0	0.0	0.0	0.0	0.0	0.0	0.0	0.0	0.0	0.0	0.0	0.0	0.0
UP00023_1_Sox30_primary	1.0	1.0	1.0	1.0	1.0	1.0	1.0	1.0	1.0	1.0	1.0	1.0	1.0
MA0019.1.Ddit3::Cebpa	1.0	1.0	1.0	1.0	1.0	1.0	1.0	1.0	1.0	1.0	1.0	1.0	1.0
UP00244_1_Tlx2_3498.2	1.0	1.0	1.0	1.0	1.0	1.0	1.0	1.0	1.0	1.0	1.0	1.0	1.0
UP00159_1_Six2_2307.2	1.0	1.0	1.0	1.0	1.0	1.0	1.0	1.0	1.0	1.0	1.0	1.0	1.0
UP00100_1_Gata6_primary	1.0	1.0	1.0	1.0	1.0	1.0	1.0	1.0	1.0	1.0	1.0	1.0	1.0
MA0072.1.RORA_2	1.0	1.0	1.0	1.0	1.0	1.0	1.0	1.0	1.0	1.0	1.0	1.0	1.0
MA0485.1.Hoxc9	1.0	1.0	1.0	1.0	1.0	1.0	1.0	1.0	1.0	1.0	1.0	1.0	1.0
UP00183_1_Hoxa13_3126.1	1.0	1.0	1.0	1.0	1.0	1.0	1.0	1.0	1.0	1.0	1.0	1.0	1.0
UP00253_1_Rax_3443.1	1.0	1.0	1.0	1.0	1.0	1.0	1.0	1.0	1.0	1.0	1.0	1.0	1.0
UP00238_1_Nkx6-3_3446.1	1.0	1.0	1.0	1.0	1.0	1.0	1.0	1.0	1.0	1.0	1.0	1.0	1.0
UP00201_1_Emx2_3420.1	1.0	1.0	1.0	1.0	1.0	1.0	1.0	1.0	1.0	1.0	1.0	1.0	1.0
UP00230_1_Dlx5_3419.2	1.0	1.0	1.0	1.0	1.0	1.0	1.0	1.0	1.0	1.0	1.0	1.0	1.0
UP00168_1_Hoxd8_2644.1	1.0	1.0	1.0	1.0	1.0	1.0	1.0	1.0	1.0	1.0	1.0	1.0	1.0
UP00391_1_Hoxa3_primary	1.0	1.0	1.0	1.0	1.0	1.0	1.0	1.0	1.0	1.0	1.0	1.0	1.0
MA0507.1.POU2F2	1.0	1.0	1.0	1.0	1.0	1.0	1.0	1.0	1.0	1.0	1.0	1.0	1.0
MA0599.1.KLF5	0.0	0.0	0.0	0.0	0.0	0.0	0.0	0.0	0.0	0.0	0.0	0.0	0.0
E2A-Homer	0.0	0.0	0.211512333374	3.65688099997e-05	0.0	4.5852210917e-13	9.14823772291e-13	0.0	7.06558567343e-06	0.0052026340099	1.52411416821e-12	5.52891066263e-13	0.0
UP00182_1_Hoxa6_1040.1	1.0	1.0	1.0	1.0	1.0	1.0	1.0	1.0	1.0	1.0	1.0	1.0	1.0
UP00099_1_Ascl2_primary	0.0	0.0	0.888426124224	5.51312240304e-09	1.10687958799e-09	6.32450591898e-09	2.84918755256e-11	0.0	0.145879273383	0.000397670062772	0.00107427718407	0.000413109876136	5.31574784191e-13
MA0600.1.RFX2	0.0	0.0	0.999751825201	0.150250633471	1.90417053108e-05	1.32901689653e-10	0.0069880849358	0.0	0.960294471701	0.998675439995	5.90503076103e-06	2.95019324525e-08	2.66427545481e-06
UP00078_1_Arid3a_primary	1.0	1.0	1.0	1.0	1.0	1.0	1.0	1.0	1.0	1.0	1.0	1.0	1.0
UP00080_1_Gata5_primary	1.0	1.0	1.0	1.0	1.0	1.0	1.0	1.0	1.0	1.0	1.0	1.0	1.0
UP00249_1_Nkx2-5_3436.1	1.0	1.0	1.0	1.0	1.0	1.0	1.0	1.0	1.0	1.0	1.0	1.0	1.0
UP00008_3_Six6_2267.4	1.0	1.0	1.0	1.0	1.0	1.0	1.0	1.0	1.0	1.0	1.0	1.0	1.0
UP00024_1_Glis2_primary	4.13002965161e-14	6.83897383169e-13	0.23570122591	0.000714058189428	0.152272622699	0.0179382518903	0.0286952293455	0.474275483803	0.999982173761	1.0	0.999999999991	1.0	1.0
UP00025_1_Foxk1_primary	1.0	1.0	1.0	1.0	1.0	1.0	1.0	1.0	1.0	1.0	1.0	1.0	1.0
MA0500.1.Myog	0.0	0.0	0.0883242420775	1.2679365426e-05	0.0	3.47826212277e-11	0.0	0.0	4.66865611205e-05	0.0114806683952	2.27551311127e-12	5.66512303735e-09	0.0
MA0461.1.Atoh1	0.0	0.0	0.0147139772996	0.0678177730009	4.21295354158e-09	0.0291222998463	1.68842888837e-06	0.0	0.35517054776	0.0135279730373	3.44845308975e-07	2.88511528668e-07	0.0
MA0161.1.NFIC	1.0	1.0	1.0	1.0	1.0	1.0	1.0	1.0	1.0	1.0	1.0	1.0	1.0
MA0035.3.Gata1	1.0	1.0	1.0	1.0	1.0	1.0	1.0	1.0	1.0	1.0	1.0	1.0	1.0
UP00248_1_Pax7_3783.1	1.0	1.0	1.0	1.0	1.0	1.0	1.0	1.0	1.0	1.0	1.0	1.0	1.0
UP00089_3_Tcf1_2666.2	1.0	1.0	1.0	1.0	1.0	1.0	1.0	1.0	1.0	1.0	1.0	1.0	1.0
MA0029.1.Mecom	1.0	1.0	1.0	1.0	1.0	1.0	1.0	1.0	1.0	1.0	1.0	1.0	1.0
UP00406_1_Spdef_primary	0.0	0.0	0.992210654824	1.0	1.16113341164e-10	3.07297378954e-06	0.00198288917343	0.0	0.058206936774	0.99879785673	1.90788784771e-09	0.0	0.0
UP00047_1_Zbtb7b_primary	0.0	1.28563826252e-13	0.00617410202034	0.0130368215568	0.995472465773	0.000126976233221	0.00804581800287	0.677774208243	0.931907226045	1.0	1.0	1.0	0.999992655875
MA0521.1.Tcf12	0.0	0.0	0.72190748991	0.0132098047267	0.0	1.83993370317e-07	0.0	0.0	0.000270392316112	0.136591414739	8.06271716058e-11	6.61840912075e-08	0.0
UP00267_1_Otx2_3441.1	1.0	1.0	1.0	1.0	1.0	1.0	1.0	1.0	1.0	1.0	1.0	1.0	1.0
UP00030_1_Sox11_primary	1.0	1.0	1.0	1.0	1.0	1.0	1.0	1.0	1.0	1.0	1.0	1.0	1.0
UP00018_1_Irf4_primary	1.0	1.0	1.0	1.0	1.0	1.0	1.0	1.0	1.0	1.0	1.0	1.0	1.0
UP00084_1_Gmeb1_primary	0.0	8.52651282912e-13	0.790653171206	1.0	0.00818679446976	3.64854714552e-07	0.807671938699	0.0	0.630808795444	0.317449603153	0.982713156361	0.00915022570168	0.142994615001
MA0150.2.Nfe2l2	0.0	1.78124182071e-11	0.999421833561	1.0	0.00082643280451	0.480619629556	1.84297022088e-13	0.0	0.0148012433405	0.389188537048	0.0	7.28430815666e-09	0.0
MA0018.2.CREB1	1.00772565625e-07	0.999999970922	1.0	1.0	0.344868102897	1.0	1.0	6.27467950931e-08	1.0	0.989440050493	0.99999999948	0.0112550933025	0.0207814439532
UP00081_1_Mybl1_primary	0.369049380961	0.999999999999	1.0	1.0	1.0	0.99999999658	1.0	0.246875486643	1.0	1.0	1.0	0.999988488384	0.751157867951
MA0067.1.Pax2	0.0	0.0	2.62962984721e-11	1.10974562872e-11	0.0	0.0	4.5852210917e-13	0.0	1.86864845708e-07	1.25159261177e-07	9.61453139325e-14	0.0	0.0
UP00155_1_Hmx2_3424.3	1.0	1.0	1.0	1.0	1.0	1.0	1.0	1.0	1.0	1.0	1.0	1.0	1.0
MA0068.1.Pax4	1.0	1.0	1.0	1.0	1.0	1.0	1.0	1.0	1.0	1.0	1.0	1.0	1.0
UP00041_1_Foxj1_primary	1.0	1.0	1.0	1.0	1.0	1.0	1.0	1.0	1.0	1.0	1.0	1.0	1.0
UP00142_1_Uncx4.1_2281.2	1.0	1.0	1.0	1.0	1.0	1.0	1.0	1.0	1.0	1.0	1.0	1.0	1.0
MA0122.1.Nkx3-2	1.0	1.0	1.0	1.0	1.0	1.0	1.0	1.0	1.0	1.0	1.0	1.0	1.0
UP00003_1_E2F3_primary	0.0	0.0	0.0	0.0	0.0	0.0	0.0	0.0	0.0	0.00022348208774	0.0	0.0	0.0
MA0095.2.YY1	1.0	1.0	1.0	1.0	1.0	1.0	1.0	1.0	1.0	1.0	1.0	1.0	1.0
UP00243_1_Isx_3445.1	1.0	1.0	1.0	1.0	1.0	1.0	1.0	1.0	1.0	1.0	1.0	1.0	1.0
UP00035_1_Hic1_primary	1.0	1.0	1.0	1.0	1.0	1.0	1.0	1.0	1.0	1.0	1.0	1.0	1.0
UP00160_1_Obox3_3439.1	1.0	1.0	1.0	1.0	1.0	1.0	1.0	1.0	1.0	1.0	1.0	1.0	1.0
UP00147_1_Nkx2-6_3437.1	1.0	1.0	1.0	1.0	1.0	1.0	1.0	1.0	1.0	1.0	1.0	1.0	1.0
UP00097_1_Mtf1_primary	0.0	4.2965631053e-14	0.999999892531	0.000214393270256	0.745973939376	4.02550621029e-05	0.327991969436	6.46087627842e-10	0.194262998609	1.0	0.00537330552327	0.00142633904773	0.391935733918
UP00031_1_Zbtb3_primary	1.0	1.0	1.0	1.0	1.0	1.0	1.0	1.0	1.0	1.0	1.0	1.0	1.0
UP00177_1_Hoxd12_3481.1	1.0	1.0	1.0	1.0	1.0	1.0	1.0	1.0	1.0	1.0	1.0	1.0	1.0
MA0492.1.JUND.var.2	0.0	1.0	0.959009814355	1.0	0.999999999998	1.0	1.0	0.0	0.924649947425	0.281189929422	7.27836877656e-07	0.00655183619338	4.41868763801e-12
MA0148.3.FOXA1	1.0	1.0	1.0	1.0	1.0	1.0	1.0	1.0	1.0	1.0	1.0	1.0	1.0
UP00064_1_Sox18_primary	1.0	1.0	1.0	1.0	1.0	1.0	1.0	1.0	1.0	1.0	1.0	1.0	1.0
UP00237_1_Otp_3496.1	1.0	1.0	1.0	1.0	1.0	1.0	1.0	1.0	1.0	1.0	1.0	1.0	1.0
UP00029_1_Tbp_primary	1.0	1.0	1.0	1.0	1.0	1.0	1.0	1.0	1.0	1.0	1.0	1.0	1.0
UP00166_1_Barhl1_2590.2	1.0	1.0	1.0	1.0	1.0	1.0	1.0	1.0	1.0	1.0	1.0	1.0	1.0
UP00012_1_Bbx_primary	1.0	1.0	1.0	1.0	1.0	1.0	1.0	1.0	1.0	1.0	1.0	1.0	1.0
MA0041.1.Foxd3	1.0	1.0	1.0	1.0	1.0	1.0	1.0	1.0	1.0	1.0	1.0	1.0	1.0
UP00240_1_Cdx1_2245.1	1.0	1.0	1.0	1.0	1.0	1.0	1.0	1.0	1.0	1.0	1.0	1.0	1.0
MA0073.1.RREB1	0.0	0.0	1.09801057135e-12	0.0	0.0	0.0	0.0	0.0	2.2685853196e-11	5.8048043261e-08	5.59082928415e-05	1.51559386741e-06	6.49649067874e-07
UP00211_1_Pou3f3_3235.2	1.0	1.0	1.0	1.0	1.0	1.0	1.0	1.0	1.0	1.0	1.0	1.0	1.0
UP00040_1_Irf5_primary	1.0	1.0	1.0	1.0	1.0	1.0	1.0	1.0	1.0	1.0	1.0	1.0	1.0
MA0070.1.PBX1	1.0	1.0	1.0	1.0	1.0	1.0	1.0	1.0	1.0	1.0	1.0	1.0	1.0
UP00212_1_Lhx5_2279.1	1.0	1.0	1.0	1.0	1.0	1.0	1.0	1.0	1.0	1.0	1.0	1.0	1.0
MA0077.1.SOX9	1.0	1.0	1.0	1.0	1.0	1.0	1.0	1.0	1.0	1.0	1.0	1.0	0.135557481644
UP00070_1_Gcm1_primary	0.0	0.0	0.000654062417756	0.861263332463	1.18686522976e-05	0.0107542987019	0.744076624337	2.41879372087e-09	1.0	1.0	0.993825395506	0.246075041671	9.84698977657e-06
UP00179_1_Pou2f3_3986.2	1.0	1.0	1.0	1.0	1.0	1.0	1.0	1.0	1.0	1.0	1.0	1.0	1.0
UP00027_1_Osr1_primary	1.0	1.0	1.0	1.0	1.0	1.0	1.0	1.0	1.0	1.0	1.0	1.0	1.0
MA0468.1.DUX4	1.0	1.0	1.0	1.0	1.0	1.0	1.0	1.0	1.0	1.0	1.0	1.0	1.0
MA0007.2.AR	1.0	1.0	1.0	1.0	1.0	1.0	1.0	1.0	1.0	1.0	1.0	1.0	1.0
UP00073_1_Foxa2_primary	1.0	1.0	1.0	1.0	1.0	1.0	1.0	1.0	1.0	1.0	1.0	1.0	1.0
UP00007_1_Egr1_primary	0.0	0.0	0.0	0.0	0.0	0.0	0.0	0.0	0.0	0.0	0.0	0.0	0.0
MA0114.2.HNF4A	0.0025342244188	0.363860839261	1.0	1.0	0.966159658848	1.0	0.999999998418	0.180975834315	1.0	0.999999999979	0.891011030963	1.0	0.999019938666
MA0140.2.TAL1::GATA1	1.0	1.0	1.0	1.0	1.0	1.0	1.0	1.0	1.0	1.0	1.0	1.0	1.0
UP00105_1_Pou3f4_3773.1	1.0	1.0	1.0	1.0	1.0	1.0	1.0	1.0	1.0	1.0	1.0	1.0	1.0
MA0132.1.Pdx1	1.0	1.0	1.0	1.0	1.0	1.0	1.0	1.0	1.0	1.0	1.0	1.0	1.0
MA0036.2.GATA2	1.0	1.0	1.0	1.0	1.0	1.0	1.0	1.0	1.0	1.0	1.0	1.0	1.0
UP00252_1_Hoxc5_2630.2	1.0	1.0	1.0	1.0	1.0	1.0	1.0	1.0	1.0	1.0	1.0	1.0	1.0
UP00020_1_Atf1_primary	0.0	0.0	1.22899743259e-05	8.74895797747e-05	3.75965925059e-12	0.0	0.00063946881043	0.0	1.42357048372e-09	0.0638487816994	6.71462885293e-13	0.0	0.0
UP00171_1_Msx3_3206.1	1.0	1.0	1.0	1.0	1.0	1.0	1.0	1.0	1.0	1.0	1.0	1.0	1.0
UP00010_1_Tcfap2b_primary	0.0	0.0	0.0	0.0	0.0	0.0	0.0	0.0	1.3426082468e-09	0.00679396370606	1.71456127074e-09	9.25926002537e-14	0.0
UP00069_1_Sox1_primary	1.0	1.0	1.0	1.0	1.0	1.0	1.0	1.0	1.0	1.0	1.0	1.0	1.0
UP00054_1_Tcf7_primary	1.0	1.0	1.0	1.0	1.0	1.0	1.0	1.0	1.0	1.0	1.0	1.0	1.0
MA0059.1.MYC::MAX	0.0	8.04451838476e-10	0.987885407285	1.0	0.000236012623094	0.164923601161	0.455694817439	2.11091144564e-11	0.993193753177	0.999948087653	0.00939728267197	0.00678151101988	0.0926600040736
UP00227_1_Duxl_1286.2	1.0	1.0	1.0	1.0	1.0	1.0	1.0	1.0	1.0	1.0	1.0	1.0	1.0
MA0597.1.THAP1	0.0	0.0	0.00871313704589	1.1685514778e-09	3.45255002721e-06	4.60742555219e-14	4.62963001269e-14	0.0	5.67187938898e-05	1.38982398146e-07	0.00408182364243	9.0568141542e-08	4.45199432875e-14
MA0099.2.JUN::FOS	0.0	0.0	4.82947015712e-14	5.61495294704e-10	0.0	0.0	0.0	0.0	5.33684207937e-13	9.9719505875e-08	0.0	0.0	0.0
MA0149.1.EWSR1-FLI1	1.0	1.0	1.0	1.0	1.0	1.0	1.0	1.0	1.0	1.0	1.0	1.0	1.0
UP00261_1_Lhx4_1719.2	1.0	1.0	1.0	1.0	1.0	1.0	1.0	1.0	1.0	1.0	1.0	1.0	1.0
MA0516.1.SP2	0.0	0.0	0.0	0.0	0.0	0.0	0.0	0.0	0.0	0.0	0.0	0.0	0.0
UP00192_1_Six1_0935.2	1.0	1.0	1.0	1.0	1.0	1.0	1.0	1.0	1.0	1.0	1.0	1.0	1.0
UP00203_1_Pknox1_2364.2	1.0	1.0	1.0	1.0	1.0	1.0	1.0	1.0	1.0	1.0	1.0	1.0	1.0
UP00103_1_Jundm2_primary	0.0	0.0	0.000283971007686	0.00223660025329	1.00967740835e-08	0.0	2.70887191254e-05	0.0	1.40171534047e-07	0.000852920243149	1.56807899998e-12	7.62989671443e-12	0.0
MA0490.1.JUNB	0.0	0.0	2.02468597443e-10	2.08126849088e-11	0.0	0.0	0.0	0.0	0.0	1.33695721161e-10	0.0	0.0	0.0
UP00185_1_Pbx1_3203.1	1.0	1.0	1.0	1.0	1.0	1.0	1.0	1.0	1.0	1.0	1.0	1.0	1.0
MA0527.1.ZBTB33	0.0	0.0	0.0	0.0	0.0	0.0	1.84297022088e-13	0.0	0.0	5.23663779006e-10	0.0	0.0	0.0
MA0105.3.NFKB1	0.0	0.0	0.0	0.0	0.0	0.0	0.0	0.0	0.535322977253	4.36540380511e-08	2.5580870755e-11	2.53562726371e-11	0.0
UP00223_1_Irx3_0920.1	1.0	1.0	1.0	1.0	1.0	1.0	1.0	1.0	1.0	1.0	1.0	1.0	1.0
UP00164_1_Hoxa7_2668.2	1.0	1.0	1.0	1.0	1.0	1.0	1.0	1.0	1.0	1.0	1.0	1.0	1.0
UP00246_1_Hoxa11_2218.1	1.0	1.0	1.0	1.0	1.0	1.0	1.0	1.0	1.0	1.0	1.0	1.0	1.0
UP00264_1_Hoxa1_3425.1	1.0	1.0	1.0	1.0	1.0	1.0	1.0	1.0	1.0	1.0	1.0	1.0	1.0
UP00184_1_Lhx8_2247.2	1.0	1.0	1.0	1.0	1.0	1.0	1.0	1.0	1.0	1.0	1.0	1.0	1.0
UP00123_1_Hlxb9_3422.1	1.0	1.0	1.0	1.0	1.0	1.0	1.0	1.0	1.0	1.0	1.0	1.0	1.0
UP00191_1_Pou2f2_3748.1	1.0	1.0	1.0	1.0	1.0	1.0	1.0	1.0	1.0	1.0	1.0	1.0	1.0
MA0040.1.Foxq1	1.0	1.0	1.0	1.0	1.0	1.0	1.0	1.0	1.0	1.0	1.0	1.0	1.0
MA0091.1.TAL1::TCF3	1.0	1.0	1.0	1.0	1.0	1.0	1.0	1.0	1.0	1.0	1.0	1.0	1.0
MA0027.1.En1	1.0	1.0	1.0	1.0	1.0	1.0	1.0	1.0	1.0	1.0	1.0	1.0	1.0
UP00195_1_Six3_1732.2	1.0	1.0	1.0	1.0	1.0	1.0	1.0	1.0	1.0	1.0	1.0	1.0	1.0
MA0136.1.ELF5	0.0	0.370736852426	1.0	1.0	0.858268209549	1.0	0.753633473729	0.0	1.0	0.988598589981	3.80478920592e-08	1.9078276392e-07	0.0
MA0004.1.Arnt	1.0	1.0	1.0	1.0	1.0	1.0	1.0	1.0	1.0	1.0	1.0	1.0	1.0
MA0467.1.Crx	1.0	1.0	1.0	1.0	1.0	1.0	1.0	1.0	1.0	1.0	1.0	1.0	1.0
MA0476.1.FOS	0.0	0.0	1.86401472035e-09	2.03491488104e-08	0.0	5.94635451989e-13	0.0	0.0	0.0	6.55253629134e-13	0.0	0.0	0.0
UP00098_1_Rfx3_primary	0.885138559332	1.0	1.0	1.0	0.999999974386	1.0	1.0	0.127563768999	1.0	1.0	1.0	0.0537637883369	0.999247761429
UP00154_1_Dlx3_1030.1	1.0	1.0	1.0	1.0	1.0	1.0	1.0	1.0	1.0	1.0	1.0	1.0	1.0
UP00130_1_Lhx3_3431.1	1.0	1.0	1.0	1.0	1.0	1.0	1.0	1.0	1.0	1.0	1.0	1.0	1.0
UP00120_1_Lbx2_3869.2	1.0	1.0	1.0	1.0	1.0	1.0	1.0	1.0	1.0	1.0	1.0	1.0	1.0
UP00000_1_Smad3_primary	0.0162354474113	0.982593047308	1.0	1.0	0.981213901414	1.0	0.999999981352	0.978684554563	1.0	1.0	0.982932509187	1.0	1.0
MA0501.1.NFE2::MAF	0.0	0.0479841330709	1.0	1.0	0.318923869599	1.0	5.32696997624e-10	0.0	0.00154210660234	0.999053560326	1.41356926164e-11	2.68080660074e-05	0.0
UP00169_1_Lmx1b_3433.2	1.0	1.0	1.0	1.0	1.0	1.0	1.0	1.0	1.0	1.0	1.0	1.0	1.0
MA0003.2.TFAP2A	0.0	0.0	0.0	0.0	0.0	0.0	0.0	0.0	9.74775815621e-14	1.09315600938e-05	1.79334873618e-08	0.0	0.0
MA0090.1.TEAD1	0.0	0.0289145420986	0.816556448926	1.0	0.0361686082817	0.999999999996	1.0	0.0	0.271133731998	0.0697291386008	0.069062935812	0.962955090631	6.97630018864e-07
UP00115_1_Lhx2_0953.2	1.0	1.0	1.0	1.0	1.0	1.0	1.0	1.0	1.0	1.0	1.0	1.0	1.0
MA0117.1.Mafb	0.0	0.0	3.38587055406e-05	0.00013662155036	0.0	0.0	4.62963001269e-14	0.0	3.4039437935e-13	0.0105036960614	1.33670852165e-12	0.0	0.0
UP00205_1_Pknox2_3077.2	1.0	1.0	1.0	1.0	1.0	1.0	1.0	1.0	1.0	1.0	1.0	1.0	1.0
UP00251_1_Esx1_3124.2	1.0	1.0	1.0	1.0	1.0	1.0	1.0	1.0	1.0	1.0	1.0	1.0	1.0
MA0511.1.RUNX2	1.0	1.0	1.0	1.0	1.0	1.0	1.0	1.0	1.0	1.0	1.0	1.0	1.0
UP00125_1_Pitx2_2274.3	1.0	1.0	1.0	1.0	1.0	1.0	1.0	1.0	1.0	1.0	1.0	1.0	1.0
UP00036_1_Myf6_primary	1.0	1.0	1.0	0.99999716918	0.811419606196	1.0	1.0	1.0	1.0	1.0	1.0	1.0	1.0
UP00093_1_Klf7_primary	0.0	0.0	0.0	0.0	0.0	0.0	0.0	0.0	0.0	0.0	0.0	0.0	0.0
MA0495.1.MAFF	1.0	1.0	1.0	1.0	1.0	1.0	1.0	1.0	1.0	1.0	1.0	1.0	1.0
MA0522.1.Tcf3	0.0	0.0	0.324739016483	0.000126711368725	0.0	8.5120799298e-12	0.0	0.0	0.0156855727023	0.00999060604292	3.01095851696e-07	1.01935915975e-06	0.0
UP00037_1_Zfp105_primary	1.0	1.0	1.0	1.0	1.0	1.0	1.0	1.0	1.0	1.0	1.0	1.0	1.0
UP00096_1_Sox13_primary	1.0	1.0	1.0	1.0	1.0	1.0	1.0	1.0	1.0	1.0	1.0	1.0	1.0
UP00233_1_Meox1_2310.2	1.0	1.0	1.0	1.0	1.0	1.0	1.0	1.0	1.0	1.0	1.0	1.0	1.0
MA0483.1.Gfi1b	1.0	1.0	1.0	1.0	1.0	1.0	1.0	1.0	1.0	1.0	1.0	1.0	1.0
UP00067_1_Lef1_primary	1.0	1.0	1.0	1.0	1.0	1.0	1.0	1.0	1.0	1.0	1.0	1.0	1.0
UP00071_1_Sox21_primary	1.0	1.0	1.0	1.0	1.0	1.0	1.0	1.0	1.0	1.0	1.0	1.0	1.0
UP00188_1_Lmx1a_2238.2	1.0	1.0	1.0	1.0	1.0	1.0	1.0	1.0	1.0	1.0	1.0	1.0	1.0
IRF8_ISRE_KANNO	1.0	1.0	1.0	1.0	1.0	1.0	1.0	1.0	1.0	1.0	1.0	1.0	1.0
MA0038.1.Gfi1	1.0	1.0	1.0	1.0	1.0	1.0	1.0	1.0	1.0	1.0	1.0	1.0	1.0
UP00234_1_Msx1_3031.2	1.0	1.0	1.0	1.0	1.0	1.0	1.0	1.0	1.0	1.0	1.0	1.0	1.0
MA0595.1.SREBF1	1.0	1.0	1.0	1.0	1.0	1.0	1.0	1.0	1.0	1.0	1.0	1.0	1.0
MA0133.1.BRCA1	1.0	1.0	1.0	1.0	1.0	1.0	1.0	1.0	1.0	1.0	1.0	1.0	1.0
MA0056.1.MZF1_1-4	0.0	0.0	0.0	0.0	0.0	0.0	0.0	0.0	6.82349732273e-11	3.56458207507e-07	4.10504963355e-12	1.50587120551e-09	0.0
MA0478.1.FOSL2	0.0	0.0	0.0782699874137	0.999988560147	0.0	0.99606685753	0.0	0.0	2.28318884277e-06	0.000477790683044	0.0	0.0	0.0
MA0592.1.ESRRA	0.999999970499	1.0	1.0	1.0	1.0	1.0	1.0	0.151415199842	1.0	1.0	0.940049766032	1.0	0.00232248733703
MA0164.1.Nr2e3	1.0	1.0	1.0	1.0	1.0	1.0	1.0	1.0	1.0	1.0	1.0	1.0	1.0
UP00034_1_Sox7_primary	1.0	1.0	1.0	1.0	1.0	1.0	1.0	1.0	1.0	1.0	1.0	1.0	1.0
MA0162.2.EGR1	0.0	0.0	0.0	0.0	0.0	0.0	0.0	0.0	0.0	0.0	0.0	0.0	0.0
UP00162_1_Evx1_3952.2	1.0	1.0	1.0	1.0	1.0	1.0	1.0	1.0	1.0	1.0	1.0	1.0	1.0
UP00062_1_Sox4_primary	1.0	1.0	1.0	1.0	1.0	1.0	1.0	1.0	1.0	1.0	1.0	1.0	1.0
UP00174_1_Hoxa2_3079.1	1.0	1.0	1.0	1.0	1.0	1.0	1.0	1.0	1.0	1.0	1.0	1.0	1.0
UP00127_1_Gsh2_3990.2	1.0	1.0	1.0	1.0	1.0	1.0	1.0	1.0	1.0	1.0	1.0	1.0	1.0
MA0065.2.PPARG::RXRA	0.0	0.0	0.000197612744475	2.2446444703e-10	0.00019176459216	1.63469671133e-09	1.47824387176e-07	0.0	0.000206706166534	0.00527425304432	0.524832488885	1.70852614365e-05	8.90332252368e-12
UP00241_1_Hoxd3_1742.2	1.0	1.0	1.0	1.0	1.0	1.0	1.0	1.0	1.0	1.0	1.0	1.0	1.0
MA0151.1.ARID3A	1.0	1.0	1.0	1.0	1.0	1.0	1.0	1.0	1.0	1.0	1.0	1.0	1.0
MA0103.2.ZEB1	1.0	1.0	1.0	1.0	1.0	1.0	1.0	1.0	1.0	1.0	1.0	1.0	1.0
klf4_homer	0.0	0.0	0.0	0.0	0.0	0.0	0.0	0.0	0.0	0.0	0.0	0.0	0.0
MA0002.2.RUNX1	1.0	1.0	1.0	1.0	1.0	1.0	1.0	1.0	1.0	1.0	1.0	1.0	1.0
MA0479.1.FOXH1	1.0	1.0	1.0	1.0	1.0	1.0	1.0	1.0	1.0	1.0	1.0	1.0	1.0
UP00089_1_Tcf1_primary	1.0	1.0	1.0	1.0	1.0	1.0	1.0	1.0	1.0	1.0	1.0	1.0	1.0
UP00170_1_Isl2_3430.1	1.0	1.0	1.0	1.0	1.0	1.0	1.0	1.0	1.0	1.0	1.0	1.0	1.0
UP00208_1_Obox5_2284.1	1.0	1.0	1.0	1.0	1.0	1.0	1.0	1.0	1.0	1.0	1.0	1.0	1.0
MA0101.1.REL	0.0	0.0	0.0	0.0	0.0	0.0	0.0	0.0	0.0118984560464	0.0201650746202	7.26231514925e-08	0.0	0.0
UP00197_1_Hoxc9_2367.2	1.0	1.0	1.0	1.0	1.0	1.0	1.0	1.0	1.0	1.0	1.0	1.0	1.0
UP00222_1_Tcf2_0913.2	1.0	1.0	1.0	1.0	1.0	1.0	1.0	1.0	1.0	1.0	1.0	1.0	1.0
UP00048_1_Rara_primary	1.0	1.0	1.0	1.0	1.0	1.0	1.0	1.0	1.0	1.0	1.0	1.0	1.0
UP00111_1_Dmbx1_2277.1	1.0	1.0	1.0	1.0	1.0	1.0	1.0	1.0	1.0	1.0	1.0	1.0	1.0
UP00146_1_Pou6f1_1731.2	1.0	1.0	1.0	1.0	1.0	1.0	1.0	1.0	1.0	1.0	1.0	1.0	1.0
MA0518.1.Stat4	0.00735271706669	1.0	1.0	1.0	1.0	1.0	0.999999768269	1.18650545688e-06	1.0	1.0	0.433230174207	0.520359485411	1.11312683448e-06
UP00194_1_Irx4_2242.3	1.0	1.0	1.0	1.0	1.0	1.0	1.0	1.0	1.0	1.0	1.0	1.0	1.0
UP00068_1_Eomes_primary	1.0	1.0	1.0	1.0	1.0	1.0	1.0	1.0	1.0	1.0	1.0	1.0	1.0
UP00150_1_Irx6_2623.2	1.0	1.0	1.0	1.0	1.0	1.0	1.0	1.0	1.0	1.0	1.0	1.0	1.0
MA0526.1.USF2	1.0	1.0	1.0	1.0	1.0	1.0	1.0	1.0	1.0	1.0	1.0	1.0	1.0
MA0159.1.RXR::RAR_DR5	8.18039193717e-07	8.59953519382e-05	0.999999999312	0.999982908499	0.0772887466897	1.0	0.53886025902	0.470905088111	1.0	1.0	1.0	0.999999430013	0.999314670631
MA0087.1.Sox5	1.0	1.0	1.0	1.0	1.0	1.0	1.0	1.0	1.0	1.0	1.0	1.0	1.0
UP00088_1_Plagl1_primary	0.0	0.0	0.0	0.0	0.0	0.0	0.0	0.0	0.0	9.45858336531e-05	7.72393652426e-06	4.64073224293e-14	0.0
MA0160.1.NR4A2	1.0	1.0	1.0	1.0	1.0	1.0	1.0	1.0	1.0	1.0	1.0	1.0	1.0
UP00028_1_Tcfap2e_primary	0.0	0.0	0.0	0.0	0.0	0.0	0.0	0.0	5.77993586326e-09	0.00734831877697	6.14376466146e-07	0.0	1.7763568394e-13
MA0051.1.IRF2	1.0	1.0	1.0	1.0	1.0	1.0	1.0	1.0	1.0	1.0	1.0	1.0	1.0
UP00259_1_Hoxb6_3428.2	1.0	1.0	1.0	1.0	1.0	1.0	1.0	1.0	1.0	1.0	1.0	1.0	1.0
UP00407_1_Elf3_primary	0.0	0.250351436949	1.0	1.0	0.00019196969724	1.0	1.0	0.0	0.997280667263	0.986415435299	0.0	7.62480079075e-11	0.0
MA0142.1.Pou5f1::Sox2	1.0	1.0	1.0	1.0	1.0	1.0	1.0	1.0	1.0	1.0	1.0	1.0	1.0
UP00214_1_Hoxb5_3122.2	1.0	1.0	1.0	1.0	1.0	1.0	1.0	1.0	1.0	1.0	1.0	1.0	1.0
MA0084.1.SRY	1.0	1.0	1.0	1.0	1.0	1.0	1.0	1.0	1.0	1.0	1.0	1.0	1.0
UP00173_1_Hoxc13_3127.1	1.0	1.0	1.0	1.0	1.0	1.0	1.0	1.0	1.0	1.0	1.0	1.0	1.0
UP00085_1_Sfpi1_primary	0.0	0.0	0.0137184602067	0.905253668087	5.52823054001e-09	0.0152975007417	0.000311537885456	0.0	0.000176117322901	0.962925032769	0.0	1.38555833473e-13	0.0
MA0146.2.Zfx	0.0	0.0	4.7517545454e-12	0.0	0.0	0.0	0.0	0.0	0.0	2.51737519719e-11	1.27106491998e-09	0.0	0.0
MA0259.1.HIF1A::ARNT	0.0	0.0	0.0796365768042	2.50270870694e-09	0.00361304733972	5.33084291604e-05	1.0	4.24105195407e-14	0.979075015926	1.0	0.97313611874	5.38673106121e-10	0.621213110216
UP00121_1_Hoxd10_2368.2	1.0	1.0	1.0	1.0	1.0	1.0	1.0	1.0	1.0	1.0	1.0	1.0	1.0
MA0113.2.NR3C1	1.0	1.0	1.0	1.0	1.0	1.0	1.0	1.0	1.0	1.0	1.0	1.0	1.0
UP00112_1_Gsc_2327.3	1.0	1.0	1.0	1.0	1.0	1.0	1.0	1.0	1.0	1.0	1.0	1.0	1.0
MA0048.1.NHLH1	0.0	0.0	3.36508598764e-13	1.23448781419e-06	0.0	0.0	0.0	0.0	3.50709934027e-06	1.31771045553e-06	2.97961655349e-12	0.0	0.0
MA0083.2.SRF	1.0	1.0	1.0	1.0	1.0	1.0	1.0	1.0	1.0	1.0	1.0	1.0	1.0
UP00187_1_Alx4_1744.1	1.0	1.0	1.0	1.0	1.0	1.0	1.0	1.0	1.0	1.0	1.0	1.0	1.0
UP00145_1_Barhl2_3868.1	1.0	1.0	1.0	1.0	1.0	1.0	1.0	1.0	1.0	1.0	1.0	1.0	1.0
UP00152_1_Arx_1738.2	1.0	1.0	1.0	1.0	1.0	1.0	1.0	1.0	1.0	1.0	1.0	1.0	1.0
UP00072_1_IRC900814_primary	1.0	1.0	1.0	1.0	1.0	1.0	1.0	0.99999973145	1.0	1.0	0.999997500758	1.0	1.0
MA0075.1.Prrx2	1.0	1.0	1.0	1.0	1.0	1.0	1.0	1.0	1.0	1.0	1.0	1.0	1.0
MA0482.1.Gata4	1.0	1.0	1.0	1.0	1.0	1.0	1.0	1.0	1.0	1.0	1.0	1.0	1.0
MA0523.1.TCF7L2	1.0	1.0	1.0	1.0	1.0	1.0	1.0	1.0	1.0	1.0	1.0	1.0	1.0
UP00050_1_Bhlhb2_primary	3.77086022518e-07	0.601057953905	1.0	1.0	0.999999993721	0.188443274387	1.0	1.86856947414e-05	0.999999999834	0.999999984847	1.0	0.00126399804637	0.984913012343
MA0525.1.TP63	0.999984070195	1.0	1.0	1.0	0.999999999989	1.0	1.0	0.999999999733	1.0	1.0	1.0	0.999982973565	0.999999954691
MA0076.2.ELK4	0.0	0.0	0.0	0.0	0.0	0.0	0.0	0.0	0.0	0.0	0.0	0.0	0.0
UP00161_1_Hmbox1_2674.1	1.0	1.0	1.0	1.0	1.0	1.0	1.0	1.0	1.0	1.0	1.0	1.0	1.0
UP00258_1_Tgif2_3451.1	1.0	1.0	1.0	1.0	1.0	1.0	1.0	1.0	1.0	1.0	1.0	1.0	1.0
MA0147.2.Myc	1.0	1.0	1.0	1.0	1.0	1.0	0.994564966921	1.0	1.0	1.0	1.0	1.0	1.0
UP00114_1_Homez_1063.2	1.0	1.0	1.0	1.0	1.0	1.0	1.0	1.0	1.0	1.0	1.0	1.0	1.0
UP00200_1_Nkx6-1_2825.1	1.0	1.0	1.0	1.0	1.0	1.0	1.0	1.0	1.0	1.0	1.0	1.0	1.0
UP00132_1_Evx2_2645.3	1.0	1.0	1.0	1.0	1.0	1.0	1.0	1.0	1.0	1.0	1.0	1.0	1.0
UP00101_1_Sox12_primary	1.0	1.0	1.0	1.0	1.0	1.0	1.0	1.0	1.0	1.0	1.0	1.0	1.0
UP00186_1_Meis1_2335.1	1.0	1.0	1.0	1.0	1.0	1.0	1.0	1.0	1.0	1.0	1.0	1.0	1.0
UP00210_1_Mrg2_2302.1	1.0	1.0	1.0	1.0	1.0	1.0	1.0	1.0	1.0	1.0	1.0	1.0	1.0
UP00008_4	1.0	1.0	1.0	1.0	1.0	1.0	1.0	1.0	1.0	1.0	1.0	1.0	1.0
MA0138.2.REST	0.0	0.0	0.00796096757306	0.239980505279	5.87263554452e-08	3.07297378954e-06	0.000157301672748	2.61290988846e-10	0.931907226045	0.0115007268106	1.0	0.00126086931694	0.00775786578048
MA0039.2.Klf4	0.0	0.0	0.0	0.0	0.0	0.0	0.0	0.0	0.0	0.0	0.0	0.0	0.0
UP00263_1_Hoxb8_3780.2	1.0	1.0	1.0	1.0	1.0	1.0	1.0	1.0	1.0	1.0	1.0	1.0	1.0
UP00176_1_Crx_3485.1	1.0	1.0	1.0	1.0	1.0	1.0	1.0	1.0	1.0	1.0	1.0	1.0	1.0
UP00139_1_Nkx1-2_3214.1	1.0	1.0	1.0	1.0	1.0	1.0	1.0	1.0	1.0	1.0	1.0	1.0	1.0
UP00218_1_Dbx2_3487.1	1.0	1.0	1.0	1.0	1.0	1.0	1.0	1.0	1.0	1.0	1.0	1.0	1.0
MA0080.3.Spi1	0.0	0.0	0.0783009648492	0.000302561114479	3.58724161487e-12	0.0	8.30968627241e-12	0.0	7.05331459905e-10	3.16208214893e-05	0.0	0.0	0.0
MA0153.1.HNF1B	1.0	1.0	1.0	1.0	1.0	1.0	1.0	1.0	1.0	1.0	1.0	1.0	1.0
MA0509.1.Rfx1	0.0	0.0	0.999999997027	0.769443352131	0.00915425277486	3.37050918542e-06	0.0151725135104	0.0	0.997035284846	1.0	1.2670467146e-05	1.88404564727e-06	2.05756862659e-08
UP00190_1_Nkx2-3_3435.1	1.0	1.0	1.0	1.0	1.0	1.0	1.0	1.0	1.0	1.0	1.0	1.0	1.0
UP00046_1_Tcfe2a_primary	1.0	1.0	1.0	1.0	1.0	1.0	1.0	1.0	1.0	1.0	1.0	1.0	1.0
UP00122_1_Tgif1_2342.2	1.0	1.0	1.0	1.0	1.0	1.0	1.0	1.0	1.0	1.0	1.0	1.0	1.0
MA0006.1.Arnt::Ahr	1.0	1.0	1.0	1.0	1.0	1.0	1.0	1.0	1.0	1.0	1.0	1.0	1.0
UP00157_1_Hmx3_3490.2	1.0	1.0	1.0	1.0	1.0	1.0	1.0	1.0	1.0	1.0	1.0	1.0	1.0
MA0024.2.E2F1	0.0	0.0	0.0	0.0	0.0	0.0	0.0	0.0	0.0	0.0	0.0	0.0	0.0
MA0074.1.RXRA::VDR	0.958575531312	0.696217705386	0.999999804537	1.0	1.0	1.0	0.999999993492	1.0	1.0	1.0	1.0	1.0	1.0
UP00215_1_Vax1_3499.1	1.0	1.0	1.0	1.0	1.0	1.0	1.0	1.0	1.0	1.0	1.0	1.0	1.0
MA0154.2.EBF1	0.0	0.0	6.45179309977e-09	0.0	0.0	0.0	0.0	0.0	0.0399728440685	0.143125081816	4.58526331489e-05	0.181094253112	0.0
UP00213_1_Hoxa9_2622.2	1.0	1.0	1.0	1.0	1.0	1.0	1.0	1.0	1.0	1.0	1.0	1.0	1.0
UP00066_1_Hnf4a_primary	1.0	1.0	1.0	1.0	1.0	1.0	1.0	1.0	1.0	1.0	1.0	1.0	1.0
MA0491.1.JUND	0.0	0.0	5.75539615966e-13	2.70286930615e-08	0.0	0.0	0.0	0.0	0.0	0.0	0.0	0.0	0.0
MA0009.1.T	1.0	1.0	1.0	1.0	1.0	1.0	1.0	1.0	1.0	1.0	1.0	1.0	1.0
MA0066.1.PPARG	1.0	1.0	1.0	1.0	1.0	1.0	1.0	1.0	1.0	1.0	1.0	1.0	0.999999999862
UP00135_1_Hoxc12_3480.1	1.0	1.0	1.0	1.0	1.0	1.0	1.0	1.0	1.0	1.0	1.0	1.0	1.0
MA0050.2.IRF1	1.0	1.0	1.0	1.0	1.0	1.0	1.0	1.0	1.0	1.0	1.0	1.0	1.0
MA0469.1.E2F3	0.0	0.0	0.0	0.0	0.0	0.0	0.0	0.0	0.0	0.0	0.0	0.0	0.0
MA0144.2.STAT3	2.83616130581e-10	0.999999999999	1.0	1.0	1.0	1.0	0.965292631627	9.25703957932e-13	1.0	0.999999999915	0.426961959394	0.00228998900234	4.73418637625e-10
UP00204_1_Gbx1_2883.2	1.0	1.0	1.0	1.0	1.0	1.0	1.0	1.0	1.0	1.0	1.0	1.0	1.0
MA0496.1.MAFK	1.0	1.0	1.0	1.0	1.0	1.0	1.0	1.0	1.0	1.0	1.0	1.0	1.0
UP00144_1_Hoxb4_2627.1	1.0	1.0	1.0	1.0	1.0	1.0	1.0	1.0	1.0	1.0	1.0	1.0	1.0
MA0028.1.ELK1	0.0	0.0	0.0	0.0	0.0	0.0	0.0	0.0	0.0	3.80311550796e-06	0.0	0.0	0.0
UP00129_1_Pou3f1_3819.1	1.0	1.0	1.0	1.0	1.0	1.0	1.0	1.0	1.0	1.0	1.0	1.0	1.0
MA0025.1.NFIL3	1.0	1.0	1.0	1.0	1.0	1.0	1.0	1.0	1.0	1.0	1.0	1.0	1.0
MA0494.1.Nr1h3::Rxra	1.0	1.0	1.0	1.0	1.0	1.0	1.0	1.0	1.0	1.0	1.0	1.0	1.0
UP00140_1_Hoxd1_3448.1	1.0	1.0	1.0	1.0	1.0	1.0	1.0	1.0	1.0	1.0	1.0	1.0	1.0
UP00055_1_Hbp1_primary	1.0	1.0	1.0	1.0	1.0	1.0	1.0	1.0	1.0	1.0	1.0	1.0	1.0
UP00095_1_Zfp691_primary	1.0	1.0	1.0	1.0	1.0	1.0	1.0	1.0	1.0	1.0	1.0	1.0	1.0
MA0503.1.Nkx2-5.var.2	1.0	1.0	1.0	1.0	1.0	1.0	1.0	1.0	1.0	1.0	1.0	1.0	1.0
UP00119_1_Nkx2-9_3082.1	1.0	1.0	1.0	1.0	1.0	1.0	1.0	1.0	1.0	1.0	1.0	1.0	1.0
UP00255_1_Dbx1_3486.1	1.0	1.0	1.0	1.0	1.0	1.0	1.0	1.0	1.0	1.0	1.0	1.0	1.0
MA0484.1.HNF4G	0.835474917123	0.975378314931	1.0	1.0	1.0	1.0	1.0	0.999999999994	1.0	1.0	0.999996860548	1.0	1.0
UP00133_1_Cdx2_4272.1	1.0	1.0	1.0	1.0	1.0	1.0	1.0	1.0	1.0	1.0	1.0	1.0	1.0
UP00141_1_Vsx1_1728.1	1.0	1.0	1.0	1.0	1.0	1.0	1.0	1.0	1.0	1.0	1.0	1.0	1.0
UP00094_1_Zfp128_primary	0.897184644599	1.0	1.0	1.0	1.0	1.0	1.0	0.194367850992	1.0	0.999999997401	1.0	0.999999999732	1.0
UP00180_1_Hoxd13_2356.1	1.0	1.0	1.0	1.0	1.0	1.0	1.0	1.0	1.0	1.0	1.0	1.0	1.0
Ash2l_hand	0.0	0.0	0.0	0.0	0.0	0.0	0.0	0.0	0.0	0.0444686811972	0.00107427718407	0.0	0.0
MA0157.1.FOXO3	1.0	1.0	1.0	1.0	1.0	1.0	1.0	1.0	1.0	1.0	1.0	1.0	0.999997117222
MA0116.1.Zfp423	0.0	0.0	0.000630201235288	1.73681169446e-09	1.57780458698e-08	4.60742555219e-14	1.91453408682e-10	0.0	0.00553463954082	0.999999776729	0.0224868044198	0.112955089167	2.66427545481e-06
MA0057.1.MZF1_5-13	0.0	0.0	3.57214258173e-12	0.0	0.0	0.0	0.0	0.0	0.0	0.000735091720333	0.0	0.0	0.0
UP00199_1_Six4_2860.1	1.0	1.0	1.0	1.0	1.0	1.0	1.0	1.0	1.0	1.0	1.0	1.0	1.0
MA0505.1.Nr5a2	1.0	1.0	1.0	0.999999821793	1.0	1.0	1.0	1.0	1.0	1.0	1.0	1.0	0.999984813596
IRF8_AICS	1.0	1.0	1.0	1.0	1.0	1.0	1.0	1.0	1.0	1.0	1.0	1.0	1.0
MA0131.1.HINFP	0.0	0.0	0.381107442642	0.0172052946342	0.0	0.0	0.0281312147265	0.0	0.00913639651394	1.0	9.49062111286e-05	1.36871353429e-05	0.00618576432721
MA0158.1.HOXA5	1.0	1.0	1.0	1.0	1.0	1.0	1.0	1.0	1.0	1.0	1.0	1.0	1.0
MA0143.3.Sox2	0.0119648972852	1.0	1.0	0.999981734654	0.999999999897	1.0	1.0	1.33505508504e-06	0.925664494189	1.0	1.0	1.0	1.78664151584e-07
UP00044_1_Mafk_primary	1.0	1.0	1.0	1.0	1.0	1.0	1.0	1.0	1.0	1.0	1.0	1.0	1.0
MA0524.1.TFAP2C	0.0	0.0	0.0	0.0	0.0	0.0	0.0	0.0	1.08416609024e-10	1.33939713765e-08	9.92791848731e-10	0.0	0.0
UP00202_1_Dlx1_1741.2	1.0	1.0	1.0	1.0	1.0	1.0	1.0	1.0	1.0	1.0	1.0	1.0	1.0
UP00065_1_Zfp161_primary	0.0	0.0	0.0	0.0	0.0	0.0	0.0	0.0	0.0	0.0	0.0	0.0	0.0
UP00219_1_Cutl1_3494.1	1.0	1.0	1.0	1.0	1.0	1.0	1.0	1.0	1.0	1.0	1.0	1.0	1.0
UP00059_1_Arid5a_primary	1.0	1.0	1.0	1.0	1.0	1.0	1.0	1.0	1.0	1.0	1.0	1.0	1.0
MA0486.1.HSF1	0.0438277529394	0.999999895528	1.0	1.0	1.0	1.0	1.0	0.00120895104535	1.0	1.0	1.0	1.0	0.0687552542583
MA0462.1.BATF::JUN	0.0	0.0	0.688544525108	1.0	0.0	1.0	0.0	0.0	0.00319127347741	0.00678735777436	0.0	0.0	0.0
UP00005_1_Tcfap2a_primary	0.0	0.0	0.0	0.0	0.0	0.0	0.0	0.0	5.29939269134e-07	7.28812251477e-05	0.000444349647761	0.0	2.19307469962e-08
UP00239_1_Obox2_3438.2	1.0	1.0	1.0	1.0	1.0	1.0	1.0	1.0	1.0	1.0	1.0	1.0	1.0
MA0594.1.Hoxa9	1.0	1.0	1.0	1.0	1.0	1.0	1.0	1.0	1.0	1.0	1.0	1.0	1.0
MA0017.1.NR2F1	1.0	1.0	1.0	1.0	1.0	1.0	1.0	1.0	1.0	1.0	0.996376631638	1.0	1.0
UP00247_1_Pax4_3989.2	1.0	1.0	1.0	1.0	1.0	1.0	1.0	1.0	1.0	1.0	1.0	1.0	1.0
MA0145.2.Tcfcp2l1	0.0	0.0	4.82947015712e-14	0.0	0.0	0.0	0.0	0.0	6.0688235981e-07	0.169308863186	3.49120531373e-08	7.35060901036e-11	0.0
MA0517.1.STAT2::STAT1	1.0	1.0	1.0	1.0	1.0	1.0	1.0	1.0	1.0	1.0	1.0	1.0	1.0
UP00231_1_Nkx2-2_2823.1	1.0	1.0	1.0	1.0	1.0	1.0	1.0	1.0	1.0	1.0	1.0	1.0	1.0
UP00266_1_Prrx1_3442.1	1.0	1.0	1.0	1.0	1.0	1.0	1.0	1.0	1.0	1.0	1.0	1.0	1.0
UP00151_1_Barx2_3447.2	1.0	1.0	1.0	1.0	1.0	1.0	1.0	1.0	1.0	1.0	1.0	1.0	1.0
MA0504.1.NR2C2	0.0	0.0	0.0	0.0	0.0	0.0	0.0	0.0	0.0	1.0404945411e-05	1.95482127741e-06	0.0	0.0
UP00236_1_Irx2_0900.3	1.0	1.0	1.0	1.0	1.0	1.0	1.0	1.0	1.0	1.0	1.0	1.0	1.0
UP00026_1_Zscan4_primary	1.0	1.0	1.0	1.0	1.0	1.0	1.0	1.0	1.0	1.0	1.0	1.0	1.0
MA0591.1.Bach1::Mafk	0.0	0.0	7.88235240301e-07	0.00908153932428	4.55191440096e-14	8.21342993618e-13	0.0	0.0	4.33653113419e-12	0.00182543273863	0.0	0.0	0.0
MA0109.1.Hltf	1.0	1.0	1.0	1.0	1.0	1.0	1.0	1.0	1.0	1.0	1.0	1.0	1.0
UP00172_1_Prop1_3949.1	1.0	1.0	1.0	1.0	1.0	1.0	1.0	1.0	1.0	1.0	1.0	1.0	1.0
UP00011_1_Irf6_primary	1.0	1.0	1.0	1.0	1.0	1.0	1.0	1.0	1.0	1.0	1.0	1.0	1.0
UP00126_1_Dlx2_2273.2	1.0	1.0	1.0	1.0	1.0	1.0	1.0	1.0	1.0	1.0	1.0	1.0	1.0
MA0515.1.Sox6	1.0	1.0	1.0	1.0	1.0	1.0	1.0	0.276531528561	1.0	0.999996484536	1.0	1.0	0.0225831286141
MA0052.2.MEF2A	1.0	1.0	1.0	1.0	1.0	1.0	1.0	1.0	1.0	1.0	1.0	1.0	1.0
UP00156_1_Msx2_3449.1	1.0	1.0	1.0	1.0	1.0	1.0	1.0	1.0	1.0	1.0	1.0	1.0	1.0
UP00043_1_Bcl6b_primary	1.0	1.0	1.0	1.0	1.0	1.0	1.0	1.0	1.0	1.0	1.0	1.0	1.0
MA0493.1.Klf1	0.0	0.0	0.0	0.0	0.0	0.0	0.0	0.0	0.0	0.0	0.0	0.0	0.0
MA0488.1.JUN	8.23785484272e-14	1.0	0.999999974162	1.0	0.999581124173	1.0	1.0	0.0	0.92771837238	0.765397716569	0.000434027438287	0.14621752185	6.08252337386e-11
UP00224_1_Pax6_3838.3	1.0	1.0	1.0	1.0	1.0	1.0	1.0	1.0	1.0	1.0	1.0	1.0	1.0
MA0102.3.CEBPA	1.0	1.0	1.0	1.0	1.0	1.0	1.0	1.0	1.0	1.0	1.0	1.0	1.0
MA0069.1.Pax6	1.0	1.0	1.0	1.0	1.0	1.0	1.0	1.0	1.0	1.0	1.0	1.0	1.0
MA0497.1.MEF2C	1.0	1.0	1.0	1.0	1.0	1.0	1.0	1.0	1.0	1.0	1.0	1.0	1.0
UP00045_1_Mafb_primary	1.0	1.0	1.0	1.0	1.0	1.0	1.0	1.0	1.0	1.0	1.0	1.0	1.0
MA0471.1.E2F6	0.0	0.0	0.0	0.0	0.0	0.0	0.0	0.0	0.0	0.0	0.0	0.0	0.0
UP00262_1_Lhx1_2240.2	1.0	1.0	1.0	1.0	1.0	1.0	1.0	1.0	1.0	1.0	1.0	1.0	1.0
UP00217_1_Hoxa10_2318.1	1.0	1.0	1.0	1.0	1.0	1.0	1.0	1.0	1.0	1.0	1.0	1.0	1.0
MA0155.1.INSM1	0.0	0.0	0.0	0.0	0.0	0.0	0.0	0.0	7.72715225139e-13	1.0966791919e-09	5.88922244305e-10	0.0	0.0
UP00108_1_Alx3_3418.2	1.0	1.0	1.0	1.0	1.0	1.0	1.0	1.0	1.0	1.0	1.0	1.0	1.0
UP00002_1_Sp4_primary	0.0	0.0	0.0	0.0	0.0	0.0	0.0	0.0	0.0	0.0	0.0	0.0	0.0
MA0071.1.RORA_1	1.0	1.0	1.0	1.0	1.0	1.0	1.0	1.0	1.0	1.0	1.0	1.0	1.0
UP00102_1_Zic1_primary	0.0	0.0	0.0	0.0	0.0	0.0	0.0	0.0	0.0	0.0	0.0	0.0	0.0
UP00165_1_Titf1_1722.2	1.0	1.0	1.0	1.0	1.0	1.0	1.0	1.0	1.0	1.0	1.0	1.0	1.0
MA0060.2.NFYA	0.0	0.0	0.137686585789	0.150250633471	0.00014528918164	0.0	0.429270380796	0.0	1.66084713316e-06	0.0106374339567	1.68483893503e-09	0.0	0.0
MA0477.1.FOSL1	0.0	0.0	1.23256960194e-11	9.13997766361e-11	0.0	0.0	0.0	0.0	0.0	6.83986201011e-12	0.0	0.0	0.0
MA0079.3.SP1	0.0	0.0	0.0	0.0	0.0	0.0	0.0	0.0	0.0	0.0	0.0	0.0	0.0
UP00009_1_Nr2f2_primary	1.0	1.0	1.0	1.0	1.0	1.0	1.0	1.0	1.0	1.0	1.0	1.0	1.0
MA0463.1.Bcl6	1.0	1.0	1.0	1.0	1.0	1.0	1.0	0.117167239616	1.0	0.779555500012	0.867387389535	1.0	0.991441379524
MA0046.1.HNF1A	1.0	1.0	1.0	1.0	1.0	1.0	1.0	1.0	1.0	1.0	1.0	1.0	1.0
UP00178_1_Og2x_3719.1	1.0	1.0	1.0	1.0	1.0	1.0	1.0	1.0	1.0	1.0	1.0	1.0	1.0
MA0141.2.Esrrb	1.0	1.0	1.0	1.0	1.0	1.0	1.0	0.201102710975	1.0	1.0	0.569975341698	1.0	0.608836693977
MA0058.2.MAX	1.0	1.0	1.0	1.0	1.0	1.0	1.0	1.0	1.0	1.0	1.0	1.0	1.0
UP00058_1_Tcf3_primary	1.0	1.0	1.0	1.0	1.0	1.0	1.0	1.0	1.0	1.0	1.0	1.0	1.0
UP00076_1_Rfxdc2_primary	0.0	0.0	1.0	0.989387506605	1.40365501333e-07	0.00932991811927	0.263608641292	0.0	0.916553488311	1.0	0.408398095954	7.94309062968e-11	0.00367868893286
UP00021_1_Zfp281_primary	0.0	0.0	0.0	0.0	0.0	0.0	0.0	0.0	0.0	0.0	0.0	0.0	0.0
MA0081.1.SPIB	0.0	1.35893296616e-09	1.0	1.0	0.000608500608092	0.413964937774	1.10345742099e-05	0.0	0.0517567121115	0.867111643585	1.58260071714e-10	1.3758939826e-05	0.0
UP00216_1_Obox1_3970.2	1.0	1.0	1.0	1.0	1.0	1.0	1.0	1.0	1.0	1.0	1.0	1.0	1.0
MA0047.2.Foxa2	1.0	1.0	1.0	1.0	1.0	1.0	1.0	1.0	1.0	1.0	1.0	1.0	1.0
UP00138_1_Bsx_3483.2	1.0	1.0	1.0	1.0	1.0	1.0	1.0	1.0	1.0	1.0	1.0	1.0	1.0
UP00391_3_Hoxa3_2783.2	1.0	1.0	1.0	1.0	1.0	1.0	1.0	1.0	1.0	1.0	1.0	1.0	1.0
UP00408_1_Gabpa_primary	0.0	0.0	3.98768286169e-08	6.25424232648e-06	0.0	0.0	9.58233492554e-13	0.0	5.09570163842e-12	7.38588300186e-07	0.0	0.0	0.0
UP00113_1_Hoxc4_3491.1	1.0	1.0	1.0	1.0	1.0	1.0	1.0	1.0	1.0	1.0	1.0	1.0	1.0
UP00086_1_Irf3_primary	1.0	1.0	1.0	1.0	1.0	1.0	1.0	1.0	1.0	1.0	1.0	1.0	1.0
UP00053_1_Rxra_primary	1.0	1.0	1.0	1.0	1.0	1.0	1.0	1.0	1.0	1.0	1.0	1.0	1.0
UP00220_1_Nkx1-1_3856.3	0.356082348471	0.999416401967	1.0	0.999999999432	1.0	1.0	1.0	0.999999960355	1.0	1.0	1.0	0.986779206394	1.0
UP00136_1_Prrx2_3072.1	1.0	1.0	1.0	1.0	1.0	1.0	1.0	1.0	1.0	1.0	1.0	1.0	1.0
UP00265_1_Pitx3_3497.2	0.174121022066	0.249450130575	1.0	1.0	0.998449277329	0.95816886233	1.0	1.0	1.0	1.0	1.0	1.0	1.0
MA0124.1.NKX3-1	1.0	1.0	1.0	1.0	1.0	1.0	1.0	1.0	1.0	1.0	1.0	1.0	1.0
UP00109_1_Obox6_3440.2	1.0	1.0	1.0	1.0	1.0	1.0	1.0	1.0	1.0	1.0	1.0	1.0	1.0
UP00001_1_E2F2_primary	0.0	0.0	0.0	0.0	0.0	0.0	0.0	0.0	0.0	1.95742616671e-07	0.0	0.0	0.0
MA0481.1.FOXP1	1.0	1.0	1.0	1.0	1.0	1.0	1.0	1.0	1.0	1.0	1.0	1.0	1.0
UP00008_1_Six6_primary	1.0	1.0	1.0	1.0	1.0	1.0	1.0	1.0	1.0	1.0	1.0	1.0	1.0
UP00225_1_Hlx1_2350.1	1.0	1.0	1.0	1.0	1.0	1.0	1.0	1.0	1.0	1.0	1.0	1.0	1.0
UP00087_1_Tcfap2c_primary	0.0	0.0	0.0	0.0	0.0	0.0	0.0	0.0	4.42917362897e-07	0.00200536009085	7.33357575635e-05	0.0	1.98854710476e-10
UP00193_1_Rhox11_1765.2	1.0	1.0	1.0	1.0	1.0	1.0	1.0	1.0	1.0	1.0	1.0	1.0	1.0
MA0474.1.Erg	0.0	0.0	0.0	0.0	0.0	0.0	0.0	0.0	0.0	0.0	0.0	0.0	0.0
UP00148_1_Hdx_3845.3	1.0	1.0	1.0	1.0	1.0	1.0	1.0	1.0	1.0	1.0	1.0	1.0	1.0
UP00163_1_En2_0952.1	1.0	1.0	1.0	1.0	1.0	1.0	1.0	1.0	1.0	1.0	1.0	1.0	1.0
MA0473.1.ELF1	0.0	0.0	0.0	1.90958360236e-13	0.0	0.0	0.0	0.0	0.0	8.28004331765e-12	0.0	0.0	0.0
UP00134_1_Hoxb13_3479.1	1.0	1.0	1.0	1.0	1.0	1.0	1.0	1.0	1.0	1.0	1.0	1.0	1.0
MA0031.1.FOXD1	1.0	1.0	1.0	1.0	1.0	1.0	1.0	1.0	1.0	1.0	1.0	1.0	0.999960444969
MA0119.1.TLX1::NFIC	0.0	1.5441494055e-05	1.0	0.226428002075	2.01239466912e-05	1.0	0.598366079389	4.24105195407e-14	1.0	0.999391339118	0.975853228293	0.000394776949228	2.21286305946e-08
UP00254_1_Pou2f1_3081.2	1.0	1.0	1.0	1.0	1.0	1.0	1.0	1.0	1.0	1.0	1.0	1.0	1.0
UP00124_1_Ipf1_3815.1	1.0	1.0	1.0	1.0	1.0	1.0	1.0	1.0	1.0	1.0	1.0	1.0	1.0
UP00207_1_Hoxb9_3413.1	1.0	1.0	1.0	1.0	1.0	1.0	1.0	1.0	1.0	1.0	1.0	1.0	1.0
MA0519.1.Stat5a::Stat5b	0.107511758247	0.999999999999	1.0	1.0	0.885628060874	1.0	1.0	0.146983819141	1.0	1.0	0.85894744572	0.999999999996	0.0886268409949
MA0092.1.Hand1::Tcfe2a	1.0	1.0	1.0	1.0	1.0	1.0	1.0	0.71169672195	1.0	1.0	0.537769006281	1.0	0.962116715207
MA0508.1.PRDM1	1.0	1.0	1.0	1.0	1.0	1.0	1.0	1.0	1.0	1.0	1.0	1.0	1.0
MA0442.1.SOX10	1.0	1.0	1.0	1.0	1.0	1.0	1.0	1.0	1.0	1.0	1.0	1.0	1.0
UP00221_1_Phox2a_3947.1	1.0	1.0	1.0	1.0	1.0	1.0	1.0	1.0	1.0	1.0	1.0	1.0	1.0
MA0125.1.Nobox	1.0	1.0	1.0	1.0	1.0	1.0	1.0	1.0	1.0	1.0	1.0	1.0	1.0
UP00181_1_Barx1_2877.1	1.0	1.0	1.0	1.0	1.0	1.0	1.0	1.0	1.0	1.0	1.0	1.0	1.0
MA0115.1.NR1H2::RXRA	1.0	1.0	1.0	1.0	1.0	1.0	1.0	1.0	1.0	1.0	1.0	1.0	0.834186960431
UP00137_1_Hoxb3_1720.2	1.0	1.0	1.0	1.0	1.0	1.0	1.0	1.0	1.0	1.0	1.0	1.0	1.0
MA0030.1.FOXF2	1.0	1.0	1.0	1.0	1.0	1.0	1.0	1.0	1.0	1.0	1.0	1.0	1.0
MA0089.1.NFE2L1::MafG	1.0	1.0	1.0	1.0	1.0	1.0	1.0	0.000106243598569	1.0	1.0	1.0	1.0	2.56754617567e-11
UP00110_1_Dlx4_3488.2	1.0	1.0	1.0	1.0	1.0	1.0	1.0	1.0	1.0	1.0	1.0	1.0	1.0
UP00256_1_Lhx6_2272.1	1.0	1.0	1.0	1.0	1.0	1.0	1.0	1.0	1.0	1.0	1.0	1.0	1.0
MA0107.1.RELA	0.0	0.0	0.0	0.0	0.0	0.0	0.0	0.0	0.949027076103	0.312195151382	0.000470825926556	5.07390351956e-10	0.0
MA0093.2.USF1	0.00841704095858	0.999792472321	1.0	1.0	0.999999999841	1.0	0.993366264163	0.0378598733395	0.993193753177	1.0	1.0	0.999999972105	0.969749696233
UP00049_1_Sp100_primary	0.347230706488	0.982956314382	1.0	1.0	0.999999999794	1.0	1.0	0.113282000561	1.0	1.0	1.0	0.999997223655	0.853662042519
MA0108.2.TBP	1.0	1.0	1.0	1.0	1.0	1.0	1.0	1.0	1.0	1.0	1.0	1.0	1.0
UP00052_1_Osr2_primary	1.0	1.0	1.0	1.0	1.0	1.0	1.0	1.0	1.0	1.0	1.0	1.0	1.0
UP00167_1_En1_3123.2	1.0	1.0	1.0	1.0	1.0	1.0	1.0	1.0	1.0	1.0	1.0	1.0	1.0
MA0514.1.Sox3	1.0	1.0	1.0	1.0	1.0	1.0	1.0	1.0	1.0	1.0	1.0	1.0	1.0
UP00022_1_Zfp740_primary	0.0	0.0	0.0	0.0	0.0	0.0	0.0	0.0	0.0	2.08333350571e-11	6.54321041793e-12	0.0	0.0
MA0088.1.znf143	0.0	1.42872380593e-11	1.0	0.222705106657	0.00138017190665	0.000345209302611	0.239331559684	0.0	0.999999998744	0.114584522328	0.0205563586732	0.000508843230181	4.85412382432e-05
UP00042_1_Gm397_primary	1.0	1.0	1.0	1.0	1.0	1.0	1.0	1.0	1.0	1.0	1.0	1.0	1.0
UP00131_1_Gbx2_3110.1	1.0	1.0	1.0	1.0	1.0	1.0	1.0	1.0	1.0	1.0	1.0	1.0	1.0
MA0042.1.FOXI1	1.0	1.0	1.0	1.0	1.0	1.0	1.0	1.0	1.0	1.0	1.0	1.0	1.0
UP00082_1_Zfp187_primary	1.0	1.0	1.0	1.0	1.0	1.0	1.0	1.0	1.0	1.0	1.0	1.0	1.0
MA0465.1.CDX2	1.0	1.0	1.0	1.0	1.0	1.0	1.0	1.0	1.0	1.0	1.0	1.0	1.0
UP00077_1_Srf_primary	1.0	1.0	1.0	1.0	1.0	1.0	1.0	1.0	1.0	1.0	1.0	1.0	1.0
MA0135.1.Lhx3	1.0	1.0	1.0	1.0	1.0	1.0	1.0	1.0	1.0	1.0	1.0	1.0	1.0
UP00196_1_Hoxa4_3426.1	1.0	1.0	1.0	1.0	1.0	1.0	1.0	1.0	1.0	1.0	1.0	1.0	1.0
UP00189_1_Hoxa5_3415.1	1.0	1.0	1.0	1.0	1.0	1.0	1.0	1.0	1.0	1.0	1.0	1.0	1.0
UP00057_1_Zic2_primary	0.0	0.0	0.0	0.0	0.0	0.0	0.0	0.0	0.0	0.0	0.0	0.0	0.0
UP00017_1_Nkx3-1_primary	1.0	1.0	1.0	1.0	1.0	1.0	1.0	1.0	1.0	1.0	1.0	1.0	1.0
UP00033_1_Zfp410_primary	1.0	1.0	1.0	1.0	1.0	1.0	1.0	1.0	1.0	1.0	1.0	1.0	1.0
MA0106.2.TP53	1.0	1.0	1.0	1.0	1.0	1.0	1.0	1.0	1.0	1.0	1.0	1.0	1.0
MA0466.1.CEBPB	1.0	1.0	1.0	1.0	1.0	1.0	1.0	1.0	1.0	1.0	1.0	1.0	1.0
UP00056_1_Rfx4_primary	0.0	4.42175118742e-09	1.0	1.0	0.129069079057	0.0083163794494	0.554759149202	1.21726628777e-10	0.990919422096	1.0	1.0	4.45185785791e-06	0.0124190989785
UP00153_1_Pitx1_2312.1	1.0	1.0	1.0	1.0	1.0	1.0	1.0	1.0	1.0	1.0	1.0	1.0	1.0
UP00016_1_Sry_primary	1.0	1.0	1.0	1.0	1.0	1.0	1.0	1.0	1.0	1.0	1.0	1.0	1.0
UP00198_1_Cphx_3484.1	1.0	1.0	1.0	1.0	1.0	1.0	1.0	1.0	1.0	1.0	1.0	1.0	1.0
MA0596.1.SREBF2	1.0	1.0	1.0	1.0	1.0	1.0	1.0	1.0	1.0	1.0	1.0	1.0	1.0
UP00014_1_Sox17_primary	1.0	1.0	1.0	1.0	1.0	1.0	1.0	1.0	1.0	1.0	1.0	1.0	1.0
MA0037.2.GATA3	1.0	1.0	1.0	1.0	1.0	1.0	1.0	1.0	1.0	1.0	1.0	1.0	1.0
MA0510.1.RFX5	0.0	0.0	0.00915690956385	1.28233055791e-05	9.04214864872e-07	1.22483100834e-05	1.11261249103e-08	0.0	0.985522890257	0.686208830969	8.98729837107e-06	0.110948254216	4.19737578028e-10
MA0014.2.PAX5	1.0	1.0	1.0	1.0	1.0	1.0	1.0	1.0	1.0	1.0	1.0	1.0	1.0
MA0520.1.Stat6	1.0	1.0	1.0	1.0	1.0	1.0	1.0	1.0	1.0	1.0	1.0	1.0	1.0
UP00242_1_Hoxc8_3429.2	1.0	1.0	1.0	1.0	1.0	1.0	1.0	1.0	1.0	1.0	1.0	1.0	1.0
UP00074_1_Isgf3g_primary	1.0	1.0	1.0	1.0	1.0	1.0	1.0	1.0	1.0	1.0	1.0	1.0	1.0
MA0098.2.Ets1	0.0	0.0	0.0	0.0	0.0	0.0	0.0	0.0	0.0	0.0	0.0	0.0	0.0
UP00019_1_Zbtb12_primary	1.0	1.0	1.0	1.0	1.0	1.0	1.0	1.0	1.0	1.0	1.0	1.0	1.0
UP00118_1_Pou4f3_2791.1	1.0	1.0	1.0	1.0	1.0	1.0	1.0	1.0	1.0	1.0	1.0	1.0	1.0
UP00175_1_Lhx9_3492.1	1.0	1.0	1.0	1.0	1.0	1.0	1.0	1.0	1.0	1.0	1.0	1.0	1.0
MA0130.1.ZNF354C	1.0	1.0	1.0	1.0	1.0	1.0	1.0	1.0	1.0	1.0	1.0	1.0	1.0
UP00060_1_Max_primary	0.0	0.0	0.0536095429511	0.842710003148	0.00082643280451	1.83296140488e-07	0.128159263786	4.24105195407e-14	0.0144368352385	0.735265196238	0.00504513881607	0.167812078756	4.96967108357e-05
UP00260_1_Hoxc6_3954.2	1.0	1.0	1.0	1.0	1.0	1.0	1.0	1.0	1.0	1.0	1.0	1.0	1.0
UP00232_1_Dobox4_3956.2	1.0	1.0	1.0	1.0	1.0	1.0	1.0	1.0	1.0	1.0	1.0	1.0	1.0
UP00149_1_Phox2b_3948.1	1.0	1.0	1.0	1.0	1.0	1.0	1.0	1.0	1.0	1.0	1.0	1.0	1.0
UP00229_1_Otx1_2325.1	1.0	1.0	1.0	1.0	1.0	1.0	1.0	1.0	1.0	1.0	1.0	1.0	1.0
UP00235_1_Hoxc11_3718.2	1.0	1.0	1.0	1.0	1.0	1.0	1.0	1.0	1.0	1.0	1.0	1.0	1.0
UP00032_1_Gata3_primary	1.0	1.0	1.0	1.0	1.0	1.0	1.0	1.0	1.0	1.0	1.0	1.0	1.0
MA0593.1.FOXP2	1.0	1.0	1.0	1.0	1.0	1.0	1.0	1.0	1.0	1.0	1.0	1.0	1.0
MA0464.1.Bhlhe40	0.301391946454	0.854925615732	1.0	1.0	0.999999999973	1.0	0.999961574728	0.997625789866	1.0	1.0	1.0	0.999999974339	1.0
IRF8_IECS_HAND_KANO	1.0	1.0	1.0	1.0	1.0	1.0	1.0	1.0	1.0	1.0	0.999999983435	1.0	0.877694687392
UP00158_1_Pou1f1_3818.1	1.0	1.0	1.0	1.0	1.0	1.0	1.0	1.0	1.0	1.0	1.0	1.0	1.0
MA0112.2.ESR1	0.0	0.0	0.0570249141777	0.000113087252643	0.150376254234	0.30105686334	0.00453166833729	8.57576592184e-07	1.0	0.813176412304	1.0	0.489505319281	0.027122758148
MA0104.3.Mycn	0.0	0.0	0.190270033197	0.00842018934217	0.000270871649623	0.0029209378828	0.000783536822197	0.0	0.333551572405	1.0	0.0114587000721	4.94204148083e-06	0.000161585377777
UP00061_1_Foxl1_primary	1.0	1.0	1.0	1.0	1.0	1.0	1.0	1.0	1.0	1.0	1.0	1.0	1.0
MA0033.1.FOXL1	1.0	1.0	1.0	1.0	1.0	1.0	1.0	1.0	1.0	1.0	1.0	1.0	1.0
MA0100.2.Myb	1.0	1.0	1.0	1.0	1.0	1.0	1.0	0.987964479046	1.0	1.0	1.0	1.0	0.605766202537
MA0512.1.Rxra	1.0	1.0	1.0	1.0	1.0	1.0	0.999999981352	1.0	1.0	1.0	1.0	1.0	1.0
MA0062.2.GABPA	0.0	0.0	0.0	0.0	0.0	0.0	0.0	0.0	0.0	0.0	0.0	0.0	0.0
UP00083_1_Tcf7l2_primary	1.0	1.0	1.0	1.0	1.0	1.0	1.0	1.0	1.0	1.0	1.0	1.0	1.0
UP00245_1_Hoxc10_2779.2	1.0	1.0	1.0	1.0	1.0	1.0	1.0	1.0	1.0	1.0	1.0	1.0	1.0
MA0506.1.NRF1	0.0	0.0	0.0	0.0	0.0	0.0	0.0	0.0	0.0	0.0	0.0	0.0	0.0
MA0032.1.FOXC1	1.0	1.0	1.0	1.0	1.0	1.0	1.0	1.0	1.0	1.0	1.0	1.0	1.0
MA0475.1.FLI1	0.0	0.0	0.0	0.0	0.0	0.0	0.0	0.0	0.0	0.0	0.0	0.0	0.0
UP00006_1_Zic3_primary	0.0	0.0	0.0	0.0	0.0	0.0	0.0	0.0	0.0	0.0	0.0	0.0	0.0
MA0480.1.Foxo1	1.0	1.0	1.0	1.0	1.0	1.0	1.0	1.0	1.0	1.0	1.0	1.0	0.2024611296
MA0043.1.HLF	1.0	1.0	1.0	1.0	1.0	1.0	1.0	1.0	1.0	1.0	1.0	1.0	1.0
UP00128_1_Pou3f2_2824.1	1.0	1.0	1.0	1.0	1.0	1.0	1.0	1.0	1.0	1.0	1.0	1.0	1.0
MA0139.1.CTCF	0.0	0.0	0.0	0.0	0.0	0.0	0.0	0.0	5.33684207937e-13	8.43436806619e-07	1.14841469667e-12	0.0	0.0
UP00143_1_Dobox5_3493.1	1.0	1.0	1.0	1.0	1.0	1.0	1.0	1.0	1.0	1.0	1.0	1.0	1.0
UP00092_1_Myb_primary	0.602318978762	1.0	1.0	1.0	1.0	1.0	1.0	0.719107221766	1.0	1.0	1.0	0.816746346592	0.999999921779
MA0598.1.EHF	0.0	0.0	7.1775918542e-13	0.0	0.0	0.0	0.0	0.0	0.0	1.35692568293e-11	0.0	0.0	0.0
MA0489.1.JUN.var.2	0.0	0.0	9.58669546192e-07	4.65943888028e-07	0.0	3.22139207087e-06	0.0	0.0	0.0	4.04121180964e-13	0.0	0.0	0.0
UP00039_1_Foxj3_primary	1.0	1.0	1.0	1.0	1.0	1.0	1.0	1.0	1.0	1.0	1.0	1.0	1.0
UP00015_1_Ehf_primary	0.0	0.0	4.42042834559e-07	7.21071269001e-05	0.0	0.0	7.19899821211e-06	0.0	1.43278336051e-06	0.695767282409	0.0	0.0	0.0
UP00017_3_Nkx3-1_2923.2	1.0	1.0	1.0	1.0	1.0	1.0	1.0	1.0	1.0	1.0	1.0	1.0	1.0
MA0502.1.NFYB	0.0	1.06636941899e-06	1.0	1.0	1.0	1.78398051887e-09	1.0	1.08279940569e-10	0.228080309167	1.0	0.000882406963375	0.00112704603002	0.343781343327
UP00209_1_Cart1_0997.1	1.0	1.0	1.0	1.0	1.0	1.0	1.0	1.0	1.0	1.0	1.0	1.0	1.0
UP00091_1_Sox5_primary	1.0	1.0	1.0	1.0	1.0	1.0	1.0	1.0	1.0	1.0	1.0	1.0	1.0
MA0513.1.SMAD2::SMAD3::SMAD4	1.0	1.0	1.0	1.0	1.0	1.0	0.999995379059	1.0	1.0	1.0	1.0	1.0	1.0
UP00117_1_Hoxd11_3873.1	1.0	1.0	1.0	1.0	1.0	1.0	1.0	1.0	1.0	1.0	1.0	1.0	1.0
