Ash2l_hand	111.0	4907.0	29.0	2445.0
E2A-Homer	64.0	4954.0	33.0	2441.0
IRF8_AICS	59.0	4959.0	43.0	2431.0
IRF8_IECS_HAND_KANO	62.0	4956.0	33.0	2441.0
IRF8_ISRE_KANNO	43.0	4975.0	27.0	2447.0
MA0002.2.RUNX1	43.0	4975.0	13.0	2461.0
MA0003.2.TFAP2A	116.0	4902.0	39.0	2435.0
MA0004.1.Arnt	0.0	5018.0	0.0	2474.0
MA0006.1.Arnt::Ahr	0.0	5018.0	0.0	2474.0
MA0007.2.AR	23.0	4995.0	20.0	2454.0
MA0009.1.T	8.0	5010.0	6.0	2468.0
MA0014.2.PAX5	41.0	4977.0	18.0	2456.0
MA0017.1.NR2F1	28.0	4990.0	18.0	2456.0
MA0018.2.CREB1	34.0	4984.0	24.0	2450.0
MA0019.1.Ddit3::Cebpa	4.0	5014.0	12.0	2462.0
MA0024.2.E2F1	150.0	4868.0	57.0	2417.0
MA0025.1.NFIL3	9.0	5009.0	4.0	2470.0
MA0027.1.En1	10.0	5008.0	6.0	2468.0
MA0028.1.ELK1	53.0	4965.0	19.0	2455.0
MA0029.1.Mecom	9.0	5009.0	8.0	2466.0
MA0030.1.FOXF2	22.0	4996.0	10.0	2464.0
MA0031.1.FOXD1	18.0	5000.0	10.0	2464.0
MA0032.1.FOXC1	4.0	5014.0	1.0	2473.0
MA0033.1.FOXL1	5.0	5013.0	10.0	2464.0
MA0035.3.Gata1	17.0	5001.0	15.0	2459.0
MA0036.2.GATA2	16.0	5002.0	8.0	2466.0
MA0037.2.GATA3	12.0	5006.0	13.0	2461.0
MA0038.1.Gfi1	19.0	4999.0	8.0	2466.0
MA0039.2.Klf4	446.0	4572.0	162.0	2312.0
MA0040.1.Foxq1	10.0	5008.0	13.0	2461.0
MA0041.1.Foxd3	20.0	4998.0	16.0	2458.0
MA0042.1.FOXI1	20.0	4998.0	16.0	2458.0
MA0043.1.HLF	13.0	5005.0	8.0	2466.0
MA0046.1.HNF1A	8.0	5010.0	5.0	2469.0
MA0047.2.Foxa2	22.0	4996.0	18.0	2456.0
MA0048.1.NHLH1	60.0	4958.0	34.0	2440.0
MA0050.2.IRF1	45.0	4973.0	47.0	2427.0
MA0051.1.IRF2	19.0	4999.0	13.0	2461.0
MA0052.2.MEF2A	15.0	5003.0	11.0	2463.0
MA0056.1.MZF1_1-4	283.0	4735.0	111.0	2363.0
MA0057.1.MZF1_5-13	126.0	4892.0	41.0	2433.0
MA0058.2.MAX	24.0	4994.0	14.0	2460.0
MA0059.1.MYC::MAX	16.0	5002.0	11.0	2463.0
MA0060.2.NFYA	33.0	4985.0	21.0	2453.0
MA0062.2.GABPA	86.0	4932.0	40.0	2434.0
MA0063.1.Nkx2-5	18.0	5000.0	4.0	2470.0
MA0065.2.PPARG::RXRA	107.0	4911.0	43.0	2431.0
MA0066.1.PPARG	15.0	5003.0	10.0	2464.0
MA0067.1.Pax2	33.0	4985.0	20.0	2454.0
MA0068.1.Pax4	18.0	5000.0	10.0	2464.0
MA0069.1.Pax6	9.0	5009.0	2.0	2472.0
MA0070.1.PBX1	3.0	5015.0	14.0	2460.0
MA0071.1.RORA_1	16.0	5002.0	10.0	2464.0
MA0072.1.RORA_2	6.0	5012.0	8.0	2466.0
MA0073.1.RREB1	164.0	4854.0	65.0	2409.0
MA0074.1.RXRA::VDR	21.0	4997.0	10.0	2464.0
MA0075.1.Prrx2	0.0	5018.0	0.0	2474.0
MA0076.2.ELK4	100.0	4918.0	56.0	2418.0
MA0077.1.SOX9	30.0	4988.0	19.0	2455.0
MA0078.1.Sox17	18.0	5000.0	9.0	2465.0
MA0079.3.SP1	705.0	4313.0	258.0	2216.0
MA0080.3.Spi1	127.0	4891.0	78.0	2396.0
MA0081.1.SPIB	60.0	4958.0	33.0	2441.0
MA0083.2.SRF	18.0	5000.0	13.0	2461.0
MA0084.1.SRY	24.0	4994.0	17.0	2457.0
MA0087.1.Sox5	24.0	4994.0	19.0	2455.0
MA0088.1.znf143	60.0	4958.0	33.0	2441.0
MA0089.1.NFE2L1::MafG	50.0	4968.0	17.0	2457.0
MA0090.1.TEAD1	31.0	4987.0	32.0	2442.0
MA0091.1.TAL1::TCF3	18.0	5000.0	11.0	2463.0
MA0092.1.Hand1::Tcfe2a	31.0	4987.0	20.0	2454.0
MA0093.2.USF1	27.0	4991.0	15.0	2459.0
MA0095.2.YY1	34.0	4984.0	17.0	2457.0
MA0098.2.Ets1	156.0	4862.0	102.0	2372.0
MA0099.2.JUN::FOS	70.0	4948.0	44.0	2430.0
MA0100.2.Myb	23.0	4995.0	18.0	2456.0
MA0101.1.REL	108.0	4910.0	26.0	2448.0
MA0102.3.CEBPA	17.0	5001.0	5.0	2469.0
MA0103.2.ZEB1	40.0	4978.0	6.0	2468.0
MA0104.3.Mycn	36.0	4982.0	11.0	2463.0
MA0105.3.NFKB1	133.0	4885.0	48.0	2426.0
MA0106.2.TP53	15.0	5003.0	12.0	2462.0
MA0107.1.RELA	130.0	4888.0	23.0	2451.0
MA0108.2.TBP	13.0	5005.0	9.0	2465.0
MA0109.1.Hltf	5.0	5013.0	5.0	2469.0
MA0111.1.Spz1	28.0	4990.0	9.0	2465.0
MA0112.2.ESR1	55.0	4963.0	22.0	2452.0
MA0113.2.NR3C1	15.0	5003.0	17.0	2457.0
MA0114.2.HNF4A	43.0	4975.0	23.0	2451.0
MA0115.1.NR1H2::RXRA	17.0	5001.0	5.0	2469.0
MA0116.1.Zfp423	57.0	4961.0	13.0	2461.0
MA0117.1.Mafb	33.0	4985.0	18.0	2456.0
MA0119.1.TLX1::NFIC	47.0	4971.0	21.0	2453.0
MA0122.1.Nkx3-2	14.0	5004.0	10.0	2464.0
MA0124.1.NKX3-1	4.0	5014.0	6.0	2468.0
MA0125.1.Nobox	8.0	5010.0	5.0	2469.0
MA0130.1.ZNF354C	0.0	5018.0	0.0	2474.0
MA0131.1.HINFP	13.0	5005.0	2.0	2472.0
MA0132.1.Pdx1	0.0	5018.0	0.0	2474.0
MA0133.1.BRCA1	5.0	5013.0	4.0	2470.0
MA0135.1.Lhx3	6.0	5012.0	1.0	2473.0
MA0136.1.ELF5	58.0	4960.0	39.0	2435.0
MA0137.3.STAT1	56.0	4962.0	30.0	2444.0
MA0138.2.REST	41.0	4977.0	22.0	2452.0
MA0139.1.CTCF	116.0	4902.0	35.0	2439.0
MA0140.2.TAL1::GATA1	12.0	5006.0	3.0	2471.0
MA0141.2.Esrrb	30.0	4988.0	16.0	2458.0
MA0142.1.Pou5f1::Sox2	15.0	5003.0	14.0	2460.0
MA0143.3.Sox2	52.0	4966.0	21.0	2453.0
MA0144.2.STAT3	67.0	4951.0	37.0	2437.0
MA0145.2.Tcfcp2l1	80.0	4938.0	23.0	2451.0
MA0146.2.Zfx	196.0	4822.0	69.0	2405.0
MA0147.2.Myc	31.0	4987.0	9.0	2465.0
MA0148.3.FOXA1	25.0	4993.0	20.0	2454.0
MA0149.1.EWSR1-FLI1	163.0	4855.0	91.0	2383.0
MA0150.2.Nfe2l2	31.0	4987.0	27.0	2447.0
MA0151.1.ARID3A	19.0	4999.0	10.0	2464.0
MA0152.1.NFATC2	32.0	4986.0	19.0	2455.0
MA0153.1.HNF1B	8.0	5010.0	5.0	2469.0
MA0154.2.EBF1	134.0	4884.0	38.0	2436.0
MA0155.1.INSM1	125.0	4893.0	43.0	2431.0
MA0156.1.FEV	75.0	4943.0	49.0	2425.0
MA0157.1.FOXO3	29.0	4989.0	19.0	2455.0
MA0158.1.HOXA5	7.0	5011.0	7.0	2467.0
MA0159.1.RXR::RAR_DR5	38.0	4980.0	14.0	2460.0
MA0160.1.NR4A2	17.0	5001.0	9.0	2465.0
MA0161.1.NFIC	0.0	5018.0	0.0	2474.0
MA0162.2.EGR1	502.0	4516.0	173.0	2301.0
MA0163.1.PLAG1	213.0	4805.0	70.0	2404.0
MA0164.1.Nr2e3	4.0	5014.0	1.0	2473.0
MA0258.2.ESR2	39.0	4979.0	12.0	2462.0
MA0259.1.HIF1A::ARNT	28.0	4990.0	2.0	2472.0
MA0442.1.SOX10	103.0	4915.0	52.0	2422.0
MA0461.1.Atoh1	73.0	4945.0	40.0	2434.0
MA0462.1.BATF::JUN	47.0	4971.0	41.0	2433.0
MA0463.1.Bcl6	57.0	4961.0	35.0	2439.0
MA0464.1.Bhlhe40	26.0	4992.0	10.0	2464.0
MA0465.1.CDX2	7.0	5011.0	5.0	2469.0
MA0466.1.CEBPB	15.0	5003.0	5.0	2469.0
MA0467.1.Crx	15.0	5003.0	5.0	2469.0
MA0468.1.DUX4	12.0	5006.0	7.0	2467.0
MA0469.1.E2F3	220.0	4798.0	78.0	2396.0
MA0470.1.E2F4	206.0	4812.0	73.0	2401.0
MA0471.1.E2F6	236.0	4782.0	98.0	2376.0
MA0472.1.EGR2	255.0	4763.0	97.0	2377.0
MA0473.1.ELF1	111.0	4907.0	63.0	2411.0
MA0474.1.Erg	187.0	4831.0	107.0	2367.0
MA0475.1.FLI1	147.0	4871.0	99.0	2375.0
MA0476.1.FOS	67.0	4951.0	56.0	2418.0
MA0477.1.FOSL1	70.0	4948.0	50.0	2424.0
MA0478.1.FOSL2	68.0	4950.0	54.0	2420.0
MA0479.1.FOXH1	10.0	5008.0	9.0	2465.0
MA0480.1.Foxo1	35.0	4983.0	29.0	2445.0
MA0481.1.FOXP1	35.0	4983.0	31.0	2443.0
MA0482.1.Gata4	15.0	5003.0	12.0	2462.0
MA0483.1.Gfi1b	38.0	4980.0	11.0	2463.0
MA0484.1.HNF4G	46.0	4972.0	22.0	2452.0
MA0485.1.Hoxc9	7.0	5011.0	7.0	2467.0
MA0486.1.HSF1	43.0	4975.0	19.0	2455.0
MA0488.1.JUN	35.0	4983.0	31.0	2443.0
MA0489.1.JUN.var.2	67.0	4951.0	56.0	2418.0
MA0490.1.JUNB	76.0	4942.0	50.0	2424.0
MA0491.1.JUND	66.0	4952.0	58.0	2416.0
MA0492.1.JUND.var.2	30.0	4988.0	26.0	2448.0
MA0493.1.Klf1	221.0	4797.0	70.0	2404.0
MA0494.1.Nr1h3::Rxra	11.0	5007.0	9.0	2465.0
MA0495.1.MAFF	13.0	5005.0	7.0	2467.0
MA0496.1.MAFK	13.0	5005.0	9.0	2465.0
MA0497.1.MEF2C	17.0	5001.0	15.0	2459.0
MA0498.1.Meis1	28.0	4990.0	20.0	2454.0
MA0499.1.Myod1	78.0	4940.0	35.0	2439.0
MA0500.1.Myog	79.0	4939.0	38.0	2436.0
MA0501.1.NFE2::MAF	21.0	4997.0	25.0	2449.0
MA0502.1.NFYB	26.0	4992.0	14.0	2460.0
MA0503.1.Nkx2-5.var.2	36.0	4982.0	14.0	2460.0
MA0504.1.NR2C2	109.0	4909.0	45.0	2429.0
MA0505.1.Nr5a2	43.0	4975.0	13.0	2461.0
MA0506.1.NRF1	187.0	4831.0	70.0	2404.0
MA0507.1.POU2F2	14.0	5004.0	10.0	2464.0
MA0508.1.PRDM1	51.0	4967.0	46.0	2428.0
MA0509.1.Rfx1	36.0	4982.0	13.0	2461.0
MA0510.1.RFX5	65.0	4953.0	22.0	2452.0
MA0511.1.RUNX2	34.0	4984.0	13.0	2461.0
MA0512.1.Rxra	37.0	4981.0	24.0	2450.0
MA0513.1.SMAD2::SMAD3::SMAD4	55.0	4963.0	27.0	2447.0
MA0514.1.Sox3	71.0	4947.0	47.0	2427.0
MA0515.1.Sox6	57.0	4961.0	43.0	2431.0
MA0516.1.SP2	657.0	4361.0	226.0	2248.0
MA0517.1.STAT2::STAT1	51.0	4967.0	34.0	2440.0
MA0518.1.Stat4	48.0	4970.0	27.0	2447.0
MA0519.1.Stat5a::Stat5b	62.0	4956.0	26.0	2448.0
MA0520.1.Stat6	14.0	5004.0	17.0	2457.0
MA0521.1.Tcf12	69.0	4949.0	35.0	2439.0
MA0522.1.Tcf3	93.0	4925.0	45.0	2429.0
MA0523.1.TCF7L2	20.0	4998.0	18.0	2456.0
MA0524.1.TFAP2C	147.0	4871.0	48.0	2426.0
MA0525.1.TP63	27.0	4991.0	7.0	2467.0
MA0526.1.USF2	27.0	4991.0	13.0	2461.0
MA0527.1.ZBTB33	35.0	4983.0	20.0	2454.0
MA0528.1.ZNF263	326.0	4692.0	144.0	2330.0
MA0591.1.Bach1::Mafk	44.0	4974.0	28.0	2446.0
MA0592.1.ESRRA	35.0	4983.0	16.0	2458.0
MA0593.1.FOXP2	32.0	4986.0	23.0	2451.0
MA0594.1.Hoxa9	5.0	5013.0	8.0	2466.0
MA0595.1.SREBF1	33.0	4985.0	17.0	2457.0
MA0596.1.SREBF2	26.0	4992.0	20.0	2454.0
MA0597.1.THAP1	76.0	4942.0	45.0	2429.0
MA0598.1.EHF	191.0	4827.0	95.0	2379.0
MA0599.1.KLF5	545.0	4473.0	202.0	2272.0
MA0600.1.RFX2	33.0	4985.0	14.0	2460.0
UP00000_1_Smad3_primary	26.0	4992.0	12.0	2462.0
UP00001_1_E2F2_primary	43.0	4975.0	16.0	2458.0
UP00002_1_Sp4_primary	341.0	4677.0	121.0	2353.0
UP00003_1_E2F3_primary	48.0	4970.0	12.0	2462.0
UP00004_1_Sox14_primary	4.0	5014.0	5.0	2469.0
UP00005_1_Tcfap2a_primary	60.0	4958.0	25.0	2449.0
UP00006_1_Zic3_primary	123.0	4895.0	44.0	2430.0
UP00007_1_Egr1_primary	270.0	4748.0	92.0	2382.0
UP00008_1_Six6_primary	4.0	5014.0	1.0	2473.0
UP00008_3_Six6_2267.4	2.0	5016.0	1.0	2473.0
UP00008_4	3.0	5015.0	1.0	2473.0
UP00009_1_Nr2f2_primary	21.0	4997.0	6.0	2468.0
UP00010_1_Tcfap2b_primary	80.0	4938.0	22.0	2452.0
UP00011_1_Irf6_primary	5.0	5013.0	3.0	2471.0
UP00012_1_Bbx_primary	6.0	5012.0	3.0	2471.0
UP00014_1_Sox17_primary	12.0	5006.0	7.0	2467.0
UP00015_1_Ehf_primary	44.0	4974.0	16.0	2458.0
UP00016_1_Sry_primary	3.0	5015.0	2.0	2472.0
UP00017_1_Nkx3-1_primary	5.0	5013.0	2.0	2472.0
UP00017_3_Nkx3-1_2923.2	3.0	5015.0	2.0	2472.0
UP00018_1_Irf4_primary	10.0	5008.0	7.0	2467.0
UP00019_1_Zbtb12_primary	7.0	5011.0	6.0	2468.0
UP00020_1_Atf1_primary	24.0	4994.0	13.0	2461.0
UP00021_1_Zfp281_primary	354.0	4664.0	116.0	2358.0
UP00022_1_Zfp740_primary	128.0	4890.0	48.0	2426.0
UP00023_1_Sox30_primary	21.0	4997.0	8.0	2466.0
UP00024_1_Glis2_primary	34.0	4984.0	6.0	2468.0
UP00025_1_Foxk1_primary	11.0	5007.0	18.0	2456.0
UP00026_1_Zscan4_primary	12.0	5006.0	5.0	2469.0
UP00027_1_Osr1_primary	12.0	5006.0	7.0	2467.0
UP00028_1_Tcfap2e_primary	79.0	4939.0	21.0	2453.0
UP00029_1_Tbp_primary	7.0	5011.0	6.0	2468.0
UP00030_1_Sox11_primary	37.0	4981.0	34.0	2440.0
UP00031_1_Zbtb3_primary	26.0	4992.0	12.0	2462.0
UP00032_1_Gata3_primary	7.0	5011.0	8.0	2466.0
UP00033_1_Zfp410_primary	27.0	4991.0	12.0	2462.0
UP00034_1_Sox7_primary	12.0	5006.0	10.0	2464.0
UP00035_1_Hic1_primary	25.0	4993.0	5.0	2469.0
UP00036_1_Myf6_primary	43.0	4975.0	15.0	2459.0
UP00037_1_Zfp105_primary	24.0	4994.0	19.0	2455.0
UP00039_1_Foxj3_primary	18.0	5000.0	12.0	2462.0
UP00040_1_Irf5_primary	8.0	5010.0	1.0	2473.0
UP00041_1_Foxj1_primary	10.0	5008.0	12.0	2462.0
UP00042_1_Gm397_primary	14.0	5004.0	7.0	2467.0
UP00043_1_Bcl6b_primary	24.0	4994.0	11.0	2463.0
UP00044_1_Mafk_primary	8.0	5010.0	8.0	2466.0
UP00045_1_Mafb_primary	9.0	5009.0	5.0	2469.0
UP00046_1_Tcfe2a_primary	30.0	4988.0	11.0	2463.0
UP00047_1_Zbtb7b_primary	32.0	4986.0	8.0	2466.0
UP00048_1_Rara_primary	20.0	4998.0	5.0	2469.0
UP00049_1_Sp100_primary	8.0	5010.0	5.0	2469.0
UP00050_1_Bhlhb2_primary	5.0	5013.0	7.0	2467.0
UP00051_1_Sox8_primary	10.0	5008.0	8.0	2466.0
UP00052_1_Osr2_primary	11.0	5007.0	6.0	2468.0
UP00053_1_Rxra_primary	34.0	4984.0	13.0	2461.0
UP00054_1_Tcf7_primary	14.0	5004.0	13.0	2461.0
UP00055_1_Hbp1_primary	22.0	4996.0	12.0	2462.0
UP00056_1_Rfx4_primary	17.0	5001.0	9.0	2465.0
UP00057_1_Zic2_primary	124.0	4894.0	46.0	2428.0
UP00058_1_Tcf3_primary	12.0	5006.0	15.0	2459.0
UP00059_1_Arid5a_primary	12.0	5006.0	7.0	2467.0
UP00060_1_Max_primary	19.0	4999.0	12.0	2462.0
UP00061_1_Foxl1_primary	11.0	5007.0	15.0	2459.0
UP00062_1_Sox4_primary	39.0	4979.0	33.0	2441.0
UP00064_1_Sox18_primary	15.0	5003.0	13.0	2461.0
UP00065_1_Zfp161_primary	71.0	4947.0	31.0	2443.0
UP00066_1_Hnf4a_primary	36.0	4982.0	11.0	2463.0
UP00067_1_Lef1_primary	18.0	5000.0	17.0	2457.0
UP00068_1_Eomes_primary	11.0	5007.0	6.0	2468.0
UP00069_1_Sox1_primary	12.0	5006.0	4.0	2470.0
UP00070_1_Gcm1_primary	17.0	5001.0	2.0	2472.0
UP00071_1_Sox21_primary	6.0	5012.0	6.0	2468.0
UP00072_1_IRC900814_primary	5.0	5013.0	1.0	2473.0
UP00073_1_Foxa2_primary	11.0	5007.0	19.0	2455.0
UP00074_1_Isgf3g_primary	15.0	5003.0	8.0	2466.0
UP00075_1_Sox15_primary	11.0	5007.0	11.0	2463.0
UP00076_1_Rfxdc2_primary	20.0	4998.0	8.0	2466.0
UP00077_1_Srf_primary	10.0	5008.0	6.0	2468.0
UP00078_1_Arid3a_primary	9.0	5009.0	8.0	2466.0
UP00079_1_Esrra_primary	15.0	5003.0	8.0	2466.0
UP00080_1_Gata5_primary	10.0	5008.0	7.0	2467.0
UP00081_1_Mybl1_primary	3.0	5015.0	1.0	2473.0
UP00082_1_Zfp187_primary	3.0	5015.0	4.0	2470.0
UP00083_1_Tcf7l2_primary	21.0	4997.0	15.0	2459.0
UP00084_1_Gmeb1_primary	3.0	5015.0	7.0	2467.0
UP00085_1_Sfpi1_primary	52.0	4966.0	31.0	2443.0
UP00086_1_Irf3_primary	40.0	4978.0	19.0	2455.0
UP00087_1_Tcfap2c_primary	72.0	4946.0	23.0	2451.0
UP00088_1_Plagl1_primary	106.0	4912.0	20.0	2454.0
UP00089_1_Tcf1_primary	1.0	5017.0	1.0	2473.0
UP00089_3_Tcf1_2666.2	3.0	5015.0	1.0	2473.0
UP00091_1_Sox5_primary	11.0	5007.0	10.0	2464.0
UP00092_1_Myb_primary	4.0	5014.0	1.0	2473.0
UP00093_1_Klf7_primary	346.0	4672.0	120.0	2354.0
UP00094_1_Zfp128_primary	2.0	5016.0	4.0	2470.0
UP00095_1_Zfp691_primary	22.0	4996.0	15.0	2459.0
UP00096_1_Sox13_primary	8.0	5010.0	7.0	2467.0
UP00097_1_Mtf1_primary	27.0	4991.0	7.0	2467.0
UP00098_1_Rfx3_primary	7.0	5011.0	4.0	2470.0
UP00099_1_Ascl2_primary	69.0	4949.0	35.0	2439.0
UP00100_1_Gata6_primary	12.0	5006.0	8.0	2466.0
UP00101_1_Sox12_primary	17.0	5001.0	22.0	2452.0
UP00102_1_Zic1_primary	127.0	4891.0	48.0	2426.0
UP00103_1_Jundm2_primary	26.0	4992.0	16.0	2458.0
UP00104_1_Hmx1_3423.1	11.0	5007.0	3.0	2471.0
UP00105_1_Pou3f4_3773.1	5.0	5013.0	2.0	2472.0
UP00106_1_Vax2_3500.1	3.0	5015.0	4.0	2470.0
UP00107_1_Nkx2-4_3074.1	10.0	5008.0	9.0	2465.0
UP00108_1_Alx3_3418.2	7.0	5011.0	2.0	2472.0
UP00109_1_Obox6_3440.2	1.0	5017.0	4.0	2470.0
UP00110_1_Dlx4_3488.2	3.0	5015.0	4.0	2470.0
UP00111_1_Dmbx1_2277.1	6.0	5012.0	4.0	2470.0
UP00112_1_Gsc_2327.3	6.0	5012.0	5.0	2469.0
UP00113_1_Hoxc4_3491.1	5.0	5013.0	3.0	2471.0
UP00114_1_Homez_1063.2	0.0	5018.0	1.0	2473.0
UP00115_1_Lhx2_0953.2	9.0	5009.0	3.0	2471.0
UP00116_1_Rhox6_4251.1	4.0	5014.0	2.0	2472.0
UP00117_1_Hoxd11_3873.1	8.0	5010.0	3.0	2471.0
UP00118_1_Pou4f3_2791.1	7.0	5011.0	10.0	2464.0
UP00119_1_Nkx2-9_3082.1	0.0	5018.0	3.0	2471.0
UP00120_1_Lbx2_3869.2	6.0	5012.0	2.0	2472.0
UP00121_1_Hoxd10_2368.2	8.0	5010.0	8.0	2466.0
UP00122_1_Tgif1_2342.2	13.0	5005.0	10.0	2464.0
UP00123_1_Hlxb9_3422.1	5.0	5013.0	2.0	2472.0
UP00124_1_Ipf1_3815.1	2.0	5016.0	1.0	2473.0
UP00125_1_Pitx2_2274.3	6.0	5012.0	6.0	2468.0
UP00126_1_Dlx2_2273.2	3.0	5015.0	1.0	2473.0
UP00127_1_Gsh2_3990.2	3.0	5015.0	1.0	2473.0
UP00128_1_Pou3f2_2824.1	8.0	5010.0	2.0	2472.0
UP00129_1_Pou3f1_3819.1	5.0	5013.0	3.0	2471.0
UP00130_1_Lhx3_3431.1	8.0	5010.0	1.0	2473.0
UP00131_1_Gbx2_3110.1	5.0	5013.0	3.0	2471.0
UP00132_1_Evx2_2645.3	4.0	5014.0	2.0	2472.0
UP00133_1_Cdx2_4272.1	9.0	5009.0	7.0	2467.0
UP00134_1_Hoxb13_3479.1	11.0	5007.0	4.0	2470.0
UP00135_1_Hoxc12_3480.1	9.0	5009.0	2.0	2472.0
UP00136_1_Prrx2_3072.1	4.0	5014.0	2.0	2472.0
UP00137_1_Hoxb3_1720.2	7.0	5011.0	3.0	2471.0
UP00138_1_Bsx_3483.2	6.0	5012.0	2.0	2472.0
UP00139_1_Nkx1-2_3214.1	3.0	5015.0	0.0	2474.0
UP00140_1_Hoxd1_3448.1	6.0	5012.0	2.0	2472.0
UP00141_1_Vsx1_1728.1	4.0	5014.0	4.0	2470.0
UP00142_1_Uncx4.1_2281.2	6.0	5012.0	2.0	2472.0
UP00143_1_Dobox5_3493.1	9.0	5009.0	7.0	2467.0
UP00144_1_Hoxb4_2627.1	5.0	5013.0	2.0	2472.0
UP00145_1_Barhl2_3868.1	7.0	5011.0	8.0	2466.0
UP00146_1_Pou6f1_1731.2	11.0	5007.0	6.0	2468.0
UP00147_1_Nkx2-6_3437.1	9.0	5009.0	4.0	2470.0
UP00148_1_Hdx_3845.3	5.0	5013.0	6.0	2468.0
UP00149_1_Phox2b_3948.1	7.0	5011.0	1.0	2473.0
UP00150_1_Irx6_2623.2	4.0	5014.0	5.0	2469.0
UP00151_1_Barx2_3447.2	5.0	5013.0	2.0	2472.0
UP00152_1_Arx_1738.2	4.0	5014.0	1.0	2473.0
UP00153_1_Pitx1_2312.1	12.0	5006.0	8.0	2466.0
UP00154_1_Dlx3_1030.1	5.0	5013.0	2.0	2472.0
UP00155_1_Hmx2_3424.3	7.0	5011.0	1.0	2473.0
UP00156_1_Msx2_3449.1	6.0	5012.0	4.0	2470.0
UP00157_1_Hmx3_3490.2	8.0	5010.0	3.0	2471.0
UP00158_1_Pou1f1_3818.1	6.0	5012.0	3.0	2471.0
UP00159_1_Six2_2307.2	2.0	5016.0	2.0	2472.0
UP00160_1_Obox3_3439.1	7.0	5011.0	10.0	2464.0
UP00161_1_Hmbox1_2674.1	4.0	5014.0	4.0	2470.0
UP00162_1_Evx1_3952.2	6.0	5012.0	0.0	2474.0
UP00163_1_En2_0952.1	3.0	5015.0	2.0	2472.0
UP00164_1_Hoxa7_2668.2	6.0	5012.0	1.0	2473.0
UP00165_1_Titf1_1722.2	16.0	5002.0	9.0	2465.0
UP00166_1_Barhl1_2590.2	6.0	5012.0	3.0	2471.0
UP00167_1_En1_3123.2	9.0	5009.0	1.0	2473.0
UP00168_1_Hoxd8_2644.1	7.0	5011.0	5.0	2469.0
UP00169_1_Lmx1b_3433.2	8.0	5010.0	3.0	2471.0
UP00170_1_Isl2_3430.1	12.0	5006.0	4.0	2470.0
UP00171_1_Msx3_3206.1	9.0	5009.0	4.0	2470.0
UP00172_1_Prop1_3949.1	7.0	5011.0	3.0	2471.0
UP00173_1_Hoxc13_3127.1	6.0	5012.0	6.0	2468.0
UP00174_1_Hoxa2_3079.1	3.0	5015.0	3.0	2471.0
UP00175_1_Lhx9_3492.1	9.0	5009.0	4.0	2470.0
UP00176_1_Crx_3485.1	6.0	5012.0	3.0	2471.0
UP00177_1_Hoxd12_3481.1	5.0	5013.0	3.0	2471.0
UP00178_1_Og2x_3719.1	6.0	5012.0	4.0	2470.0
UP00179_1_Pou2f3_3986.2	11.0	5007.0	5.0	2469.0
UP00180_1_Hoxd13_2356.1	9.0	5009.0	5.0	2469.0
UP00181_1_Barx1_2877.1	5.0	5013.0	2.0	2472.0
UP00182_1_Hoxa6_1040.1	3.0	5015.0	3.0	2471.0
UP00183_1_Hoxa13_3126.1	4.0	5014.0	4.0	2470.0
UP00184_1_Lhx8_2247.2	5.0	5013.0	6.0	2468.0
UP00185_1_Pbx1_3203.1	4.0	5014.0	10.0	2464.0
UP00186_1_Meis1_2335.1	12.0	5006.0	6.0	2468.0
UP00187_1_Alx4_1744.1	3.0	5015.0	3.0	2471.0
UP00188_1_Lmx1a_2238.2	8.0	5010.0	2.0	2472.0
UP00189_1_Hoxa5_3415.1	2.0	5016.0	2.0	2472.0
UP00190_1_Nkx2-3_3435.1	5.0	5013.0	1.0	2473.0
UP00191_1_Pou2f2_3748.1	11.0	5007.0	6.0	2468.0
UP00192_1_Six1_0935.2	3.0	5015.0	1.0	2473.0
UP00193_1_Rhox11_1765.2	10.0	5008.0	5.0	2469.0
UP00194_1_Irx4_2242.3	5.0	5013.0	4.0	2470.0
UP00195_1_Six3_1732.2	3.0	5015.0	2.0	2472.0
UP00196_1_Hoxa4_3426.1	10.0	5008.0	5.0	2469.0
UP00197_1_Hoxc9_2367.2	9.0	5009.0	10.0	2464.0
UP00198_1_Cphx_3484.1	8.0	5010.0	6.0	2468.0
UP00199_1_Six4_2860.1	11.0	5007.0	2.0	2472.0
UP00200_1_Nkx6-1_2825.1	9.0	5009.0	3.0	2471.0
UP00201_1_Emx2_3420.1	3.0	5015.0	2.0	2472.0
UP00202_1_Dlx1_1741.2	2.0	5016.0	2.0	2472.0
UP00203_1_Pknox1_2364.2	16.0	5002.0	12.0	2462.0
UP00204_1_Gbx1_2883.2	4.0	5014.0	3.0	2471.0
UP00205_1_Pknox2_3077.2	23.0	4995.0	9.0	2465.0
UP00206_1_Hoxb7_3953.1	5.0	5013.0	0.0	2474.0
UP00207_1_Hoxb9_3413.1	13.0	5005.0	5.0	2469.0
UP00208_1_Obox5_2284.1	9.0	5009.0	5.0	2469.0
UP00209_1_Cart1_0997.1	5.0	5013.0	1.0	2473.0
UP00210_1_Mrg2_2302.1	15.0	5003.0	12.0	2462.0
UP00211_1_Pou3f3_3235.2	9.0	5009.0	3.0	2471.0
UP00212_1_Lhx5_2279.1	6.0	5012.0	2.0	2472.0
UP00213_1_Hoxa9_2622.2	13.0	5005.0	9.0	2465.0
UP00214_1_Hoxb5_3122.2	3.0	5015.0	2.0	2472.0
UP00215_1_Vax1_3499.1	3.0	5015.0	2.0	2472.0
UP00216_1_Obox1_3970.2	9.0	5009.0	6.0	2468.0
UP00217_1_Hoxa10_2318.1	7.0	5011.0	9.0	2465.0
UP00218_1_Dbx2_3487.1	11.0	5007.0	4.0	2470.0
UP00219_1_Cutl1_3494.1	4.0	5014.0	2.0	2472.0
UP00220_1_Nkx1-1_3856.3	13.0	5005.0	4.0	2470.0
UP00221_1_Phox2a_3947.1	3.0	5015.0	3.0	2471.0
UP00222_1_Tcf2_0913.2	3.0	5015.0	1.0	2473.0
UP00223_1_Irx3_0920.1	3.0	5015.0	2.0	2472.0
UP00224_1_Pax6_3838.3	6.0	5012.0	2.0	2472.0
UP00225_1_Hlx1_2350.1	3.0	5015.0	2.0	2472.0
UP00226_1_Mrg1_2246.2	12.0	5006.0	7.0	2467.0
UP00227_1_Duxl_1286.2	7.0	5011.0	4.0	2470.0
UP00228_1_Bapx1_2343.1	3.0	5015.0	2.0	2472.0
UP00229_1_Otx1_2325.1	9.0	5009.0	5.0	2469.0
UP00230_1_Dlx5_3419.2	4.0	5014.0	4.0	2470.0
UP00231_1_Nkx2-2_2823.1	9.0	5009.0	5.0	2469.0
UP00232_1_Dobox4_3956.2	10.0	5008.0	4.0	2470.0
UP00233_1_Meox1_2310.2	2.0	5016.0	3.0	2471.0
UP00234_1_Msx1_3031.2	9.0	5009.0	4.0	2470.0
UP00235_1_Hoxc11_3718.2	7.0	5011.0	4.0	2470.0
UP00236_1_Irx2_0900.3	6.0	5012.0	3.0	2471.0
UP00237_1_Otp_3496.1	5.0	5013.0	3.0	2471.0
UP00238_1_Nkx6-3_3446.1	11.0	5007.0	3.0	2471.0
UP00239_1_Obox2_3438.2	11.0	5007.0	8.0	2466.0
UP00240_1_Cdx1_2245.1	7.0	5011.0	8.0	2466.0
UP00241_1_Hoxd3_1742.2	4.0	5014.0	3.0	2471.0
UP00242_1_Hoxc8_3429.2	2.0	5016.0	1.0	2473.0
UP00243_1_Isx_3445.1	5.0	5013.0	3.0	2471.0
UP00244_1_Tlx2_3498.2	10.0	5008.0	4.0	2470.0
UP00245_1_Hoxc10_2779.2	7.0	5011.0	4.0	2470.0
UP00246_1_Hoxa11_2218.1	6.0	5012.0	4.0	2470.0
UP00247_1_Pax4_3989.2	4.0	5014.0	2.0	2472.0
UP00248_1_Pax7_3783.1	4.0	5014.0	1.0	2473.0
UP00249_1_Nkx2-5_3436.1	10.0	5008.0	8.0	2466.0
UP00250_1_Irx5_2385.1	4.0	5014.0	3.0	2471.0
UP00251_1_Esx1_3124.2	2.0	5016.0	1.0	2473.0
UP00252_1_Hoxc5_2630.2	7.0	5011.0	2.0	2472.0
UP00253_1_Rax_3443.1	4.0	5014.0	2.0	2472.0
UP00254_1_Pou2f1_3081.2	10.0	5008.0	5.0	2469.0
UP00255_1_Dbx1_3486.1	13.0	5005.0	4.0	2470.0
UP00256_1_Lhx6_2272.1	2.0	5016.0	1.0	2473.0
UP00257_1_Shox2_2641.2	4.0	5014.0	1.0	2473.0
UP00258_1_Tgif2_3451.1	17.0	5001.0	7.0	2467.0
UP00259_1_Hoxb6_3428.2	6.0	5012.0	2.0	2472.0
UP00260_1_Hoxc6_3954.2	7.0	5011.0	2.0	2472.0
UP00261_1_Lhx4_1719.2	8.0	5010.0	1.0	2473.0
UP00262_1_Lhx1_2240.2	7.0	5011.0	2.0	2472.0
UP00263_1_Hoxb8_3780.2	11.0	5007.0	5.0	2469.0
UP00264_1_Hoxa1_3425.1	3.0	5015.0	2.0	2472.0
UP00265_1_Pitx3_3497.2	14.0	5004.0	7.0	2467.0
UP00266_1_Prrx1_3442.1	5.0	5013.0	1.0	2473.0
UP00267_1_Otx2_3441.1	11.0	5007.0	6.0	2468.0
UP00391_1_Hoxa3_primary	2.0	5016.0	4.0	2470.0
UP00391_3_Hoxa3_2783.2	2.0	5016.0	4.0	2470.0
UP00406_1_Spdef_primary	15.0	5003.0	10.0	2464.0
UP00407_1_Elf3_primary	52.0	4966.0	34.0	2440.0
UP00408_1_Gabpa_primary	30.0	4988.0	22.0	2452.0
klf4_homer	223.0	4795.0	83.0	2391.0
