Ash2l_hand	108.0	6758.0	150.0	15051.0
E2A-Homer	106.0	6760.0	219.0	14982.0
IRF8_AICS	109.0	6757.0	278.0	14923.0
IRF8_IECS_HAND_KANO	95.0	6771.0	257.0	14944.0
IRF8_ISRE_KANNO	58.0	6808.0	119.0	15082.0
MA0002.2.RUNX1	74.0	6792.0	118.0	15083.0
MA0003.2.TFAP2A	184.0	6682.0	174.0	15027.0
MA0004.1.Arnt	0.0	6866.0	0.0	15201.0
MA0006.1.Arnt::Ahr	0.0	6866.0	0.0	15201.0
MA0007.2.AR	44.0	6822.0	87.0	15114.0
MA0009.1.T	14.0	6852.0	23.0	15178.0
MA0014.2.PAX5	48.0	6818.0	93.0	15108.0
MA0017.1.NR2F1	42.0	6824.0	90.0	15111.0
MA0018.2.CREB1	31.0	6835.0	100.0	15101.0
MA0019.1.Ddit3::Cebpa	20.0	6846.0	36.0	15165.0
MA0024.2.E2F1	159.0	6707.0	205.0	14996.0
MA0025.1.NFIL3	13.0	6853.0	47.0	15154.0
MA0027.1.En1	21.0	6845.0	44.0	15157.0
MA0028.1.ELK1	61.0	6805.0	132.0	15069.0
MA0029.1.Mecom	17.0	6849.0	46.0	15155.0
MA0030.1.FOXF2	26.0	6840.0	91.0	15110.0
MA0031.1.FOXD1	23.0	6843.0	74.0	15127.0
MA0032.1.FOXC1	4.0	6862.0	22.0	15179.0
MA0033.1.FOXL1	22.0	6844.0	44.0	15157.0
MA0035.3.Gata1	37.0	6829.0	97.0	15104.0
MA0036.2.GATA2	27.0	6839.0	87.0	15114.0
MA0037.2.GATA3	29.0	6837.0	97.0	15104.0
MA0038.1.Gfi1	40.0	6826.0	111.0	15090.0
MA0039.2.Klf4	540.0	6326.0	609.0	14592.0
MA0040.1.Foxq1	24.0	6842.0	107.0	15094.0
MA0041.1.Foxd3	35.0	6831.0	171.0	15030.0
MA0042.1.FOXI1	28.0	6838.0	120.0	15081.0
MA0043.1.HLF	5.0	6861.0	33.0	15168.0
MA0046.1.HNF1A	13.0	6853.0	50.0	15151.0
MA0047.2.Foxa2	33.0	6833.0	142.0	15059.0
MA0048.1.NHLH1	110.0	6756.0	187.0	15014.0
MA0050.2.IRF1	69.0	6797.0	204.0	14997.0
MA0051.1.IRF2	27.0	6839.0	83.0	15118.0
MA0052.2.MEF2A	34.0	6832.0	93.0	15108.0
MA0056.1.MZF1_1-4	432.0	6434.0	549.0	14652.0
MA0057.1.MZF1_5-13	143.0	6723.0	227.0	14974.0
MA0058.2.MAX	40.0	6826.0	85.0	15116.0
MA0059.1.MYC::MAX	31.0	6835.0	49.0	15152.0
MA0060.2.NFYA	31.0	6835.0	94.0	15107.0
MA0062.2.GABPA	97.0	6769.0	217.0	14984.0
MA0063.1.Nkx2-5	9.0	6857.0	35.0	15166.0
MA0065.2.PPARG::RXRA	117.0	6749.0	200.0	15001.0
MA0066.1.PPARG	27.0	6839.0	44.0	15157.0
MA0067.1.Pax2	39.0	6827.0	79.0	15122.0
MA0068.1.Pax4	23.0	6843.0	42.0	15159.0
MA0069.1.Pax6	14.0	6852.0	33.0	15168.0
MA0070.1.PBX1	8.0	6858.0	58.0	15143.0
MA0071.1.RORA_1	26.0	6840.0	76.0	15125.0
MA0072.1.RORA_2	14.0	6852.0	52.0	15149.0
MA0073.1.RREB1	179.0	6687.0	199.0	15002.0
MA0074.1.RXRA::VDR	31.0	6835.0	31.0	15170.0
MA0075.1.Prrx2	0.0	6866.0	0.0	15201.0
MA0076.2.ELK4	135.0	6731.0	338.0	14863.0
MA0077.1.SOX9	43.0	6823.0	134.0	15067.0
MA0078.1.Sox17	22.0	6844.0	89.0	15112.0
MA0079.3.SP1	800.0	6066.0	1042.0	14159.0
MA0080.3.Spi1	183.0	6683.0	473.0	14728.0
MA0081.1.SPIB	115.0	6751.0	291.0	14910.0
MA0083.2.SRF	20.0	6846.0	63.0	15138.0
MA0084.1.SRY	33.0	6833.0	167.0	15034.0
MA0087.1.Sox5	30.0	6836.0	149.0	15052.0
MA0088.1.znf143	67.0	6799.0	118.0	15083.0
MA0089.1.NFE2L1::MafG	69.0	6797.0	245.0	14956.0
MA0090.1.TEAD1	40.0	6826.0	138.0	15063.0
MA0091.1.TAL1::TCF3	28.0	6838.0	84.0	15117.0
MA0092.1.Hand1::Tcfe2a	48.0	6818.0	105.0	15096.0
MA0093.2.USF1	54.0	6812.0	97.0	15104.0
MA0095.2.YY1	26.0	6840.0	107.0	15094.0
MA0098.2.Ets1	255.0	6611.0	647.0	14554.0
MA0099.2.JUN::FOS	174.0	6692.0	627.0	14574.0
MA0100.2.Myb	45.0	6821.0	114.0	15087.0
MA0101.1.REL	261.0	6605.0	177.0	15024.0
MA0102.3.CEBPA	18.0	6848.0	63.0	15138.0
MA0103.2.ZEB1	49.0	6817.0	77.0	15124.0
MA0104.3.Mycn	45.0	6821.0	75.0	15126.0
MA0105.3.NFKB1	313.0	6553.0	267.0	14934.0
MA0106.2.TP53	18.0	6848.0	35.0	15166.0
MA0107.1.RELA	289.0	6577.0	175.0	15026.0
MA0108.2.TBP	20.0	6846.0	45.0	15156.0
MA0109.1.Hltf	16.0	6850.0	60.0	15141.0
MA0111.1.Spz1	33.0	6833.0	58.0	15143.0
MA0112.2.ESR1	66.0	6800.0	86.0	15115.0
MA0113.2.NR3C1	41.0	6825.0	66.0	15135.0
MA0114.2.HNF4A	62.0	6804.0	112.0	15089.0
MA0115.1.NR1H2::RXRA	24.0	6842.0	73.0	15128.0
MA0116.1.Zfp423	64.0	6802.0	79.0	15122.0
MA0117.1.Mafb	57.0	6809.0	136.0	15065.0
MA0119.1.TLX1::NFIC	58.0	6808.0	133.0	15068.0
MA0122.1.Nkx3-2	30.0	6836.0	57.0	15144.0
MA0124.1.NKX3-1	12.0	6854.0	75.0	15126.0
MA0125.1.Nobox	12.0	6854.0	29.0	15172.0
MA0130.1.ZNF354C	0.0	6866.0	0.0	15201.0
MA0131.1.HINFP	11.0	6855.0	19.0	15182.0
MA0132.1.Pdx1	0.0	6866.0	0.0	15201.0
MA0133.1.BRCA1	10.0	6856.0	47.0	15154.0
MA0135.1.Lhx3	17.0	6849.0	38.0	15163.0
MA0136.1.ELF5	99.0	6767.0	344.0	14857.0
MA0137.3.STAT1	77.0	6789.0	170.0	15031.0
MA0138.2.REST	55.0	6811.0	70.0	15131.0
MA0139.1.CTCF	150.0	6716.0	175.0	15026.0
MA0140.2.TAL1::GATA1	19.0	6847.0	51.0	15150.0
MA0141.2.Esrrb	47.0	6819.0	107.0	15094.0
MA0142.1.Pou5f1::Sox2	25.0	6841.0	77.0	15124.0
MA0143.3.Sox2	54.0	6812.0	172.0	15029.0
MA0144.2.STAT3	98.0	6768.0	234.0	14967.0
MA0145.2.Tcfcp2l1	115.0	6751.0	149.0	15052.0
MA0146.2.Zfx	245.0	6621.0	254.0	14947.0
MA0147.2.Myc	54.0	6812.0	78.0	15123.0
MA0148.3.FOXA1	31.0	6835.0	118.0	15083.0
MA0149.1.EWSR1-FLI1	217.0	6649.0	366.0	14835.0
MA0150.2.Nfe2l2	99.0	6767.0	272.0	14929.0
MA0151.1.ARID3A	16.0	6850.0	73.0	15128.0
MA0152.1.NFATC2	56.0	6810.0	136.0	15065.0
MA0153.1.HNF1B	15.0	6851.0	44.0	15157.0
MA0154.2.EBF1	179.0	6687.0	213.0	14988.0
MA0155.1.INSM1	149.0	6717.0	204.0	14997.0
MA0156.1.FEV	136.0	6730.0	412.0	14789.0
MA0157.1.FOXO3	45.0	6821.0	161.0	15040.0
MA0158.1.HOXA5	17.0	6849.0	45.0	15156.0
MA0159.1.RXR::RAR_DR5	50.0	6816.0	71.0	15130.0
MA0160.1.NR4A2	32.0	6834.0	88.0	15113.0
MA0161.1.NFIC	0.0	6866.0	0.0	15201.0
MA0162.2.EGR1	550.0	6316.0	686.0	14515.0
MA0163.1.PLAG1	255.0	6611.0	234.0	14967.0
MA0164.1.Nr2e3	16.0	6850.0	33.0	15168.0
MA0258.2.ESR2	50.0	6816.0	94.0	15107.0
MA0259.1.HIF1A::ARNT	8.0	6858.0	23.0	15178.0
MA0442.1.SOX10	108.0	6758.0	303.0	14898.0
MA0461.1.Atoh1	109.0	6757.0	217.0	14984.0
MA0462.1.BATF::JUN	131.0	6735.0	506.0	14695.0
MA0463.1.Bcl6	58.0	6808.0	143.0	15058.0
MA0464.1.Bhlhe40	45.0	6821.0	74.0	15127.0
MA0465.1.CDX2	25.0	6841.0	70.0	15131.0
MA0466.1.CEBPB	17.0	6849.0	55.0	15146.0
MA0467.1.Crx	23.0	6843.0	51.0	15150.0
MA0468.1.DUX4	24.0	6842.0	61.0	15140.0
MA0469.1.E2F3	246.0	6620.0	302.0	14899.0
MA0470.1.E2F4	213.0	6653.0	236.0	14965.0
MA0471.1.E2F6	271.0	6595.0	371.0	14830.0
MA0472.1.EGR2	279.0	6587.0	347.0	14854.0
MA0473.1.ELF1	173.0	6693.0	504.0	14697.0
MA0474.1.Erg	306.0	6560.0	766.0	14435.0
MA0475.1.FLI1	241.0	6625.0	652.0	14549.0
MA0476.1.FOS	180.0	6686.0	635.0	14566.0
MA0477.1.FOSL1	179.0	6687.0	604.0	14597.0
MA0478.1.FOSL2	171.0	6695.0	641.0	14560.0
MA0479.1.FOXH1	22.0	6844.0	73.0	15128.0
MA0480.1.Foxo1	59.0	6807.0	204.0	14997.0
MA0481.1.FOXP1	83.0	6783.0	251.0	14950.0
MA0482.1.Gata4	28.0	6838.0	99.0	15102.0
MA0483.1.Gfi1b	36.0	6830.0	120.0	15081.0
MA0484.1.HNF4G	58.0	6808.0	100.0	15101.0
MA0485.1.Hoxc9	23.0	6843.0	90.0	15111.0
MA0486.1.HSF1	52.0	6814.0	114.0	15087.0
MA0488.1.JUN	42.0	6824.0	167.0	15034.0
MA0489.1.JUN.var.2	165.0	6701.0	612.0	14589.0
MA0490.1.JUNB	178.0	6688.0	670.0	14531.0
MA0491.1.JUND	173.0	6693.0	613.0	14588.0
MA0492.1.JUND.var.2	31.0	6835.0	145.0	15056.0
MA0493.1.Klf1	276.0	6590.0	304.0	14897.0
MA0494.1.Nr1h3::Rxra	44.0	6822.0	41.0	15160.0
MA0495.1.MAFF	34.0	6832.0	67.0	15134.0
MA0496.1.MAFK	32.0	6834.0	81.0	15120.0
MA0497.1.MEF2C	35.0	6831.0	116.0	15085.0
MA0498.1.Meis1	40.0	6826.0	106.0	15095.0
MA0499.1.Myod1	104.0	6762.0	196.0	15005.0
MA0500.1.Myog	125.0	6741.0	216.0	14985.0
MA0501.1.NFE2::MAF	95.0	6771.0	250.0	14951.0
MA0502.1.NFYB	29.0	6837.0	62.0	15139.0
MA0503.1.Nkx2-5.var.2	44.0	6822.0	82.0	15119.0
MA0504.1.NR2C2	118.0	6748.0	180.0	15021.0
MA0505.1.Nr5a2	49.0	6817.0	97.0	15104.0
MA0506.1.NRF1	192.0	6674.0	250.0	14951.0
MA0507.1.POU2F2	27.0	6839.0	84.0	15117.0
MA0508.1.PRDM1	99.0	6767.0	225.0	14976.0
MA0509.1.Rfx1	53.0	6813.0	104.0	15097.0
MA0510.1.RFX5	75.0	6791.0	124.0	15077.0
MA0511.1.RUNX2	52.0	6814.0	116.0	15085.0
MA0512.1.Rxra	84.0	6782.0	141.0	15060.0
MA0513.1.SMAD2::SMAD3::SMAD4	79.0	6787.0	123.0	15078.0
MA0514.1.Sox3	84.0	6782.0	235.0	14966.0
MA0515.1.Sox6	59.0	6807.0	205.0	14996.0
MA0516.1.SP2	690.0	6176.0	878.0	14323.0
MA0517.1.STAT2::STAT1	85.0	6781.0	170.0	15031.0
MA0518.1.Stat4	77.0	6789.0	177.0	15024.0
MA0519.1.Stat5a::Stat5b	64.0	6802.0	158.0	15043.0
MA0520.1.Stat6	49.0	6817.0	108.0	15093.0
MA0521.1.Tcf12	123.0	6743.0	208.0	14993.0
MA0522.1.Tcf3	151.0	6715.0	276.0	14925.0
MA0523.1.TCF7L2	29.0	6837.0	91.0	15110.0
MA0524.1.TFAP2C	214.0	6652.0	207.0	14994.0
MA0525.1.TP63	34.0	6832.0	55.0	15146.0
MA0526.1.USF2	54.0	6812.0	91.0	15110.0
MA0527.1.ZBTB33	35.0	6831.0	56.0	15145.0
MA0528.1.ZNF263	395.0	6471.0	535.0	14666.0
MA0591.1.Bach1::Mafk	113.0	6753.0	264.0	14937.0
MA0592.1.ESRRA	53.0	6813.0	124.0	15077.0
MA0593.1.FOXP2	62.0	6804.0	212.0	14989.0
MA0594.1.Hoxa9	20.0	6846.0	79.0	15122.0
MA0595.1.SREBF1	45.0	6821.0	76.0	15125.0
MA0596.1.SREBF2	48.0	6818.0	79.0	15122.0
MA0597.1.THAP1	105.0	6761.0	147.0	15054.0
MA0598.1.EHF	290.0	6576.0	658.0	14543.0
MA0599.1.KLF5	661.0	6205.0	773.0	14428.0
MA0600.1.RFX2	42.0	6824.0	76.0	15125.0
UP00000_1_Smad3_primary	41.0	6825.0	60.0	15141.0
UP00001_1_E2F2_primary	55.0	6811.0	52.0	15149.0
UP00002_1_Sp4_primary	356.0	6510.0	464.0	14737.0
UP00003_1_E2F3_primary	44.0	6822.0	41.0	15160.0
UP00004_1_Sox14_primary	8.0	6858.0	34.0	15167.0
UP00005_1_Tcfap2a_primary	94.0	6772.0	76.0	15125.0
UP00006_1_Zic3_primary	88.0	6778.0	107.0	15094.0
UP00007_1_Egr1_primary	278.0	6588.0	353.0	14848.0
UP00008_1_Six6_primary	8.0	6858.0	24.0	15177.0
UP00008_3_Six6_2267.4	6.0	6860.0	24.0	15177.0
UP00008_4	7.0	6859.0	26.0	15175.0
UP00009_1_Nr2f2_primary	21.0	6845.0	65.0	15136.0
UP00010_1_Tcfap2b_primary	113.0	6753.0	120.0	15081.0
UP00011_1_Irf6_primary	4.0	6862.0	17.0	15184.0
UP00012_1_Bbx_primary	13.0	6853.0	37.0	15164.0
UP00014_1_Sox17_primary	17.0	6849.0	83.0	15118.0
UP00015_1_Ehf_primary	50.0	6816.0	174.0	15027.0
UP00016_1_Sry_primary	9.0	6857.0	35.0	15166.0
UP00017_1_Nkx3-1_primary	16.0	6850.0	36.0	15165.0
UP00017_3_Nkx3-1_2923.2	13.0	6853.0	24.0	15177.0
UP00018_1_Irf4_primary	6.0	6860.0	31.0	15170.0
UP00019_1_Zbtb12_primary	12.0	6854.0	33.0	15168.0
UP00020_1_Atf1_primary	25.0	6841.0	87.0	15114.0
UP00021_1_Zfp281_primary	380.0	6486.0	436.0	14765.0
UP00022_1_Zfp740_primary	150.0	6716.0	159.0	15042.0
UP00023_1_Sox30_primary	30.0	6836.0	120.0	15081.0
UP00024_1_Glis2_primary	34.0	6832.0	32.0	15169.0
UP00025_1_Foxk1_primary	32.0	6834.0	135.0	15066.0
UP00026_1_Zscan4_primary	13.0	6853.0	30.0	15171.0
UP00027_1_Osr1_primary	23.0	6843.0	40.0	15161.0
UP00028_1_Tcfap2e_primary	110.0	6756.0	91.0	15110.0
UP00029_1_Tbp_primary	25.0	6841.0	60.0	15141.0
UP00030_1_Sox11_primary	52.0	6814.0	174.0	15027.0
UP00031_1_Zbtb3_primary	51.0	6815.0	78.0	15123.0
UP00032_1_Gata3_primary	20.0	6846.0	45.0	15156.0
UP00033_1_Zfp410_primary	30.0	6836.0	55.0	15146.0
UP00034_1_Sox7_primary	20.0	6846.0	115.0	15086.0
UP00035_1_Hic1_primary	25.0	6841.0	55.0	15146.0
UP00036_1_Myf6_primary	45.0	6821.0	81.0	15120.0
UP00037_1_Zfp105_primary	51.0	6815.0	186.0	15015.0
UP00039_1_Foxj3_primary	32.0	6834.0	111.0	15090.0
UP00040_1_Irf5_primary	11.0	6855.0	22.0	15179.0
UP00041_1_Foxj1_primary	35.0	6831.0	128.0	15073.0
UP00042_1_Gm397_primary	15.0	6851.0	20.0	15181.0
UP00043_1_Bcl6b_primary	22.0	6844.0	69.0	15132.0
UP00044_1_Mafk_primary	17.0	6849.0	76.0	15125.0
UP00045_1_Mafb_primary	18.0	6848.0	54.0	15147.0
UP00046_1_Tcfe2a_primary	35.0	6831.0	66.0	15135.0
UP00047_1_Zbtb7b_primary	40.0	6826.0	44.0	15157.0
UP00048_1_Rara_primary	26.0	6840.0	72.0	15129.0
UP00049_1_Sp100_primary	10.0	6856.0	31.0	15170.0
UP00050_1_Bhlhb2_primary	12.0	6854.0	24.0	15177.0
UP00051_1_Sox8_primary	22.0	6844.0	94.0	15107.0
UP00052_1_Osr2_primary	17.0	6849.0	28.0	15173.0
UP00053_1_Rxra_primary	35.0	6831.0	56.0	15145.0
UP00054_1_Tcf7_primary	25.0	6841.0	97.0	15104.0
UP00055_1_Hbp1_primary	23.0	6843.0	78.0	15123.0
UP00056_1_Rfx4_primary	29.0	6837.0	54.0	15147.0
UP00057_1_Zic2_primary	92.0	6774.0	97.0	15104.0
UP00058_1_Tcf3_primary	23.0	6843.0	77.0	15124.0
UP00059_1_Arid5a_primary	11.0	6855.0	39.0	15162.0
UP00060_1_Max_primary	29.0	6837.0	48.0	15153.0
UP00061_1_Foxl1_primary	27.0	6839.0	128.0	15073.0
UP00062_1_Sox4_primary	54.0	6812.0	173.0	15028.0
UP00064_1_Sox18_primary	27.0	6839.0	117.0	15084.0
UP00065_1_Zfp161_primary	87.0	6779.0	101.0	15100.0
UP00066_1_Hnf4a_primary	39.0	6827.0	47.0	15154.0
UP00067_1_Lef1_primary	28.0	6838.0	58.0	15143.0
UP00068_1_Eomes_primary	17.0	6849.0	29.0	15172.0
UP00069_1_Sox1_primary	5.0	6861.0	44.0	15157.0
UP00070_1_Gcm1_primary	22.0	6844.0	38.0	15163.0
UP00071_1_Sox21_primary	9.0	6857.0	33.0	15168.0
UP00072_1_IRC900814_primary	4.0	6862.0	20.0	15181.0
UP00073_1_Foxa2_primary	32.0	6834.0	106.0	15095.0
UP00074_1_Isgf3g_primary	21.0	6845.0	53.0	15148.0
UP00075_1_Sox15_primary	28.0	6838.0	115.0	15086.0
UP00076_1_Rfxdc2_primary	30.0	6836.0	51.0	15150.0
UP00077_1_Srf_primary	19.0	6847.0	35.0	15166.0
UP00078_1_Arid3a_primary	10.0	6856.0	45.0	15156.0
UP00079_1_Esrra_primary	17.0	6849.0	59.0	15142.0
UP00080_1_Gata5_primary	26.0	6840.0	66.0	15135.0
UP00081_1_Mybl1_primary	3.0	6863.0	16.0	15185.0
UP00082_1_Zfp187_primary	7.0	6859.0	27.0	15174.0
UP00083_1_Tcf7l2_primary	28.0	6838.0	76.0	15125.0
UP00084_1_Gmeb1_primary	8.0	6858.0	15.0	15186.0
UP00085_1_Sfpi1_primary	85.0	6781.0	226.0	14975.0
UP00086_1_Irf3_primary	47.0	6819.0	92.0	15109.0
UP00087_1_Tcfap2c_primary	108.0	6758.0	84.0	15117.0
UP00088_1_Plagl1_primary	97.0	6769.0	90.0	15111.0
UP00089_1_Tcf1_primary	6.0	6860.0	25.0	15176.0
UP00089_3_Tcf1_2666.2	1.0	6865.0	19.0	15182.0
UP00091_1_Sox5_primary	28.0	6838.0	119.0	15082.0
UP00092_1_Myb_primary	2.0	6864.0	13.0	15188.0
UP00093_1_Klf7_primary	415.0	6451.0	504.0	14697.0
UP00094_1_Zfp128_primary	2.0	6864.0	10.0	15191.0
UP00095_1_Zfp691_primary	27.0	6839.0	43.0	15158.0
UP00096_1_Sox13_primary	23.0	6843.0	107.0	15094.0
UP00097_1_Mtf1_primary	26.0	6840.0	34.0	15167.0
UP00098_1_Rfx3_primary	19.0	6847.0	34.0	15167.0
UP00099_1_Ascl2_primary	85.0	6781.0	134.0	15067.0
UP00100_1_Gata6_primary	24.0	6842.0	52.0	15149.0
UP00101_1_Sox12_primary	27.0	6839.0	130.0	15071.0
UP00102_1_Zic1_primary	102.0	6764.0	121.0	15080.0
UP00103_1_Jundm2_primary	32.0	6834.0	96.0	15105.0
UP00104_1_Hmx1_3423.1	10.0	6856.0	27.0	15174.0
UP00105_1_Pou3f4_3773.1	21.0	6845.0	34.0	15167.0
UP00106_1_Vax2_3500.1	12.0	6854.0	21.0	15180.0
UP00107_1_Nkx2-4_3074.1	18.0	6848.0	43.0	15158.0
UP00108_1_Alx3_3418.2	5.0	6861.0	21.0	15180.0
UP00109_1_Obox6_3440.2	5.0	6861.0	22.0	15179.0
UP00110_1_Dlx4_3488.2	5.0	6861.0	25.0	15176.0
UP00111_1_Dmbx1_2277.1	11.0	6855.0	20.0	15181.0
UP00112_1_Gsc_2327.3	14.0	6852.0	17.0	15184.0
UP00113_1_Hoxc4_3491.1	8.0	6858.0	20.0	15181.0
UP00114_1_Homez_1063.2	3.0	6863.0	19.0	15182.0
UP00115_1_Lhx2_0953.2	7.0	6859.0	21.0	15180.0
UP00116_1_Rhox6_4251.1	13.0	6853.0	23.0	15178.0
UP00117_1_Hoxd11_3873.1	5.0	6861.0	31.0	15170.0
UP00118_1_Pou4f3_2791.1	18.0	6848.0	49.0	15152.0
UP00119_1_Nkx2-9_3082.1	8.0	6858.0	20.0	15181.0
UP00120_1_Lbx2_3869.2	9.0	6857.0	18.0	15183.0
UP00121_1_Hoxd10_2368.2	30.0	6836.0	72.0	15129.0
UP00122_1_Tgif1_2342.2	25.0	6841.0	61.0	15140.0
UP00123_1_Hlxb9_3422.1	8.0	6858.0	16.0	15185.0
UP00124_1_Ipf1_3815.1	10.0	6856.0	40.0	15161.0
UP00125_1_Pitx2_2274.3	12.0	6854.0	24.0	15177.0
UP00126_1_Dlx2_2273.2	8.0	6858.0	36.0	15165.0
UP00127_1_Gsh2_3990.2	4.0	6862.0	28.0	15173.0
UP00128_1_Pou3f2_2824.1	13.0	6853.0	16.0	15185.0
UP00129_1_Pou3f1_3819.1	18.0	6848.0	29.0	15172.0
UP00130_1_Lhx3_3431.1	11.0	6855.0	22.0	15179.0
UP00131_1_Gbx2_3110.1	9.0	6857.0	21.0	15180.0
UP00132_1_Evx2_2645.3	9.0	6857.0	21.0	15180.0
UP00133_1_Cdx2_4272.1	20.0	6846.0	49.0	15152.0
UP00134_1_Hoxb13_3479.1	18.0	6848.0	74.0	15127.0
UP00135_1_Hoxc12_3480.1	7.0	6859.0	28.0	15173.0
UP00136_1_Prrx2_3072.1	6.0	6860.0	21.0	15180.0
UP00137_1_Hoxb3_1720.2	16.0	6850.0	37.0	15164.0
UP00138_1_Bsx_3483.2	8.0	6858.0	34.0	15167.0
UP00139_1_Nkx1-2_3214.1	8.0	6858.0	27.0	15174.0
UP00140_1_Hoxd1_3448.1	6.0	6860.0	20.0	15181.0
UP00141_1_Vsx1_1728.1	8.0	6858.0	26.0	15175.0
UP00142_1_Uncx4.1_2281.2	8.0	6858.0	10.0	15191.0
UP00143_1_Dobox5_3493.1	10.0	6856.0	27.0	15174.0
UP00144_1_Hoxb4_2627.1	8.0	6858.0	21.0	15180.0
UP00145_1_Barhl2_3868.1	11.0	6855.0	55.0	15146.0
UP00146_1_Pou6f1_1731.2	29.0	6837.0	39.0	15162.0
UP00147_1_Nkx2-6_3437.1	19.0	6847.0	44.0	15157.0
UP00148_1_Hdx_3845.3	21.0	6845.0	66.0	15135.0
UP00149_1_Phox2b_3948.1	9.0	6857.0	13.0	15188.0
UP00150_1_Irx6_2623.2	8.0	6858.0	26.0	15175.0
UP00151_1_Barx2_3447.2	7.0	6859.0	28.0	15173.0
UP00152_1_Arx_1738.2	4.0	6862.0	12.0	15189.0
UP00153_1_Pitx1_2312.1	21.0	6845.0	33.0	15168.0
UP00154_1_Dlx3_1030.1	5.0	6861.0	23.0	15178.0
UP00155_1_Hmx2_3424.3	8.0	6858.0	36.0	15165.0
UP00156_1_Msx2_3449.1	8.0	6858.0	28.0	15173.0
UP00157_1_Hmx3_3490.2	11.0	6855.0	31.0	15170.0
UP00158_1_Pou1f1_3818.1	21.0	6845.0	27.0	15174.0
UP00159_1_Six2_2307.2	10.0	6856.0	22.0	15179.0
UP00160_1_Obox3_3439.1	21.0	6845.0	21.0	15180.0
UP00161_1_Hmbox1_2674.1	7.0	6859.0	20.0	15181.0
UP00162_1_Evx1_3952.2	10.0	6856.0	26.0	15175.0
UP00163_1_En2_0952.1	8.0	6858.0	22.0	15179.0
UP00164_1_Hoxa7_2668.2	10.0	6856.0	26.0	15175.0
UP00165_1_Titf1_1722.2	24.0	6842.0	45.0	15156.0
UP00166_1_Barhl1_2590.2	9.0	6857.0	35.0	15166.0
UP00167_1_En1_3123.2	12.0	6854.0	22.0	15179.0
UP00168_1_Hoxd8_2644.1	10.0	6856.0	50.0	15151.0
UP00169_1_Lmx1b_3433.2	15.0	6851.0	23.0	15178.0
UP00170_1_Isl2_3430.1	11.0	6855.0	41.0	15160.0
UP00171_1_Msx3_3206.1	13.0	6853.0	41.0	15160.0
UP00172_1_Prop1_3949.1	9.0	6857.0	17.0	15184.0
UP00173_1_Hoxc13_3127.1	13.0	6853.0	46.0	15155.0
UP00174_1_Hoxa2_3079.1	10.0	6856.0	34.0	15167.0
UP00175_1_Lhx9_3492.1	10.0	6856.0	22.0	15179.0
UP00176_1_Crx_3485.1	16.0	6850.0	15.0	15186.0
UP00177_1_Hoxd12_3481.1	3.0	6863.0	25.0	15176.0
UP00178_1_Og2x_3719.1	10.0	6856.0	20.0	15181.0
UP00179_1_Pou2f3_3986.2	20.0	6846.0	58.0	15143.0
UP00180_1_Hoxd13_2356.1	22.0	6844.0	75.0	15126.0
UP00181_1_Barx1_2877.1	6.0	6860.0	34.0	15167.0
UP00182_1_Hoxa6_1040.1	7.0	6859.0	30.0	15171.0
UP00183_1_Hoxa13_3126.1	10.0	6856.0	42.0	15159.0
UP00184_1_Lhx8_2247.2	20.0	6846.0	32.0	15169.0
UP00185_1_Pbx1_3203.1	10.0	6856.0	46.0	15155.0
UP00186_1_Meis1_2335.1	18.0	6848.0	49.0	15152.0
UP00187_1_Alx4_1744.1	9.0	6857.0	15.0	15186.0
UP00188_1_Lmx1a_2238.2	14.0	6852.0	33.0	15168.0
UP00189_1_Hoxa5_3415.1	9.0	6857.0	27.0	15174.0
UP00190_1_Nkx2-3_3435.1	9.0	6857.0	21.0	15180.0
UP00191_1_Pou2f2_3748.1	23.0	6843.0	53.0	15148.0
UP00192_1_Six1_0935.2	8.0	6858.0	21.0	15180.0
UP00193_1_Rhox11_1765.2	10.0	6856.0	38.0	15163.0
UP00194_1_Irx4_2242.3	9.0	6857.0	21.0	15180.0
UP00195_1_Six3_1732.2	7.0	6859.0	22.0	15179.0
UP00196_1_Hoxa4_3426.1	7.0	6859.0	23.0	15178.0
UP00197_1_Hoxc9_2367.2	16.0	6850.0	49.0	15152.0
UP00198_1_Cphx_3484.1	19.0	6847.0	55.0	15146.0
UP00199_1_Six4_2860.1	21.0	6845.0	34.0	15167.0
UP00200_1_Nkx6-1_2825.1	16.0	6850.0	35.0	15166.0
UP00201_1_Emx2_3420.1	9.0	6857.0	24.0	15177.0
UP00202_1_Dlx1_1741.2	8.0	6858.0	28.0	15173.0
UP00203_1_Pknox1_2364.2	17.0	6849.0	45.0	15156.0
UP00204_1_Gbx1_2883.2	10.0	6856.0	23.0	15178.0
UP00205_1_Pknox2_3077.2	26.0	6840.0	55.0	15146.0
UP00206_1_Hoxb7_3953.1	9.0	6857.0	28.0	15173.0
UP00207_1_Hoxb9_3413.1	26.0	6840.0	78.0	15123.0
UP00208_1_Obox5_2284.1	11.0	6855.0	31.0	15170.0
UP00209_1_Cart1_0997.1	9.0	6857.0	19.0	15182.0
UP00210_1_Mrg2_2302.1	19.0	6847.0	52.0	15149.0
UP00211_1_Pou3f3_3235.2	17.0	6849.0	42.0	15159.0
UP00212_1_Lhx5_2279.1	13.0	6853.0	24.0	15177.0
UP00213_1_Hoxa9_2622.2	19.0	6847.0	64.0	15137.0
UP00214_1_Hoxb5_3122.2	7.0	6859.0	29.0	15172.0
UP00215_1_Vax1_3499.1	9.0	6857.0	29.0	15172.0
UP00216_1_Obox1_3970.2	16.0	6850.0	28.0	15173.0
UP00217_1_Hoxa10_2318.1	27.0	6839.0	63.0	15138.0
UP00218_1_Dbx2_3487.1	16.0	6850.0	43.0	15158.0
UP00219_1_Cutl1_3494.1	6.0	6860.0	25.0	15176.0
UP00220_1_Nkx1-1_3856.3	14.0	6852.0	20.0	15181.0
UP00221_1_Phox2a_3947.1	9.0	6857.0	22.0	15179.0
UP00222_1_Tcf2_0913.2	5.0	6861.0	23.0	15178.0
UP00223_1_Irx3_0920.1	6.0	6860.0	22.0	15179.0
UP00224_1_Pax6_3838.3	15.0	6851.0	26.0	15175.0
UP00225_1_Hlx1_2350.1	16.0	6850.0	37.0	15164.0
UP00226_1_Mrg1_2246.2	20.0	6846.0	41.0	15160.0
UP00227_1_Duxl_1286.2	14.0	6852.0	39.0	15162.0
UP00228_1_Bapx1_2343.1	16.0	6850.0	38.0	15163.0
UP00229_1_Otx1_2325.1	12.0	6854.0	30.0	15171.0
UP00230_1_Dlx5_3419.2	9.0	6857.0	24.0	15177.0
UP00231_1_Nkx2-2_2823.1	19.0	6847.0	44.0	15157.0
UP00232_1_Dobox4_3956.2	11.0	6855.0	18.0	15183.0
UP00233_1_Meox1_2310.2	8.0	6858.0	40.0	15161.0
UP00234_1_Msx1_3031.2	9.0	6857.0	28.0	15173.0
UP00235_1_Hoxc11_3718.2	4.0	6862.0	36.0	15165.0
UP00236_1_Irx2_0900.3	6.0	6860.0	23.0	15178.0
UP00237_1_Otp_3496.1	5.0	6861.0	13.0	15188.0
UP00238_1_Nkx6-3_3446.1	19.0	6847.0	33.0	15168.0
UP00239_1_Obox2_3438.2	20.0	6846.0	27.0	15174.0
UP00240_1_Cdx1_2245.1	16.0	6850.0	47.0	15154.0
UP00241_1_Hoxd3_1742.2	9.0	6857.0	42.0	15159.0
UP00242_1_Hoxc8_3429.2	5.0	6861.0	32.0	15169.0
UP00243_1_Isx_3445.1	7.0	6859.0	21.0	15180.0
UP00244_1_Tlx2_3498.2	21.0	6845.0	63.0	15138.0
UP00245_1_Hoxc10_2779.2	5.0	6861.0	40.0	15161.0
UP00246_1_Hoxa11_2218.1	5.0	6861.0	41.0	15160.0
UP00247_1_Pax4_3989.2	8.0	6858.0	9.0	15192.0
UP00248_1_Pax7_3783.1	7.0	6859.0	21.0	15180.0
UP00249_1_Nkx2-5_3436.1	20.0	6846.0	38.0	15163.0
UP00250_1_Irx5_2385.1	8.0	6858.0	23.0	15178.0
UP00251_1_Esx1_3124.2	7.0	6859.0	18.0	15183.0
UP00252_1_Hoxc5_2630.2	13.0	6853.0	28.0	15173.0
UP00253_1_Rax_3443.1	7.0	6859.0	20.0	15181.0
UP00254_1_Pou2f1_3081.2	18.0	6848.0	33.0	15168.0
UP00255_1_Dbx1_3486.1	18.0	6848.0	67.0	15134.0
UP00256_1_Lhx6_2272.1	9.0	6857.0	22.0	15179.0
UP00257_1_Shox2_2641.2	8.0	6858.0	14.0	15187.0
UP00258_1_Tgif2_3451.1	19.0	6847.0	53.0	15148.0
UP00259_1_Hoxb6_3428.2	6.0	6860.0	30.0	15171.0
UP00260_1_Hoxc6_3954.2	11.0	6855.0	23.0	15178.0
UP00261_1_Lhx4_1719.2	9.0	6857.0	24.0	15177.0
UP00262_1_Lhx1_2240.2	8.0	6858.0	29.0	15172.0
UP00263_1_Hoxb8_3780.2	11.0	6855.0	35.0	15166.0
UP00264_1_Hoxa1_3425.1	6.0	6860.0	28.0	15173.0
UP00265_1_Pitx3_3497.2	23.0	6843.0	34.0	15167.0
UP00266_1_Prrx1_3442.1	7.0	6859.0	18.0	15183.0
UP00267_1_Otx2_3441.1	13.0	6853.0	27.0	15174.0
UP00391_1_Hoxa3_primary	9.0	6857.0	22.0	15179.0
UP00391_3_Hoxa3_2783.2	7.0	6859.0	26.0	15175.0
UP00406_1_Spdef_primary	27.0	6839.0	78.0	15123.0
UP00407_1_Elf3_primary	65.0	6801.0	275.0	14926.0
UP00408_1_Gabpa_primary	45.0	6821.0	162.0	15039.0
klf4_homer	296.0	6570.0	374.0	14827.0
