Ash2l_hand	661.0	40051.0	420.0	38253.0
E2A-Homer	532.0	40180.0	510.0	38163.0
IRF8_AICS	525.0	40187.0	625.0	38048.0
IRF8_IECS_HAND_KANO	490.0	40222.0	578.0	38095.0
IRF8_ISRE_KANNO	308.0	40404.0	315.0	38358.0
MA0002.2.RUNX1	337.0	40375.0	274.0	38399.0
MA0003.2.TFAP2A	854.0	39858.0	470.0	38203.0
MA0004.1.Arnt	0.0	40712.0	0.0	38673.0
MA0006.1.Arnt::Ahr	0.0	40712.0	0.0	38673.0
MA0007.2.AR	183.0	40529.0	189.0	38484.0
MA0009.1.T	60.0	40652.0	60.0	38613.0
MA0014.2.PAX5	284.0	40428.0	229.0	38444.0
MA0017.1.NR2F1	214.0	40498.0	197.0	38476.0
MA0018.2.CREB1	249.0	40463.0	265.0	38408.0
MA0019.1.Ddit3::Cebpa	80.0	40632.0	89.0	38584.0
MA0024.2.E2F1	1121.0	39591.0	661.0	38012.0
MA0025.1.NFIL3	62.0	40650.0	104.0	38569.0
MA0027.1.En1	128.0	40584.0	102.0	38571.0
MA0028.1.ELK1	517.0	40195.0	453.0	38220.0
MA0029.1.Mecom	68.0	40644.0	108.0	38565.0
MA0030.1.FOXF2	125.0	40587.0	182.0	38491.0
MA0031.1.FOXD1	108.0	40604.0	145.0	38528.0
MA0032.1.FOXC1	39.0	40673.0	42.0	38631.0
MA0033.1.FOXL1	67.0	40645.0	103.0	38570.0
MA0035.3.Gata1	142.0	40570.0	215.0	38458.0
MA0036.2.GATA2	123.0	40589.0	183.0	38490.0
MA0037.2.GATA3	130.0	40582.0	209.0	38464.0
MA0038.1.Gfi1	183.0	40529.0	230.0	38443.0
MA0039.2.Klf4	3089.0	37623.0	1932.0	36741.0
MA0040.1.Foxq1	103.0	40609.0	199.0	38474.0
MA0041.1.Foxd3	160.0	40552.0	297.0	38376.0
MA0042.1.FOXI1	143.0	40569.0	220.0	38453.0
MA0043.1.HLF	72.0	40640.0	85.0	38588.0
MA0046.1.HNF1A	65.0	40647.0	103.0	38570.0
MA0047.2.Foxa2	154.0	40558.0	263.0	38410.0
MA0048.1.NHLH1	556.0	40156.0	438.0	38235.0
MA0050.2.IRF1	374.0	40338.0	463.0	38210.0
MA0051.1.IRF2	162.0	40550.0	191.0	38482.0
MA0052.2.MEF2A	137.0	40575.0	196.0	38477.0
MA0056.1.MZF1_1-4	2049.0	38663.0	1381.0	37292.0
MA0057.1.MZF1_5-13	832.0	39880.0	608.0	38065.0
MA0058.2.MAX	186.0	40526.0	189.0	38484.0
MA0059.1.MYC::MAX	172.0	40540.0	147.0	38526.0
MA0060.2.NFYA	256.0	40456.0	279.0	38394.0
MA0062.2.GABPA	760.0	39952.0	650.0	38023.0
MA0063.1.Nkx2-5	64.0	40648.0	80.0	38593.0
MA0065.2.PPARG::RXRA	623.0	40089.0	501.0	38172.0
MA0066.1.PPARG	106.0	40606.0	92.0	38581.0
MA0067.1.Pax2	259.0	40453.0	211.0	38462.0
MA0068.1.Pax4	125.0	40587.0	106.0	38567.0
MA0069.1.Pax6	56.0	40656.0	72.0	38601.0
MA0070.1.PBX1	52.0	40660.0	120.0	38553.0
MA0071.1.RORA_1	126.0	40586.0	154.0	38519.0
MA0072.1.RORA_2	77.0	40635.0	106.0	38567.0
MA0073.1.RREB1	958.0	39754.0	591.0	38082.0
MA0074.1.RXRA::VDR	148.0	40564.0	95.0	38578.0
MA0075.1.Prrx2	0.0	40712.0	0.0	38673.0
MA0076.2.ELK4	884.0	39828.0	890.0	37783.0
MA0077.1.SOX9	191.0	40521.0	274.0	38399.0
MA0078.1.Sox17	127.0	40585.0	188.0	38485.0
MA0079.3.SP1	4884.0	35828.0	3096.0	35577.0
MA0080.3.Spi1	971.0	39741.0	1086.0	37587.0
MA0081.1.SPIB	508.0	40204.0	629.0	38044.0
MA0083.2.SRF	121.0	40591.0	159.0	38514.0
MA0084.1.SRY	166.0	40546.0	316.0	38357.0
MA0087.1.Sox5	150.0	40562.0	291.0	38382.0
MA0088.1.znf143	380.0	40332.0	313.0	38360.0
MA0089.1.NFE2L1::MafG	342.0	40370.0	464.0	38209.0
MA0090.1.TEAD1	291.0	40421.0	338.0	38335.0
MA0091.1.TAL1::TCF3	152.0	40560.0	168.0	38505.0
MA0092.1.Hand1::Tcfe2a	224.0	40488.0	256.0	38417.0
MA0093.2.USF1	268.0	40444.0	249.0	38424.0
MA0095.2.YY1	293.0	40419.0	321.0	38352.0
MA0098.2.Ets1	1293.0	39419.0	1489.0	37184.0
MA0099.2.JUN::FOS	668.0	40044.0	1120.0	37553.0
MA0100.2.Myb	201.0	40511.0	261.0	38412.0
MA0101.1.REL	1051.0	39661.0	410.0	38263.0
MA0102.3.CEBPA	108.0	40604.0	138.0	38535.0
MA0103.2.ZEB1	293.0	40419.0	168.0	38505.0
MA0104.3.Mycn	248.0	40464.0	207.0	38466.0
MA0105.3.NFKB1	1259.0	39453.0	566.0	38107.0
MA0106.2.TP53	109.0	40603.0	96.0	38577.0
MA0107.1.RELA	1162.0	39550.0	370.0	38303.0
MA0108.2.TBP	101.0	40611.0	104.0	38569.0
MA0109.1.Hltf	62.0	40650.0	123.0	38550.0
MA0111.1.Spz1	197.0	40515.0	160.0	38513.0
MA0112.2.ESR1	311.0	40401.0	205.0	38468.0
MA0113.2.NR3C1	167.0	40545.0	168.0	38505.0
MA0114.2.HNF4A	326.0	40386.0	267.0	38406.0
MA0115.1.NR1H2::RXRA	128.0	40584.0	146.0	38527.0
MA0116.1.Zfp423	331.0	40381.0	197.0	38476.0
MA0117.1.Mafb	291.0	40421.0	355.0	38318.0
MA0119.1.TLX1::NFIC	308.0	40404.0	296.0	38377.0
MA0122.1.Nkx3-2	127.0	40585.0	143.0	38530.0
MA0124.1.NKX3-1	68.0	40644.0	131.0	38542.0
MA0125.1.Nobox	52.0	40660.0	67.0	38606.0
MA0130.1.ZNF354C	0.0	40712.0	0.0	38673.0
MA0131.1.HINFP	111.0	40601.0	64.0	38609.0
MA0132.1.Pdx1	0.0	40712.0	0.0	38673.0
MA0133.1.BRCA1	62.0	40650.0	85.0	38588.0
MA0135.1.Lhx3	59.0	40653.0	65.0	38608.0
MA0136.1.ELF5	491.0	40221.0	713.0	37960.0
MA0137.3.STAT1	388.0	40324.0	407.0	38266.0
MA0138.2.REST	299.0	40413.0	188.0	38485.0
MA0139.1.CTCF	677.0	40035.0	420.0	38253.0
MA0140.2.TAL1::GATA1	80.0	40632.0	113.0	38560.0
MA0141.2.Esrrb	229.0	40483.0	249.0	38424.0
MA0142.1.Pou5f1::Sox2	96.0	40616.0	163.0	38510.0
MA0143.3.Sox2	305.0	40407.0	348.0	38325.0
MA0144.2.STAT3	458.0	40254.0	534.0	38139.0
MA0145.2.Tcfcp2l1	577.0	40135.0	371.0	38302.0
MA0146.2.Zfx	1280.0	39432.0	764.0	37909.0
MA0147.2.Myc	219.0	40493.0	182.0	38491.0
MA0148.3.FOXA1	149.0	40563.0	230.0	38443.0
MA0149.1.EWSR1-FLI1	1153.0	39559.0	974.0	37699.0
MA0150.2.Nfe2l2	338.0	40374.0	515.0	38158.0
MA0151.1.ARID3A	89.0	40623.0	142.0	38531.0
MA0152.1.NFATC2	228.0	40484.0	295.0	38378.0
MA0153.1.HNF1B	63.0	40649.0	83.0	38590.0
MA0154.2.EBF1	856.0	39856.0	491.0	38182.0
MA0155.1.INSM1	841.0	39871.0	531.0	38142.0
MA0156.1.FEV	670.0	40042.0	903.0	37770.0
MA0157.1.FOXO3	206.0	40506.0	320.0	38353.0
MA0158.1.HOXA5	55.0	40657.0	88.0	38585.0
MA0159.1.RXR::RAR_DR5	239.0	40473.0	166.0	38507.0
MA0160.1.NR4A2	191.0	40521.0	206.0	38467.0
MA0161.1.NFIC	0.0	40712.0	0.0	38673.0
MA0162.2.EGR1	3323.0	37389.0	1977.0	36696.0
MA0163.1.PLAG1	1345.0	39367.0	742.0	37931.0
MA0164.1.Nr2e3	58.0	40654.0	77.0	38596.0
MA0258.2.ESR2	284.0	40428.0	198.0	38475.0
MA0259.1.HIF1A::ARNT	112.0	40600.0	84.0	38589.0
MA0442.1.SOX10	613.0	40099.0	689.0	37984.0
MA0461.1.Atoh1	551.0	40161.0	533.0	38140.0
MA0462.1.BATF::JUN	462.0	40250.0	911.0	37762.0
MA0463.1.Bcl6	319.0	40393.0	357.0	38316.0
MA0464.1.Bhlhe40	222.0	40490.0	189.0	38484.0
MA0465.1.CDX2	74.0	40638.0	143.0	38530.0
MA0466.1.CEBPB	96.0	40616.0	115.0	38558.0
MA0467.1.Crx	106.0	40606.0	112.0	38561.0
MA0468.1.DUX4	104.0	40608.0	149.0	38524.0
MA0469.1.E2F3	1523.0	39189.0	901.0	37772.0
MA0470.1.E2F4	1435.0	39277.0	804.0	37869.0
MA0471.1.E2F6	1641.0	39071.0	1102.0	37571.0
MA0472.1.EGR2	1678.0	39034.0	1012.0	37661.0
MA0473.1.ELF1	986.0	39726.0	1159.0	37514.0
MA0474.1.Erg	1496.0	39216.0	1727.0	36946.0
MA0475.1.FLI1	1307.0	39405.0	1498.0	37175.0
MA0476.1.FOS	641.0	40071.0	1161.0	37512.0
MA0477.1.FOSL1	641.0	40071.0	1104.0	37569.0
MA0478.1.FOSL2	648.0	40064.0	1169.0	37504.0
MA0479.1.FOXH1	114.0	40598.0	171.0	38502.0
MA0480.1.Foxo1	268.0	40444.0	419.0	38254.0
MA0481.1.FOXP1	333.0	40379.0	492.0	38181.0
MA0482.1.Gata4	130.0	40582.0	213.0	38460.0
MA0483.1.Gfi1b	232.0	40480.0	271.0	38402.0
MA0484.1.HNF4G	312.0	40400.0	246.0	38427.0
MA0485.1.Hoxc9	112.0	40600.0	169.0	38504.0
MA0486.1.HSF1	277.0	40435.0	255.0	38418.0
MA0488.1.JUN	264.0	40448.0	385.0	38288.0
MA0489.1.JUN.var.2	590.0	40122.0	1116.0	37557.0
MA0490.1.JUNB	674.0	40038.0	1206.0	37467.0
MA0491.1.JUND	631.0	40081.0	1138.0	37535.0
MA0492.1.JUND.var.2	220.0	40492.0	338.0	38335.0
MA0493.1.Klf1	1442.0	39270.0	943.0	37730.0
MA0494.1.Nr1h3::Rxra	149.0	40563.0	97.0	38576.0
MA0495.1.MAFF	100.0	40612.0	153.0	38520.0
MA0496.1.MAFK	113.0	40599.0	172.0	38501.0
MA0497.1.MEF2C	152.0	40560.0	252.0	38421.0
MA0498.1.Meis1	198.0	40514.0	232.0	38441.0
MA0499.1.Myod1	544.0	40168.0	458.0	38215.0
MA0500.1.Myog	612.0	40100.0	535.0	38138.0
MA0501.1.NFE2::MAF	292.0	40420.0	500.0	38173.0
MA0502.1.NFYB	212.0	40500.0	200.0	38473.0
MA0503.1.Nkx2-5.var.2	214.0	40498.0	195.0	38478.0
MA0504.1.NR2C2	755.0	39957.0	519.0	38154.0
MA0505.1.Nr5a2	254.0	40458.0	212.0	38461.0
MA0506.1.NRF1	1369.0	39343.0	906.0	37767.0
MA0507.1.POU2F2	119.0	40593.0	153.0	38520.0
MA0508.1.PRDM1	482.0	40230.0	524.0	38149.0
MA0509.1.Rfx1	270.0	40442.0	262.0	38411.0
MA0510.1.RFX5	396.0	40316.0	299.0	38374.0
MA0511.1.RUNX2	266.0	40446.0	258.0	38415.0
MA0512.1.Rxra	335.0	40377.0	324.0	38349.0
MA0513.1.SMAD2::SMAD3::SMAD4	346.0	40366.0	294.0	38379.0
MA0514.1.Sox3	468.0	40244.0	526.0	38147.0
MA0515.1.Sox6	330.0	40382.0	462.0	38211.0
MA0516.1.SP2	4341.0	36371.0	2650.0	36023.0
MA0517.1.STAT2::STAT1	403.0	40309.0	429.0	38244.0
MA0518.1.Stat4	351.0	40361.0	402.0	38271.0
MA0519.1.Stat5a::Stat5b	390.0	40322.0	384.0	38289.0
MA0520.1.Stat6	191.0	40521.0	233.0	38440.0
MA0521.1.Tcf12	568.0	40144.0	517.0	38156.0
MA0522.1.Tcf3	740.0	39972.0	626.0	38047.0
MA0523.1.TCF7L2	151.0	40561.0	179.0	38494.0
MA0524.1.TFAP2C	1021.0	39691.0	548.0	38125.0
MA0525.1.TP63	165.0	40547.0	129.0	38544.0
MA0526.1.USF2	265.0	40447.0	230.0	38443.0
MA0527.1.ZBTB33	320.0	40392.0	201.0	38472.0
MA0528.1.ZNF263	2187.0	38525.0	1504.0	37169.0
MA0591.1.Bach1::Mafk	417.0	40295.0	561.0	38112.0
MA0592.1.ESRRA	247.0	40465.0	262.0	38411.0
MA0593.1.FOXP2	247.0	40465.0	393.0	38280.0
MA0594.1.Hoxa9	93.0	40619.0	152.0	38521.0
MA0595.1.SREBF1	226.0	40486.0	223.0	38450.0
MA0596.1.SREBF2	201.0	40511.0	198.0	38475.0
MA0597.1.THAP1	496.0	40216.0	403.0	38270.0
MA0598.1.EHF	1388.0	39324.0	1498.0	37175.0
MA0599.1.KLF5	3818.0	36894.0	2390.0	36283.0
MA0600.1.RFX2	243.0	40469.0	210.0	38463.0
UP00000_1_Smad3_primary	202.0	40510.0	153.0	38520.0
UP00001_1_E2F2_primary	350.0	40362.0	234.0	38439.0
UP00002_1_Sp4_primary	2178.0	38534.0	1371.0	37302.0
UP00003_1_E2F3_primary	322.0	40390.0	206.0	38467.0
UP00004_1_Sox14_primary	33.0	40679.0	62.0	38611.0
UP00005_1_Tcfap2a_primary	531.0	40181.0	249.0	38424.0
UP00006_1_Zic3_primary	676.0	40036.0	327.0	38346.0
UP00007_1_Egr1_primary	1792.0	38920.0	1049.0	37624.0
UP00008_1_Six6_primary	34.0	40678.0	38.0	38635.0
UP00008_3_Six6_2267.4	30.0	40682.0	38.0	38635.0
UP00008_4	26.0	40686.0	47.0	38626.0
UP00009_1_Nr2f2_primary	143.0	40569.0	145.0	38528.0
UP00010_1_Tcfap2b_primary	619.0	40093.0	315.0	38358.0
UP00011_1_Irf6_primary	41.0	40671.0	40.0	38633.0
UP00012_1_Bbx_primary	63.0	40649.0	92.0	38581.0
UP00014_1_Sox17_primary	76.0	40636.0	156.0	38517.0
UP00015_1_Ehf_primary	392.0	40320.0	452.0	38221.0
UP00016_1_Sry_primary	36.0	40676.0	52.0	38621.0
UP00017_1_Nkx3-1_primary	62.0	40650.0	69.0	38604.0
UP00017_3_Nkx3-1_2923.2	40.0	40672.0	49.0	38624.0
UP00018_1_Irf4_primary	69.0	40643.0	73.0	38600.0
UP00019_1_Zbtb12_primary	53.0	40659.0	78.0	38595.0
UP00020_1_Atf1_primary	186.0	40526.0	219.0	38454.0
UP00021_1_Zfp281_primary	2230.0	38482.0	1320.0	37353.0
UP00022_1_Zfp740_primary	803.0	39909.0	482.0	38191.0
UP00023_1_Sox30_primary	124.0	40588.0	224.0	38449.0
UP00024_1_Glis2_primary	189.0	40523.0	98.0	38575.0
UP00025_1_Foxk1_primary	146.0	40566.0	252.0	38421.0
UP00026_1_Zscan4_primary	66.0	40646.0	66.0	38607.0
UP00027_1_Osr1_primary	84.0	40628.0	81.0	38592.0
UP00028_1_Tcfap2e_primary	604.0	40108.0	281.0	38392.0
UP00029_1_Tbp_primary	74.0	40638.0	117.0	38556.0
UP00030_1_Sox11_primary	268.0	40444.0	375.0	38298.0
UP00031_1_Zbtb3_primary	233.0	40479.0	199.0	38474.0
UP00032_1_Gata3_primary	65.0	40647.0	100.0	38573.0
UP00033_1_Zfp410_primary	160.0	40552.0	121.0	38552.0
UP00034_1_Sox7_primary	86.0	40626.0	213.0	38460.0
UP00035_1_Hic1_primary	155.0	40557.0	119.0	38554.0
UP00036_1_Myf6_primary	231.0	40481.0	181.0	38492.0
UP00037_1_Zfp105_primary	217.0	40495.0	341.0	38332.0
UP00039_1_Foxj3_primary	137.0	40575.0	204.0	38469.0
UP00040_1_Irf5_primary	62.0	40650.0	51.0	38622.0
UP00041_1_Foxj1_primary	147.0	40565.0	218.0	38455.0
UP00042_1_Gm397_primary	70.0	40642.0	58.0	38615.0
UP00043_1_Bcl6b_primary	126.0	40586.0	158.0	38515.0
UP00044_1_Mafk_primary	70.0	40642.0	153.0	38520.0
UP00045_1_Mafb_primary	81.0	40631.0	107.0	38566.0
UP00046_1_Tcfe2a_primary	181.0	40531.0	154.0	38519.0
UP00047_1_Zbtb7b_primary	212.0	40500.0	115.0	38558.0
UP00048_1_Rara_primary	154.0	40558.0	150.0	38523.0
UP00049_1_Sp100_primary	70.0	40642.0	66.0	38607.0
UP00050_1_Bhlhb2_primary	73.0	40639.0	73.0	38600.0
UP00051_1_Sox8_primary	81.0	40631.0	178.0	38495.0
UP00052_1_Osr2_primary	79.0	40633.0	65.0	38608.0
UP00053_1_Rxra_primary	191.0	40521.0	159.0	38514.0
UP00054_1_Tcf7_primary	109.0	40603.0	178.0	38495.0
UP00055_1_Hbp1_primary	104.0	40608.0	176.0	38497.0
UP00056_1_Rfx4_primary	155.0	40557.0	146.0	38527.0
UP00057_1_Zic2_primary	673.0	40039.0	322.0	38351.0
UP00058_1_Tcf3_primary	98.0	40614.0	155.0	38518.0
UP00059_1_Arid5a_primary	36.0	40676.0	71.0	38602.0
UP00060_1_Max_primary	175.0	40537.0	139.0	38534.0
UP00061_1_Foxl1_primary	119.0	40593.0	233.0	38440.0
UP00062_1_Sox4_primary	263.0	40449.0	368.0	38305.0
UP00064_1_Sox18_primary	105.0	40607.0	217.0	38456.0
UP00065_1_Zfp161_primary	584.0	40128.0	399.0	38274.0
UP00066_1_Hnf4a_primary	197.0	40515.0	126.0	38547.0
UP00067_1_Lef1_primary	127.0	40585.0	132.0	38541.0
UP00068_1_Eomes_primary	77.0	40635.0	68.0	38605.0
UP00069_1_Sox1_primary	58.0	40654.0	97.0	38576.0
UP00070_1_Gcm1_primary	134.0	40578.0	86.0	38587.0
UP00071_1_Sox21_primary	37.0	40675.0	62.0	38611.0
UP00072_1_IRC900814_primary	27.0	40685.0	48.0	38625.0
UP00073_1_Foxa2_primary	130.0	40582.0	210.0	38463.0
UP00074_1_Isgf3g_primary	122.0	40590.0	129.0	38544.0
UP00075_1_Sox15_primary	100.0	40612.0	214.0	38459.0
UP00076_1_Rfxdc2_primary	171.0	40541.0	154.0	38519.0
UP00077_1_Srf_primary	85.0	40627.0	88.0	38585.0
UP00078_1_Arid3a_primary	61.0	40651.0	87.0	38586.0
UP00079_1_Esrra_primary	105.0	40607.0	136.0	38537.0
UP00080_1_Gata5_primary	96.0	40616.0	125.0	38548.0
UP00081_1_Mybl1_primary	27.0	40685.0	31.0	38642.0
UP00082_1_Zfp187_primary	33.0	40679.0	62.0	38611.0
UP00083_1_Tcf7l2_primary	123.0	40589.0	151.0	38522.0
UP00084_1_Gmeb1_primary	58.0	40654.0	51.0	38622.0
UP00085_1_Sfpi1_primary	454.0	40258.0	540.0	38133.0
UP00086_1_Irf3_primary	275.0	40437.0	221.0	38452.0
UP00087_1_Tcfap2c_primary	554.0	40158.0	255.0	38418.0
UP00088_1_Plagl1_primary	600.0	40112.0	246.0	38427.0
UP00089_1_Tcf1_primary	28.0	40684.0	42.0	38631.0
UP00089_3_Tcf1_2666.2	22.0	40690.0	38.0	38635.0
UP00091_1_Sox5_primary	98.0	40614.0	217.0	38456.0
UP00092_1_Myb_primary	25.0	40687.0	30.0	38643.0
UP00093_1_Klf7_primary	2429.0	38283.0	1488.0	37185.0
UP00094_1_Zfp128_primary	25.0	40687.0	32.0	38641.0
UP00095_1_Zfp691_primary	132.0	40580.0	115.0	38558.0
UP00096_1_Sox13_primary	78.0	40634.0	188.0	38485.0
UP00097_1_Mtf1_primary	149.0	40563.0	117.0	38556.0
UP00098_1_Rfx3_primary	83.0	40629.0	87.0	38586.0
UP00099_1_Ascl2_primary	421.0	40291.0	339.0	38334.0
UP00100_1_Gata6_primary	83.0	40629.0	119.0	38554.0
UP00101_1_Sox12_primary	122.0	40590.0	254.0	38419.0
UP00102_1_Zic1_primary	743.0	39969.0	354.0	38319.0
UP00103_1_Jundm2_primary	202.0	40510.0	235.0	38438.0
UP00104_1_Hmx1_3423.1	51.0	40661.0	66.0	38607.0
UP00105_1_Pou3f4_3773.1	50.0	40662.0	59.0	38614.0
UP00106_1_Vax2_3500.1	37.0	40675.0	44.0	38629.0
UP00107_1_Nkx2-4_3074.1	80.0	40632.0	106.0	38567.0
UP00108_1_Alx3_3418.2	37.0	40675.0	41.0	38632.0
UP00109_1_Obox6_3440.2	43.0	40669.0	43.0	38630.0
UP00110_1_Dlx4_3488.2	29.0	40683.0	56.0	38617.0
UP00111_1_Dmbx1_2277.1	54.0	40658.0	44.0	38629.0
UP00112_1_Gsc_2327.3	63.0	40649.0	52.0	38621.0
UP00113_1_Hoxc4_3491.1	34.0	40678.0	46.0	38627.0
UP00114_1_Homez_1063.2	20.0	40692.0	32.0	38641.0
UP00115_1_Lhx2_0953.2	43.0	40669.0	45.0	38628.0
UP00116_1_Rhox6_4251.1	36.0	40676.0	45.0	38628.0
UP00117_1_Hoxd11_3873.1	26.0	40686.0	53.0	38620.0
UP00118_1_Pou4f3_2791.1	57.0	40655.0	91.0	38582.0
UP00119_1_Nkx2-9_3082.1	28.0	40684.0	43.0	38630.0
UP00120_1_Lbx2_3869.2	37.0	40675.0	34.0	38639.0
UP00121_1_Hoxd10_2368.2	102.0	40610.0	150.0	38523.0
UP00122_1_Tgif1_2342.2	117.0	40595.0	128.0	38545.0
UP00123_1_Hlxb9_3422.1	36.0	40676.0	35.0	38638.0
UP00124_1_Ipf1_3815.1	37.0	40675.0	69.0	38604.0
UP00125_1_Pitx2_2274.3	67.0	40645.0	79.0	38594.0
UP00126_1_Dlx2_2273.2	37.0	40675.0	63.0	38610.0
UP00127_1_Gsh2_3990.2	30.0	40682.0	54.0	38619.0
UP00128_1_Pou3f2_2824.1	47.0	40665.0	45.0	38628.0
UP00129_1_Pou3f1_3819.1	44.0	40668.0	50.0	38623.0
UP00130_1_Lhx3_3431.1	48.0	40664.0	41.0	38632.0
UP00131_1_Gbx2_3110.1	36.0	40676.0	47.0	38626.0
UP00132_1_Evx2_2645.3	41.0	40671.0	46.0	38627.0
UP00133_1_Cdx2_4272.1	62.0	40650.0	107.0	38566.0
UP00134_1_Hoxb13_3479.1	85.0	40627.0	151.0	38522.0
UP00135_1_Hoxc12_3480.1	38.0	40674.0	54.0	38619.0
UP00136_1_Prrx2_3072.1	36.0	40676.0	39.0	38634.0
UP00137_1_Hoxb3_1720.2	53.0	40659.0	80.0	38593.0
UP00138_1_Bsx_3483.2	51.0	40661.0	66.0	38607.0
UP00139_1_Nkx1-2_3214.1	38.0	40674.0	51.0	38622.0
UP00140_1_Hoxd1_3448.1	38.0	40674.0	46.0	38627.0
UP00141_1_Vsx1_1728.1	44.0	40668.0	50.0	38623.0
UP00142_1_Uncx4.1_2281.2	36.0	40676.0	27.0	38646.0
UP00143_1_Dobox5_3493.1	76.0	40636.0	80.0	38593.0
UP00144_1_Hoxb4_2627.1	38.0	40674.0	46.0	38627.0
UP00145_1_Barhl2_3868.1	51.0	40661.0	109.0	38564.0
UP00146_1_Pou6f1_1731.2	79.0	40633.0	86.0	38587.0
UP00147_1_Nkx2-6_3437.1	72.0	40640.0	97.0	38576.0
UP00148_1_Hdx_3845.3	90.0	40622.0	123.0	38550.0
UP00149_1_Phox2b_3948.1	35.0	40677.0	32.0	38641.0
UP00150_1_Irx6_2623.2	27.0	40685.0	46.0	38627.0
UP00151_1_Barx2_3447.2	42.0	40670.0	54.0	38619.0
UP00152_1_Arx_1738.2	25.0	40687.0	24.0	38649.0
UP00153_1_Pitx1_2312.1	88.0	40624.0	77.0	38596.0
UP00154_1_Dlx3_1030.1	34.0	40678.0	52.0	38621.0
UP00155_1_Hmx2_3424.3	46.0	40666.0	64.0	38609.0
UP00156_1_Msx2_3449.1	42.0	40670.0	58.0	38615.0
UP00157_1_Hmx3_3490.2	46.0	40666.0	72.0	38601.0
UP00158_1_Pou1f1_3818.1	52.0	40660.0	51.0	38622.0
UP00159_1_Six2_2307.2	35.0	40677.0	43.0	38630.0
UP00160_1_Obox3_3439.1	71.0	40641.0	60.0	38613.0
UP00161_1_Hmbox1_2674.1	34.0	40678.0	44.0	38629.0
UP00162_1_Evx1_3952.2	43.0	40669.0	51.0	38622.0
UP00163_1_En2_0952.1	32.0	40680.0	41.0	38632.0
UP00164_1_Hoxa7_2668.2	41.0	40671.0	52.0	38621.0
UP00165_1_Titf1_1722.2	101.0	40611.0	111.0	38562.0
UP00166_1_Barhl1_2590.2	53.0	40659.0	78.0	38595.0
UP00167_1_En1_3123.2	44.0	40668.0	43.0	38630.0
UP00168_1_Hoxd8_2644.1	47.0	40665.0	88.0	38585.0
UP00169_1_Lmx1b_3433.2	59.0	40653.0	49.0	38624.0
UP00170_1_Isl2_3430.1	52.0	40660.0	83.0	38590.0
UP00171_1_Msx3_3206.1	52.0	40660.0	75.0	38598.0
UP00172_1_Prop1_3949.1	39.0	40673.0	39.0	38634.0
UP00173_1_Hoxc13_3127.1	46.0	40666.0	83.0	38590.0
UP00174_1_Hoxa2_3079.1	42.0	40670.0	68.0	38605.0
UP00175_1_Lhx9_3492.1	48.0	40664.0	48.0	38625.0
UP00176_1_Crx_3485.1	76.0	40636.0	44.0	38629.0
UP00177_1_Hoxd12_3481.1	24.0	40688.0	43.0	38630.0
UP00178_1_Og2x_3719.1	43.0	40669.0	53.0	38620.0
UP00179_1_Pou2f3_3986.2	72.0	40640.0	96.0	38577.0
UP00180_1_Hoxd13_2356.1	92.0	40620.0	141.0	38532.0
UP00181_1_Barx1_2877.1	39.0	40673.0	64.0	38609.0
UP00182_1_Hoxa6_1040.1	41.0	40671.0	57.0	38616.0
UP00183_1_Hoxa13_3126.1	49.0	40663.0	81.0	38592.0
UP00184_1_Lhx8_2247.2	75.0	40637.0	76.0	38597.0
UP00185_1_Pbx1_3203.1	45.0	40667.0	94.0	38579.0
UP00186_1_Meis1_2335.1	88.0	40624.0	105.0	38568.0
UP00187_1_Alx4_1744.1	37.0	40675.0	35.0	38638.0
UP00188_1_Lmx1a_2238.2	60.0	40652.0	59.0	38614.0
UP00189_1_Hoxa5_3415.1	43.0	40669.0	55.0	38618.0
UP00190_1_Nkx2-3_3435.1	37.0	40675.0	42.0	38631.0
UP00191_1_Pou2f2_3748.1	73.0	40639.0	94.0	38579.0
UP00192_1_Six1_0935.2	31.0	40681.0	43.0	38630.0
UP00193_1_Rhox11_1765.2	50.0	40662.0	74.0	38599.0
UP00194_1_Irx4_2242.3	32.0	40680.0	37.0	38636.0
UP00195_1_Six3_1732.2	33.0	40679.0	39.0	38634.0
UP00196_1_Hoxa4_3426.1	41.0	40671.0	54.0	38619.0
UP00197_1_Hoxc9_2367.2	52.0	40660.0	100.0	38573.0
UP00198_1_Cphx_3484.1	70.0	40642.0	109.0	38564.0
UP00199_1_Six4_2860.1	76.0	40636.0	61.0	38612.0
UP00200_1_Nkx6-1_2825.1	52.0	40660.0	65.0	38608.0
UP00201_1_Emx2_3420.1	38.0	40674.0	48.0	38625.0
UP00202_1_Dlx1_1741.2	37.0	40675.0	49.0	38624.0
UP00203_1_Pknox1_2364.2	103.0	40609.0	110.0	38563.0
UP00204_1_Gbx1_2883.2	33.0	40679.0	45.0	38628.0
UP00205_1_Pknox2_3077.2	142.0	40570.0	125.0	38548.0
UP00206_1_Hoxb7_3953.1	36.0	40676.0	51.0	38622.0
UP00207_1_Hoxb9_3413.1	96.0	40616.0	148.0	38525.0
UP00208_1_Obox5_2284.1	63.0	40649.0	77.0	38596.0
UP00209_1_Cart1_0997.1	40.0	40672.0	41.0	38632.0
UP00210_1_Mrg2_2302.1	98.0	40614.0	107.0	38566.0
UP00211_1_Pou3f3_3235.2	61.0	40651.0	77.0	38596.0
UP00212_1_Lhx5_2279.1	49.0	40663.0	45.0	38628.0
UP00213_1_Hoxa9_2622.2	84.0	40628.0	122.0	38551.0
UP00214_1_Hoxb5_3122.2	37.0	40675.0	57.0	38616.0
UP00215_1_Vax1_3499.1	41.0	40671.0	58.0	38615.0
UP00216_1_Obox1_3970.2	75.0	40637.0	71.0	38602.0
UP00217_1_Hoxa10_2318.1	71.0	40641.0	126.0	38547.0
UP00218_1_Dbx2_3487.1	60.0	40652.0	75.0	38598.0
UP00219_1_Cutl1_3494.1	46.0	40666.0	50.0	38623.0
UP00220_1_Nkx1-1_3856.3	80.0	40632.0	62.0	38611.0
UP00221_1_Phox2a_3947.1	35.0	40677.0	43.0	38630.0
UP00222_1_Tcf2_0913.2	34.0	40678.0	42.0	38631.0
UP00223_1_Irx3_0920.1	26.0	40686.0	35.0	38638.0
UP00224_1_Pax6_3838.3	45.0	40667.0	52.0	38621.0
UP00225_1_Hlx1_2350.1	35.0	40677.0	73.0	38600.0
UP00226_1_Mrg1_2246.2	92.0	40620.0	100.0	38573.0
UP00227_1_Duxl_1286.2	81.0	40631.0	89.0	38584.0
UP00228_1_Bapx1_2343.1	67.0	40645.0	80.0	38593.0
UP00229_1_Otx1_2325.1	59.0	40653.0	76.0	38597.0
UP00230_1_Dlx5_3419.2	42.0	40670.0	55.0	38618.0
UP00231_1_Nkx2-2_2823.1	67.0	40645.0	104.0	38569.0
UP00232_1_Dobox4_3956.2	44.0	40668.0	38.0	38635.0
UP00233_1_Meox1_2310.2	39.0	40673.0	67.0	38606.0
UP00234_1_Msx1_3031.2	41.0	40671.0	60.0	38613.0
UP00235_1_Hoxc11_3718.2	25.0	40687.0	66.0	38607.0
UP00236_1_Irx2_0900.3	29.0	40683.0	38.0	38635.0
UP00237_1_Otp_3496.1	31.0	40681.0	33.0	38640.0
UP00238_1_Nkx6-3_3446.1	57.0	40655.0	70.0	38603.0
UP00239_1_Obox2_3438.2	76.0	40636.0	74.0	38599.0
UP00240_1_Cdx1_2245.1	60.0	40652.0	95.0	38578.0
UP00241_1_Hoxd3_1742.2	42.0	40670.0	70.0	38603.0
UP00242_1_Hoxc8_3429.2	39.0	40673.0	59.0	38614.0
UP00243_1_Isx_3445.1	42.0	40670.0	49.0	38624.0
UP00244_1_Tlx2_3498.2	67.0	40645.0	106.0	38567.0
UP00245_1_Hoxc10_2779.2	29.0	40683.0	67.0	38606.0
UP00246_1_Hoxa11_2218.1	28.0	40684.0	70.0	38603.0
UP00247_1_Pax4_3989.2	29.0	40683.0	28.0	38645.0
UP00248_1_Pax7_3783.1	38.0	40674.0	41.0	38632.0
UP00249_1_Nkx2-5_3436.1	85.0	40627.0	93.0	38580.0
UP00250_1_Irx5_2385.1	32.0	40680.0	38.0	38635.0
UP00251_1_Esx1_3124.2	34.0	40678.0	33.0	38640.0
UP00252_1_Hoxc5_2630.2	46.0	40666.0	58.0	38615.0
UP00253_1_Rax_3443.1	37.0	40675.0	40.0	38633.0
UP00254_1_Pou2f1_3081.2	62.0	40650.0	63.0	38610.0
UP00255_1_Dbx1_3486.1	85.0	40627.0	113.0	38560.0
UP00256_1_Lhx6_2272.1	30.0	40682.0	41.0	38632.0
UP00257_1_Shox2_2641.2	33.0	40679.0	32.0	38641.0
UP00258_1_Tgif2_3451.1	96.0	40616.0	117.0	38556.0
UP00259_1_Hoxb6_3428.2	46.0	40666.0	73.0	38600.0
UP00260_1_Hoxc6_3954.2	43.0	40669.0	47.0	38626.0
UP00261_1_Lhx4_1719.2	44.0	40668.0	55.0	38618.0
UP00262_1_Lhx1_2240.2	45.0	40667.0	58.0	38615.0
UP00263_1_Hoxb8_3780.2	57.0	40655.0	79.0	38594.0
UP00264_1_Hoxa1_3425.1	34.0	40678.0	50.0	38623.0
UP00265_1_Pitx3_3497.2	129.0	40583.0	90.0	38583.0
UP00266_1_Prrx1_3442.1	43.0	40669.0	36.0	38637.0
UP00267_1_Otx2_3441.1	73.0	40639.0	71.0	38602.0
UP00391_1_Hoxa3_primary	35.0	40677.0	51.0	38622.0
UP00391_3_Hoxa3_2783.2	42.0	40670.0	53.0	38620.0
UP00406_1_Spdef_primary	159.0	40553.0	202.0	38471.0
UP00407_1_Elf3_primary	432.0	40280.0	633.0	38040.0
UP00408_1_Gabpa_primary	355.0	40357.0	421.0	38252.0
klf4_homer	1656.0	39056.0	1116.0	37557.0
