Ash2l_hand	203.0	13894.0	116.0	9855.0
E2A-Homer	156.0	13941.0	115.0	9856.0
IRF8_AICS	172.0	13925.0	128.0	9843.0
IRF8_IECS_HAND_KANO	148.0	13949.0	134.0	9837.0
IRF8_ISRE_KANNO	105.0	13992.0	72.0	9899.0
MA0002.2.RUNX1	98.0	13999.0	70.0	9901.0
MA0003.2.TFAP2A	272.0	13825.0	116.0	9855.0
MA0004.1.Arnt	0.0	14097.0	0.0	9971.0
MA0006.1.Arnt::Ahr	0.0	14097.0	0.0	9971.0
MA0007.2.AR	57.0	14040.0	31.0	9940.0
MA0009.1.T	22.0	14075.0	12.0	9959.0
MA0014.2.PAX5	99.0	13998.0	60.0	9911.0
MA0017.1.NR2F1	65.0	14032.0	34.0	9937.0
MA0018.2.CREB1	84.0	14013.0	73.0	9898.0
MA0019.1.Ddit3::Cebpa	22.0	14075.0	20.0	9951.0
MA0024.2.E2F1	440.0	13657.0	185.0	9786.0
MA0025.1.NFIL3	16.0	14081.0	22.0	9949.0
MA0027.1.En1	42.0	14055.0	24.0	9947.0
MA0028.1.ELK1	219.0	13878.0	170.0	9801.0
MA0029.1.Mecom	21.0	14076.0	23.0	9948.0
MA0030.1.FOXF2	25.0	14072.0	39.0	9932.0
MA0031.1.FOXD1	29.0	14068.0	30.0	9941.0
MA0032.1.FOXC1	15.0	14082.0	7.0	9964.0
MA0033.1.FOXL1	17.0	14080.0	15.0	9956.0
MA0035.3.Gata1	36.0	14061.0	43.0	9928.0
MA0036.2.GATA2	31.0	14066.0	36.0	9935.0
MA0037.2.GATA3	34.0	14063.0	40.0	9931.0
MA0038.1.Gfi1	56.0	14041.0	38.0	9933.0
MA0039.2.Klf4	1104.0	12993.0	572.0	9399.0
MA0040.1.Foxq1	17.0	14080.0	27.0	9944.0
MA0041.1.Foxd3	33.0	14064.0	50.0	9921.0
MA0042.1.FOXI1	36.0	14061.0	39.0	9932.0
MA0043.1.HLF	24.0	14073.0	20.0	9951.0
MA0046.1.HNF1A	17.0	14080.0	19.0	9952.0
MA0047.2.Foxa2	40.0	14057.0	43.0	9928.0
MA0048.1.NHLH1	181.0	13916.0	100.0	9871.0
MA0050.2.IRF1	120.0	13977.0	99.0	9872.0
MA0051.1.IRF2	45.0	14052.0	48.0	9923.0
MA0052.2.MEF2A	40.0	14057.0	30.0	9941.0
MA0056.1.MZF1_1-4	643.0	13454.0	312.0	9659.0
MA0057.1.MZF1_5-13	303.0	13794.0	135.0	9836.0
MA0058.2.MAX	51.0	14046.0	46.0	9925.0
MA0059.1.MYC::MAX	54.0	14043.0	39.0	9932.0
MA0060.2.NFYA	109.0	13988.0	78.0	9893.0
MA0062.2.GABPA	297.0	13800.0	202.0	9769.0
MA0063.1.Nkx2-5	16.0	14081.0	20.0	9951.0
MA0065.2.PPARG::RXRA	194.0	13903.0	116.0	9855.0
MA0066.1.PPARG	31.0	14066.0	14.0	9957.0
MA0067.1.Pax2	96.0	14001.0	51.0	9920.0
MA0068.1.Pax4	41.0	14056.0	19.0	9952.0
MA0069.1.Pax6	17.0	14080.0	17.0	9954.0
MA0070.1.PBX1	20.0	14077.0	24.0	9947.0
MA0071.1.RORA_1	35.0	14062.0	32.0	9939.0
MA0072.1.RORA_2	22.0	14075.0	19.0	9952.0
MA0073.1.RREB1	305.0	13792.0	135.0	9836.0
MA0074.1.RXRA::VDR	46.0	14051.0	31.0	9940.0
MA0075.1.Prrx2	0.0	14097.0	0.0	9971.0
MA0076.2.ELK4	312.0	13785.0	250.0	9721.0
MA0077.1.SOX9	38.0	14059.0	53.0	9918.0
MA0078.1.Sox17	34.0	14063.0	41.0	9930.0
MA0079.3.SP1	1792.0	12305.0	859.0	9112.0
MA0080.3.Spi1	328.0	13769.0	237.0	9734.0
MA0081.1.SPIB	157.0	13940.0	132.0	9839.0
MA0083.2.SRF	33.0	14064.0	27.0	9944.0
MA0084.1.SRY	42.0	14055.0	50.0	9921.0
MA0087.1.Sox5	28.0	14069.0	54.0	9917.0
MA0088.1.znf143	124.0	13973.0	77.0	9894.0
MA0089.1.NFE2L1::MafG	101.0	13996.0	99.0	9872.0
MA0090.1.TEAD1	90.0	14007.0	71.0	9900.0
MA0091.1.TAL1::TCF3	37.0	14060.0	34.0	9937.0
MA0092.1.Hand1::Tcfe2a	65.0	14032.0	56.0	9915.0
MA0093.2.USF1	85.0	14012.0	64.0	9907.0
MA0095.2.YY1	117.0	13980.0	87.0	9884.0
MA0098.2.Ets1	399.0	13698.0	335.0	9636.0
MA0099.2.JUN::FOS	152.0	13945.0	200.0	9771.0
MA0100.2.Myb	61.0	14036.0	67.0	9904.0
MA0101.1.REL	283.0	13814.0	104.0	9867.0
MA0102.3.CEBPA	24.0	14073.0	37.0	9934.0
MA0103.2.ZEB1	102.0	13995.0	37.0	9934.0
MA0104.3.Mycn	75.0	14022.0	61.0	9910.0
MA0105.3.NFKB1	362.0	13735.0	116.0	9855.0
MA0106.2.TP53	34.0	14063.0	21.0	9950.0
MA0107.1.RELA	313.0	13784.0	86.0	9885.0
MA0108.2.TBP	25.0	14072.0	17.0	9954.0
MA0109.1.Hltf	18.0	14079.0	24.0	9947.0
MA0111.1.Spz1	66.0	14031.0	44.0	9927.0
MA0112.2.ESR1	83.0	14014.0	50.0	9921.0
MA0113.2.NR3C1	56.0	14041.0	39.0	9932.0
MA0114.2.HNF4A	100.0	13997.0	53.0	9918.0
MA0115.1.NR1H2::RXRA	43.0	14054.0	27.0	9944.0
MA0116.1.Zfp423	101.0	13996.0	45.0	9926.0
MA0117.1.Mafb	89.0	14008.0	103.0	9868.0
MA0119.1.TLX1::NFIC	76.0	14021.0	82.0	9889.0
MA0122.1.Nkx3-2	40.0	14057.0	49.0	9922.0
MA0124.1.NKX3-1	11.0	14086.0	23.0	9948.0
MA0125.1.Nobox	14.0	14083.0	16.0	9955.0
MA0130.1.ZNF354C	0.0	14097.0	0.0	9971.0
MA0131.1.HINFP	44.0	14053.0	17.0	9954.0
MA0132.1.Pdx1	0.0	14097.0	0.0	9971.0
MA0133.1.BRCA1	21.0	14076.0	14.0	9957.0
MA0135.1.Lhx3	16.0	14081.0	10.0	9961.0
MA0136.1.ELF5	146.0	13951.0	158.0	9813.0
MA0137.3.STAT1	103.0	13994.0	98.0	9873.0
MA0138.2.REST	91.0	14006.0	51.0	9920.0
MA0139.1.CTCF	192.0	13905.0	92.0	9879.0
MA0140.2.TAL1::GATA1	22.0	14075.0	26.0	9945.0
MA0141.2.Esrrb	65.0	14032.0	50.0	9921.0
MA0142.1.Pou5f1::Sox2	19.0	14078.0	24.0	9947.0
MA0143.3.Sox2	91.0	14006.0	61.0	9910.0
MA0144.2.STAT3	135.0	13962.0	128.0	9843.0
MA0145.2.Tcfcp2l1	169.0	13928.0	88.0	9883.0
MA0146.2.Zfx	457.0	13640.0	227.0	9744.0
MA0147.2.Myc	56.0	14041.0	43.0	9928.0
MA0148.3.FOXA1	40.0	14057.0	36.0	9935.0
MA0149.1.EWSR1-FLI1	376.0	13721.0	224.0	9747.0
MA0150.2.Nfe2l2	89.0	14008.0	89.0	9882.0
MA0151.1.ARID3A	22.0	14075.0	29.0	9942.0
MA0152.1.NFATC2	53.0	14044.0	53.0	9918.0
MA0153.1.HNF1B	14.0	14083.0	17.0	9954.0
MA0154.2.EBF1	260.0	13837.0	96.0	9875.0
MA0155.1.INSM1	260.0	13837.0	126.0	9845.0
MA0156.1.FEV	203.0	13894.0	202.0	9769.0
MA0157.1.FOXO3	53.0	14044.0	52.0	9919.0
MA0158.1.HOXA5	13.0	14084.0	17.0	9954.0
MA0159.1.RXR::RAR_DR5	60.0	14037.0	41.0	9930.0
MA0160.1.NR4A2	51.0	14046.0	41.0	9930.0
MA0161.1.NFIC	0.0	14097.0	0.0	9971.0
MA0162.2.EGR1	1188.0	12909.0	489.0	9482.0
MA0163.1.PLAG1	445.0	13652.0	178.0	9793.0
MA0164.1.Nr2e3	16.0	14081.0	19.0	9952.0
MA0258.2.ESR2	92.0	14005.0	41.0	9930.0
MA0259.1.HIF1A::ARNT	37.0	14060.0	39.0	9932.0
MA0442.1.SOX10	183.0	13914.0	148.0	9823.0
MA0461.1.Atoh1	155.0	13942.0	127.0	9844.0
MA0462.1.BATF::JUN	88.0	14009.0	158.0	9813.0
MA0463.1.Bcl6	91.0	14006.0	77.0	9894.0
MA0464.1.Bhlhe40	71.0	14026.0	52.0	9919.0
MA0465.1.CDX2	14.0	14083.0	31.0	9940.0
MA0466.1.CEBPB	20.0	14077.0	26.0	9945.0
MA0467.1.Crx	33.0	14064.0	23.0	9948.0
MA0468.1.DUX4	23.0	14074.0	39.0	9932.0
MA0469.1.E2F3	573.0	13524.0	236.0	9735.0
MA0470.1.E2F4	551.0	13546.0	217.0	9754.0
MA0471.1.E2F6	568.0	13529.0	290.0	9681.0
MA0472.1.EGR2	604.0	13493.0	272.0	9699.0
MA0473.1.ELF1	331.0	13766.0	274.0	9697.0
MA0474.1.Erg	458.0	13639.0	405.0	9566.0
MA0475.1.FLI1	422.0	13675.0	342.0	9629.0
MA0476.1.FOS	140.0	13957.0	198.0	9773.0
MA0477.1.FOSL1	143.0	13954.0	191.0	9780.0
MA0478.1.FOSL2	152.0	13945.0	200.0	9771.0
MA0479.1.FOXH1	30.0	14067.0	39.0	9932.0
MA0480.1.Foxo1	69.0	14028.0	78.0	9893.0
MA0481.1.FOXP1	83.0	14014.0	90.0	9881.0
MA0482.1.Gata4	32.0	14065.0	42.0	9929.0
MA0483.1.Gfi1b	76.0	14021.0	56.0	9915.0
MA0484.1.HNF4G	99.0	13998.0	57.0	9914.0
MA0485.1.Hoxc9	37.0	14060.0	42.0	9929.0
MA0486.1.HSF1	87.0	14010.0	57.0	9914.0
MA0488.1.JUN	80.0	14017.0	78.0	9893.0
MA0489.1.JUN.var.2	117.0	13980.0	185.0	9786.0
MA0490.1.JUNB	153.0	13944.0	208.0	9763.0
MA0491.1.JUND	136.0	13961.0	200.0	9771.0
MA0492.1.JUND.var.2	68.0	14029.0	66.0	9905.0
MA0493.1.Klf1	492.0	13605.0	284.0	9687.0
MA0494.1.Nr1h3::Rxra	40.0	14057.0	19.0	9952.0
MA0495.1.MAFF	23.0	14074.0	37.0	9934.0
MA0496.1.MAFK	26.0	14071.0	37.0	9934.0
MA0497.1.MEF2C	39.0	14058.0	46.0	9925.0
MA0498.1.Meis1	67.0	14030.0	50.0	9921.0
MA0499.1.Myod1	161.0	13936.0	102.0	9869.0
MA0500.1.Myog	175.0	13922.0	119.0	9852.0
MA0501.1.NFE2::MAF	71.0	14026.0	88.0	9883.0
MA0502.1.NFYB	97.0	14000.0	55.0	9916.0
MA0503.1.Nkx2-5.var.2	74.0	14023.0	48.0	9923.0
MA0504.1.NR2C2	249.0	13848.0	125.0	9846.0
MA0505.1.Nr5a2	71.0	14026.0	46.0	9925.0
MA0506.1.NRF1	533.0	13564.0	271.0	9700.0
MA0507.1.POU2F2	30.0	14067.0	22.0	9949.0
MA0508.1.PRDM1	166.0	13931.0	120.0	9851.0
MA0509.1.Rfx1	94.0	14003.0	69.0	9902.0
MA0510.1.RFX5	119.0	13978.0	63.0	9908.0
MA0511.1.RUNX2	87.0	14010.0	66.0	9905.0
MA0512.1.Rxra	91.0	14006.0	67.0	9904.0
MA0513.1.SMAD2::SMAD3::SMAD4	87.0	14010.0	58.0	9913.0
MA0514.1.Sox3	145.0	13952.0	117.0	9854.0
MA0515.1.Sox6	88.0	14009.0	98.0	9873.0
MA0516.1.SP2	1603.0	12494.0	737.0	9234.0
MA0517.1.STAT2::STAT1	127.0	13970.0	95.0	9876.0
MA0518.1.Stat4	95.0	14002.0	94.0	9877.0
MA0519.1.Stat5a::Stat5b	110.0	13987.0	90.0	9881.0
MA0520.1.Stat6	46.0	14051.0	44.0	9927.0
MA0521.1.Tcf12	159.0	13938.0	116.0	9855.0
MA0522.1.Tcf3	218.0	13879.0	134.0	9837.0
MA0523.1.TCF7L2	37.0	14060.0	27.0	9944.0
MA0524.1.TFAP2C	320.0	13777.0	140.0	9831.0
MA0525.1.TP63	43.0	14054.0	38.0	9933.0
MA0526.1.USF2	80.0	14017.0	61.0	9910.0
MA0527.1.ZBTB33	121.0	13976.0	59.0	9912.0
MA0528.1.ZNF263	752.0	13345.0	329.0	9642.0
MA0591.1.Bach1::Mafk	117.0	13980.0	117.0	9854.0
MA0592.1.ESRRA	73.0	14024.0	54.0	9917.0
MA0593.1.FOXP2	58.0	14039.0	64.0	9907.0
MA0594.1.Hoxa9	27.0	14070.0	41.0	9930.0
MA0595.1.SREBF1	76.0	14021.0	67.0	9904.0
MA0596.1.SREBF2	56.0	14041.0	47.0	9924.0
MA0597.1.THAP1	157.0	13940.0	100.0	9871.0
MA0598.1.EHF	403.0	13694.0	342.0	9629.0
MA0599.1.KLF5	1381.0	12716.0	673.0	9298.0
MA0600.1.RFX2	87.0	14010.0	57.0	9914.0
UP00000_1_Smad3_primary	62.0	14035.0	28.0	9943.0
UP00001_1_E2F2_primary	146.0	13951.0	66.0	9905.0
UP00002_1_Sp4_primary	797.0	13300.0	380.0	9591.0
UP00003_1_E2F3_primary	131.0	13966.0	66.0	9905.0
UP00004_1_Sox14_primary	10.0	14087.0	7.0	9964.0
UP00005_1_Tcfap2a_primary	188.0	13909.0	80.0	9891.0
UP00006_1_Zic3_primary	235.0	13862.0	73.0	9898.0
UP00007_1_Egr1_primary	642.0	13455.0	275.0	9696.0
UP00008_1_Six6_primary	9.0	14088.0	6.0	9965.0
UP00008_3_Six6_2267.4	5.0	14092.0	6.0	9965.0
UP00008_4	3.0	14094.0	8.0	9963.0
UP00009_1_Nr2f2_primary	46.0	14051.0	32.0	9939.0
UP00010_1_Tcfap2b_primary	218.0	13879.0	79.0	9892.0
UP00011_1_Irf6_primary	17.0	14080.0	10.0	9961.0
UP00012_1_Bbx_primary	16.0	14081.0	21.0	9950.0
UP00014_1_Sox17_primary	9.0	14088.0	25.0	9946.0
UP00015_1_Ehf_primary	136.0	13961.0	146.0	9825.0
UP00016_1_Sry_primary	10.0	14087.0	3.0	9968.0
UP00017_1_Nkx3-1_primary	16.0	14081.0	9.0	9962.0
UP00017_3_Nkx3-1_2923.2	5.0	14092.0	10.0	9961.0
UP00018_1_Irf4_primary	25.0	14072.0	15.0	9956.0
UP00019_1_Zbtb12_primary	18.0	14079.0	16.0	9955.0
UP00020_1_Atf1_primary	71.0	14026.0	53.0	9918.0
UP00021_1_Zfp281_primary	757.0	13340.0	319.0	9652.0
UP00022_1_Zfp740_primary	243.0	13854.0	113.0	9858.0
UP00023_1_Sox30_primary	24.0	14073.0	37.0	9934.0
UP00024_1_Glis2_primary	57.0	14040.0	25.0	9946.0
UP00025_1_Foxk1_primary	37.0	14060.0	48.0	9923.0
UP00026_1_Zscan4_primary	18.0	14079.0	11.0	9960.0
UP00027_1_Osr1_primary	20.0	14077.0	18.0	9953.0
UP00028_1_Tcfap2e_primary	201.0	13896.0	91.0	9880.0
UP00029_1_Tbp_primary	17.0	14080.0	21.0	9950.0
UP00030_1_Sox11_primary	82.0	14015.0	71.0	9900.0
UP00031_1_Zbtb3_primary	62.0	14035.0	51.0	9920.0
UP00032_1_Gata3_primary	16.0	14081.0	13.0	9958.0
UP00033_1_Zfp410_primary	48.0	14049.0	28.0	9943.0
UP00034_1_Sox7_primary	16.0	14081.0	32.0	9939.0
UP00035_1_Hic1_primary	40.0	14057.0	22.0	9949.0
UP00036_1_Myf6_primary	54.0	14043.0	34.0	9937.0
UP00037_1_Zfp105_primary	56.0	14041.0	55.0	9916.0
UP00039_1_Foxj3_primary	33.0	14064.0	43.0	9928.0
UP00040_1_Irf5_primary	27.0	14070.0	12.0	9959.0
UP00041_1_Foxj1_primary	36.0	14061.0	37.0	9934.0
UP00042_1_Gm397_primary	16.0	14081.0	9.0	9962.0
UP00043_1_Bcl6b_primary	35.0	14062.0	31.0	9940.0
UP00044_1_Mafk_primary	15.0	14082.0	30.0	9941.0
UP00045_1_Mafb_primary	24.0	14073.0	22.0	9949.0
UP00046_1_Tcfe2a_primary	62.0	14035.0	29.0	9942.0
UP00047_1_Zbtb7b_primary	70.0	14027.0	29.0	9942.0
UP00048_1_Rara_primary	39.0	14058.0	32.0	9939.0
UP00049_1_Sp100_primary	22.0	14075.0	19.0	9952.0
UP00050_1_Bhlhb2_primary	30.0	14067.0	26.0	9945.0
UP00051_1_Sox8_primary	16.0	14081.0	33.0	9938.0
UP00052_1_Osr2_primary	24.0	14073.0	15.0	9956.0
UP00053_1_Rxra_primary	56.0	14041.0	44.0	9927.0
UP00054_1_Tcf7_primary	28.0	14069.0	26.0	9945.0
UP00055_1_Hbp1_primary	24.0	14073.0	33.0	9938.0
UP00056_1_Rfx4_primary	56.0	14041.0	47.0	9924.0
UP00057_1_Zic2_primary	219.0	13878.0	76.0	9895.0
UP00058_1_Tcf3_primary	26.0	14071.0	19.0	9952.0
UP00059_1_Arid5a_primary	7.0	14090.0	10.0	9961.0
UP00060_1_Max_primary	61.0	14036.0	30.0	9941.0
UP00061_1_Foxl1_primary	25.0	14072.0	41.0	9930.0
UP00062_1_Sox4_primary	78.0	14019.0	67.0	9904.0
UP00064_1_Sox18_primary	23.0	14074.0	32.0	9939.0
UP00065_1_Zfp161_primary	252.0	13845.0	122.0	9849.0
UP00066_1_Hnf4a_primary	61.0	14036.0	29.0	9942.0
UP00067_1_Lef1_primary	30.0	14067.0	19.0	9952.0
UP00068_1_Eomes_primary	22.0	14075.0	10.0	9961.0
UP00069_1_Sox1_primary	16.0	14081.0	17.0	9954.0
UP00070_1_Gcm1_primary	39.0	14058.0	26.0	9945.0
UP00071_1_Sox21_primary	9.0	14088.0	7.0	9964.0
UP00072_1_IRC900814_primary	8.0	14089.0	9.0	9962.0
UP00073_1_Foxa2_primary	35.0	14062.0	45.0	9926.0
UP00074_1_Isgf3g_primary	45.0	14052.0	28.0	9943.0
UP00075_1_Sox15_primary	19.0	14078.0	36.0	9935.0
UP00076_1_Rfxdc2_primary	53.0	14044.0	54.0	9917.0
UP00077_1_Srf_primary	19.0	14078.0	11.0	9960.0
UP00078_1_Arid3a_primary	14.0	14083.0	15.0	9956.0
UP00079_1_Esrra_primary	28.0	14069.0	29.0	9942.0
UP00080_1_Gata5_primary	22.0	14075.0	22.0	9949.0
UP00081_1_Mybl1_primary	11.0	14086.0	9.0	9962.0
UP00082_1_Zfp187_primary	7.0	14090.0	20.0	9951.0
UP00083_1_Tcf7l2_primary	32.0	14065.0	17.0	9954.0
UP00084_1_Gmeb1_primary	27.0	14070.0	15.0	9956.0
UP00085_1_Sfpi1_primary	134.0	13963.0	126.0	9845.0
UP00086_1_Irf3_primary	92.0	14005.0	44.0	9927.0
UP00087_1_Tcfap2c_primary	177.0	13920.0	75.0	9896.0
UP00088_1_Plagl1_primary	186.0	13911.0	53.0	9918.0
UP00089_1_Tcf1_primary	11.0	14086.0	11.0	9960.0
UP00089_3_Tcf1_2666.2	9.0	14088.0	11.0	9960.0
UP00091_1_Sox5_primary	18.0	14079.0	36.0	9935.0
UP00092_1_Myb_primary	10.0	14087.0	11.0	9960.0
UP00093_1_Klf7_primary	912.0	13185.0	427.0	9544.0
UP00094_1_Zfp128_primary	11.0	14086.0	8.0	9963.0
UP00095_1_Zfp691_primary	38.0	14059.0	26.0	9945.0
UP00096_1_Sox13_primary	15.0	14082.0	31.0	9940.0
UP00097_1_Mtf1_primary	55.0	14042.0	35.0	9936.0
UP00098_1_Rfx3_primary	28.0	14069.0	29.0	9942.0
UP00099_1_Ascl2_primary	126.0	13971.0	75.0	9896.0
UP00100_1_Gata6_primary	17.0	14080.0	24.0	9947.0
UP00101_1_Sox12_primary	30.0	14067.0	37.0	9934.0
UP00102_1_Zic1_primary	262.0	13835.0	74.0	9897.0
UP00103_1_Jundm2_primary	76.0	14021.0	50.0	9921.0
UP00104_1_Hmx1_3423.1	11.0	14086.0	15.0	9956.0
UP00105_1_Pou3f4_3773.1	8.0	14089.0	13.0	9958.0
UP00106_1_Vax2_3500.1	9.0	14088.0	10.0	9961.0
UP00107_1_Nkx2-4_3074.1	17.0	14080.0	18.0	9953.0
UP00108_1_Alx3_3418.2	6.0	14091.0	11.0	9960.0
UP00109_1_Obox6_3440.2	18.0	14079.0	6.0	9965.0
UP00110_1_Dlx4_3488.2	7.0	14090.0	9.0	9962.0
UP00111_1_Dmbx1_2277.1	25.0	14072.0	11.0	9960.0
UP00112_1_Gsc_2327.3	21.0	14076.0	14.0	9957.0
UP00113_1_Hoxc4_3491.1	5.0	14092.0	13.0	9958.0
UP00114_1_Homez_1063.2	8.0	14089.0	6.0	9965.0
UP00115_1_Lhx2_0953.2	7.0	14090.0	10.0	9961.0
UP00116_1_Rhox6_4251.1	6.0	14091.0	12.0	9959.0
UP00117_1_Hoxd11_3873.1	7.0	14090.0	10.0	9961.0
UP00118_1_Pou4f3_2791.1	11.0	14086.0	18.0	9953.0
UP00119_1_Nkx2-9_3082.1	8.0	14089.0	9.0	9962.0
UP00120_1_Lbx2_3869.2	7.0	14090.0	7.0	9964.0
UP00121_1_Hoxd10_2368.2	20.0	14077.0	33.0	9938.0
UP00122_1_Tgif1_2342.2	36.0	14061.0	28.0	9943.0
UP00123_1_Hlxb9_3422.1	7.0	14090.0	8.0	9963.0
UP00124_1_Ipf1_3815.1	8.0	14089.0	13.0	9958.0
UP00125_1_Pitx2_2274.3	27.0	14070.0	24.0	9947.0
UP00126_1_Dlx2_2273.2	10.0	14087.0	8.0	9963.0
UP00127_1_Gsh2_3990.2	9.0	14088.0	12.0	9959.0
UP00128_1_Pou3f2_2824.1	7.0	14090.0	13.0	9958.0
UP00129_1_Pou3f1_3819.1	7.0	14090.0	13.0	9958.0
UP00130_1_Lhx3_3431.1	7.0	14090.0	8.0	9963.0
UP00131_1_Gbx2_3110.1	8.0	14089.0	13.0	9958.0
UP00132_1_Evx2_2645.3	13.0	14084.0	11.0	9960.0
UP00133_1_Cdx2_4272.1	12.0	14085.0	28.0	9943.0
UP00134_1_Hoxb13_3479.1	19.0	14078.0	30.0	9941.0
UP00135_1_Hoxc12_3480.1	11.0	14086.0	15.0	9956.0
UP00136_1_Prrx2_3072.1	8.0	14089.0	9.0	9962.0
UP00137_1_Hoxb3_1720.2	11.0	14086.0	12.0	9959.0
UP00138_1_Bsx_3483.2	11.0	14086.0	14.0	9957.0
UP00139_1_Nkx1-2_3214.1	9.0	14088.0	17.0	9954.0
UP00140_1_Hoxd1_3448.1	9.0	14088.0	10.0	9961.0
UP00141_1_Vsx1_1728.1	10.0	14087.0	11.0	9960.0
UP00142_1_Uncx4.1_2281.2	6.0	14091.0	11.0	9960.0
UP00143_1_Dobox5_3493.1	31.0	14066.0	26.0	9945.0
UP00144_1_Hoxb4_2627.1	7.0	14090.0	14.0	9957.0
UP00145_1_Barhl2_3868.1	12.0	14085.0	19.0	9952.0
UP00146_1_Pou6f1_1731.2	18.0	14079.0	15.0	9956.0
UP00147_1_Nkx2-6_3437.1	18.0	14079.0	15.0	9956.0
UP00148_1_Hdx_3845.3	23.0	14074.0	25.0	9946.0
UP00149_1_Phox2b_3948.1	7.0	14090.0	9.0	9962.0
UP00150_1_Irx6_2623.2	5.0	14092.0	2.0	9969.0
UP00151_1_Barx2_3447.2	10.0	14087.0	11.0	9960.0
UP00152_1_Arx_1738.2	5.0	14092.0	6.0	9965.0
UP00153_1_Pitx1_2312.1	27.0	14070.0	21.0	9950.0
UP00154_1_Dlx3_1030.1	8.0	14089.0	12.0	9959.0
UP00155_1_Hmx2_3424.3	12.0	14085.0	12.0	9959.0
UP00156_1_Msx2_3449.1	15.0	14082.0	8.0	9963.0
UP00157_1_Hmx3_3490.2	10.0	14087.0	15.0	9956.0
UP00158_1_Pou1f1_3818.1	7.0	14090.0	14.0	9957.0
UP00159_1_Six2_2307.2	8.0	14089.0	10.0	9961.0
UP00160_1_Obox3_3439.1	25.0	14072.0	15.0	9956.0
UP00161_1_Hmbox1_2674.1	14.0	14083.0	10.0	9961.0
UP00162_1_Evx1_3952.2	9.0	14088.0	9.0	9962.0
UP00163_1_En2_0952.1	7.0	14090.0	9.0	9962.0
UP00164_1_Hoxa7_2668.2	6.0	14091.0	13.0	9958.0
UP00165_1_Titf1_1722.2	26.0	14071.0	27.0	9944.0
UP00166_1_Barhl1_2590.2	16.0	14081.0	19.0	9952.0
UP00167_1_En1_3123.2	7.0	14090.0	7.0	9964.0
UP00168_1_Hoxd8_2644.1	10.0	14087.0	14.0	9957.0
UP00169_1_Lmx1b_3433.2	13.0	14084.0	9.0	9962.0
UP00170_1_Isl2_3430.1	9.0	14088.0	14.0	9957.0
UP00171_1_Msx3_3206.1	11.0	14086.0	13.0	9958.0
UP00172_1_Prop1_3949.1	7.0	14090.0	12.0	9959.0
UP00173_1_Hoxc13_3127.1	10.0	14087.0	14.0	9957.0
UP00174_1_Hoxa2_3079.1	12.0	14085.0	13.0	9958.0
UP00175_1_Lhx9_3492.1	6.0	14091.0	13.0	9958.0
UP00176_1_Crx_3485.1	26.0	14071.0	12.0	9959.0
UP00177_1_Hoxd12_3481.1	9.0	14088.0	9.0	9962.0
UP00178_1_Og2x_3719.1	12.0	14085.0	15.0	9956.0
UP00179_1_Pou2f3_3986.2	14.0	14083.0	11.0	9960.0
UP00180_1_Hoxd13_2356.1	18.0	14079.0	26.0	9945.0
UP00181_1_Barx1_2877.1	9.0	14088.0	9.0	9962.0
UP00182_1_Hoxa6_1040.1	11.0	14086.0	8.0	9963.0
UP00183_1_Hoxa13_3126.1	15.0	14082.0	15.0	9956.0
UP00184_1_Lhx8_2247.2	22.0	14075.0	17.0	9954.0
UP00185_1_Pbx1_3203.1	14.0	14083.0	21.0	9950.0
UP00186_1_Meis1_2335.1	27.0	14070.0	25.0	9946.0
UP00187_1_Alx4_1744.1	8.0	14089.0	9.0	9962.0
UP00188_1_Lmx1a_2238.2	12.0	14085.0	14.0	9957.0
UP00189_1_Hoxa5_3415.1	12.0	14085.0	11.0	9960.0
UP00190_1_Nkx2-3_3435.1	8.0	14089.0	10.0	9961.0
UP00191_1_Pou2f2_3748.1	13.0	14084.0	13.0	9958.0
UP00192_1_Six1_0935.2	5.0	14092.0	8.0	9963.0
UP00193_1_Rhox11_1765.2	9.0	14088.0	13.0	9958.0
UP00194_1_Irx4_2242.3	6.0	14091.0	4.0	9967.0
UP00195_1_Six3_1732.2	6.0	14091.0	7.0	9964.0
UP00196_1_Hoxa4_3426.1	6.0	14091.0	10.0	9961.0
UP00197_1_Hoxc9_2367.2	11.0	14086.0	20.0	9951.0
UP00198_1_Cphx_3484.1	12.0	14085.0	15.0	9956.0
UP00199_1_Six4_2860.1	19.0	14078.0	11.0	9960.0
UP00200_1_Nkx6-1_2825.1	10.0	14087.0	13.0	9958.0
UP00201_1_Emx2_3420.1	7.0	14090.0	9.0	9962.0
UP00202_1_Dlx1_1741.2	9.0	14088.0	8.0	9963.0
UP00203_1_Pknox1_2364.2	31.0	14066.0	25.0	9946.0
UP00204_1_Gbx1_2883.2	7.0	14090.0	9.0	9962.0
UP00205_1_Pknox2_3077.2	46.0	14051.0	32.0	9939.0
UP00206_1_Hoxb7_3953.1	7.0	14090.0	12.0	9959.0
UP00207_1_Hoxb9_3413.1	18.0	14079.0	22.0	9949.0
UP00208_1_Obox5_2284.1	19.0	14078.0	16.0	9955.0
UP00209_1_Cart1_0997.1	9.0	14088.0	11.0	9960.0
UP00210_1_Mrg2_2302.1	33.0	14064.0	23.0	9948.0
UP00211_1_Pou3f3_3235.2	9.0	14088.0	10.0	9961.0
UP00212_1_Lhx5_2279.1	9.0	14088.0	10.0	9961.0
UP00213_1_Hoxa9_2622.2	17.0	14080.0	20.0	9951.0
UP00214_1_Hoxb5_3122.2	10.0	14087.0	11.0	9960.0
UP00215_1_Vax1_3499.1	10.0	14087.0	11.0	9960.0
UP00216_1_Obox1_3970.2	23.0	14074.0	18.0	9953.0
UP00217_1_Hoxa10_2318.1	9.0	14088.0	26.0	9945.0
UP00218_1_Dbx2_3487.1	8.0	14089.0	13.0	9958.0
UP00219_1_Cutl1_3494.1	16.0	14081.0	13.0	9958.0
UP00220_1_Nkx1-1_3856.3	25.0	14072.0	20.0	9951.0
UP00221_1_Phox2a_3947.1	7.0	14090.0	7.0	9964.0
UP00222_1_Tcf2_0913.2	15.0	14082.0	9.0	9962.0
UP00223_1_Irx3_0920.1	6.0	14091.0	1.0	9970.0
UP00224_1_Pax6_3838.3	6.0	14091.0	11.0	9960.0
UP00225_1_Hlx1_2350.1	5.0	14092.0	14.0	9957.0
UP00226_1_Mrg1_2246.2	31.0	14066.0	29.0	9942.0
UP00227_1_Duxl_1286.2	35.0	14062.0	24.0	9947.0
UP00228_1_Bapx1_2343.1	19.0	14078.0	17.0	9954.0
UP00229_1_Otx1_2325.1	19.0	14078.0	21.0	9950.0
UP00230_1_Dlx5_3419.2	12.0	14085.0	11.0	9960.0
UP00231_1_Nkx2-2_2823.1	18.0	14079.0	22.0	9949.0
UP00232_1_Dobox4_3956.2	10.0	14087.0	10.0	9961.0
UP00233_1_Meox1_2310.2	12.0	14085.0	8.0	9963.0
UP00234_1_Msx1_3031.2	7.0	14090.0	13.0	9958.0
UP00235_1_Hoxc11_3718.2	5.0	14092.0	15.0	9956.0
UP00236_1_Irx2_0900.3	6.0	14091.0	0.0	9971.0
UP00237_1_Otp_3496.1	7.0	14090.0	12.0	9959.0
UP00238_1_Nkx6-3_3446.1	12.0	14085.0	16.0	9955.0
UP00239_1_Obox2_3438.2	26.0	14071.0	19.0	9952.0
UP00240_1_Cdx1_2245.1	14.0	14083.0	20.0	9951.0
UP00241_1_Hoxd3_1742.2	13.0	14084.0	13.0	9958.0
UP00242_1_Hoxc8_3429.2	9.0	14088.0	11.0	9960.0
UP00243_1_Isx_3445.1	12.0	14085.0	13.0	9958.0
UP00244_1_Tlx2_3498.2	7.0	14090.0	19.0	9952.0
UP00245_1_Hoxc10_2779.2	9.0	14088.0	13.0	9958.0
UP00246_1_Hoxa11_2218.1	8.0	14089.0	13.0	9958.0
UP00247_1_Pax4_3989.2	6.0	14091.0	8.0	9963.0
UP00248_1_Pax7_3783.1	7.0	14090.0	8.0	9963.0
UP00249_1_Nkx2-5_3436.1	25.0	14072.0	20.0	9951.0
UP00250_1_Irx5_2385.1	4.0	14093.0	1.0	9970.0
UP00251_1_Esx1_3124.2	7.0	14090.0	8.0	9963.0
UP00252_1_Hoxc5_2630.2	5.0	14092.0	16.0	9955.0
UP00253_1_Rax_3443.1	11.0	14086.0	11.0	9960.0
UP00254_1_Pou2f1_3081.2	11.0	14086.0	12.0	9959.0
UP00255_1_Dbx1_3486.1	18.0	14079.0	20.0	9951.0
UP00256_1_Lhx6_2272.1	6.0	14091.0	8.0	9963.0
UP00257_1_Shox2_2641.2	5.0	14092.0	8.0	9963.0
UP00258_1_Tgif2_3451.1	28.0	14069.0	32.0	9939.0
UP00259_1_Hoxb6_3428.2	11.0	14086.0	17.0	9954.0
UP00260_1_Hoxc6_3954.2	6.0	14091.0	10.0	9961.0
UP00261_1_Lhx4_1719.2	11.0	14086.0	11.0	9960.0
UP00262_1_Lhx1_2240.2	11.0	14086.0	15.0	9956.0
UP00263_1_Hoxb8_3780.2	14.0	14083.0	18.0	9953.0
UP00264_1_Hoxa1_3425.1	11.0	14086.0	9.0	9962.0
UP00265_1_Pitx3_3497.2	45.0	14052.0	25.0	9946.0
UP00266_1_Prrx1_3442.1	11.0	14086.0	8.0	9963.0
UP00267_1_Otx2_3441.1	26.0	14071.0	18.0	9953.0
UP00391_1_Hoxa3_primary	8.0	14089.0	11.0	9960.0
UP00391_3_Hoxa3_2783.2	13.0	14084.0	8.0	9963.0
UP00406_1_Spdef_primary	50.0	14047.0	61.0	9910.0
UP00407_1_Elf3_primary	132.0	13965.0	146.0	9825.0
UP00408_1_Gabpa_primary	134.0	13963.0	130.0	9841.0
klf4_homer	618.0	13479.0	348.0	9623.0
