Ash2l_hand	145.0	10352.0	53.0	6120.0
E2A-Homer	157.0	10340.0	85.0	6088.0
IRF8_AICS	143.0	10354.0	104.0	6069.0
IRF8_IECS_HAND_KANO	130.0	10367.0	95.0	6078.0
IRF8_ISRE_KANNO	77.0	10420.0	63.0	6110.0
MA0002.2.RUNX1	85.0	10412.0	38.0	6135.0
MA0003.2.TFAP2A	191.0	10306.0	69.0	6104.0
MA0004.1.Arnt	0.0	10497.0	0.0	6173.0
MA0006.1.Arnt::Ahr	0.0	10497.0	0.0	6173.0
MA0007.2.AR	42.0	10455.0	34.0	6139.0
MA0009.1.T	9.0	10488.0	10.0	6163.0
MA0014.2.PAX5	72.0	10425.0	31.0	6142.0
MA0017.1.NR2F1	56.0	10441.0	38.0	6135.0
MA0018.2.CREB1	71.0	10426.0	39.0	6134.0
MA0019.1.Ddit3::Cebpa	21.0	10476.0	15.0	6158.0
MA0024.2.E2F1	241.0	10256.0	101.0	6072.0
MA0025.1.NFIL3	12.0	10485.0	21.0	6152.0
MA0027.1.En1	42.0	10455.0	16.0	6157.0
MA0028.1.ELK1	137.0	10360.0	77.0	6096.0
MA0029.1.Mecom	18.0	10479.0	21.0	6152.0
MA0030.1.FOXF2	39.0	10458.0	22.0	6151.0
MA0031.1.FOXD1	28.0	10469.0	21.0	6152.0
MA0032.1.FOXC1	10.0	10487.0	8.0	6165.0
MA0033.1.FOXL1	16.0	10481.0	26.0	6147.0
MA0035.3.Gata1	46.0	10451.0	39.0	6134.0
MA0036.2.GATA2	44.0	10453.0	33.0	6140.0
MA0037.2.GATA3	48.0	10449.0	36.0	6137.0
MA0038.1.Gfi1	53.0	10444.0	44.0	6129.0
MA0039.2.Klf4	671.0	9826.0	302.0	5871.0
MA0040.1.Foxq1	44.0	10453.0	36.0	6137.0
MA0041.1.Foxd3	54.0	10443.0	43.0	6130.0
MA0042.1.FOXI1	44.0	10453.0	26.0	6147.0
MA0043.1.HLF	21.0	10476.0	18.0	6155.0
MA0046.1.HNF1A	21.0	10476.0	20.0	6153.0
MA0047.2.Foxa2	43.0	10454.0	37.0	6136.0
MA0048.1.NHLH1	137.0	10360.0	67.0	6106.0
MA0050.2.IRF1	109.0	10388.0	73.0	6100.0
MA0051.1.IRF2	57.0	10440.0	26.0	6147.0
MA0052.2.MEF2A	36.0	10461.0	41.0	6132.0
MA0056.1.MZF1_1-4	470.0	10027.0	220.0	5953.0
MA0057.1.MZF1_5-13	179.0	10318.0	112.0	6061.0
MA0058.2.MAX	56.0	10441.0	26.0	6147.0
MA0059.1.MYC::MAX	50.0	10447.0	29.0	6144.0
MA0060.2.NFYA	58.0	10439.0	46.0	6127.0
MA0062.2.GABPA	213.0	10284.0	98.0	6075.0
MA0063.1.Nkx2-5	17.0	10480.0	15.0	6158.0
MA0065.2.PPARG::RXRA	126.0	10371.0	66.0	6107.0
MA0066.1.PPARG	17.0	10480.0	11.0	6162.0
MA0067.1.Pax2	60.0	10437.0	37.0	6136.0
MA0068.1.Pax4	27.0	10470.0	15.0	6158.0
MA0069.1.Pax6	13.0	10484.0	14.0	6159.0
MA0070.1.PBX1	15.0	10482.0	14.0	6159.0
MA0071.1.RORA_1	31.0	10466.0	24.0	6149.0
MA0072.1.RORA_2	26.0	10471.0	15.0	6158.0
MA0073.1.RREB1	197.0	10300.0	87.0	6086.0
MA0074.1.RXRA::VDR	29.0	10468.0	12.0	6161.0
MA0075.1.Prrx2	0.0	10497.0	0.0	6173.0
MA0076.2.ELK4	241.0	10256.0	139.0	6034.0
MA0077.1.SOX9	61.0	10436.0	38.0	6135.0
MA0078.1.Sox17	35.0	10462.0	25.0	6148.0
MA0079.3.SP1	1037.0	9460.0	466.0	5707.0
MA0080.3.Spi1	238.0	10259.0	173.0	6000.0
MA0081.1.SPIB	138.0	10359.0	110.0	6063.0
MA0083.2.SRF	30.0	10467.0	29.0	6144.0
MA0084.1.SRY	57.0	10440.0	49.0	6124.0
MA0087.1.Sox5	55.0	10442.0	41.0	6132.0
MA0088.1.znf143	92.0	10405.0	53.0	6120.0
MA0089.1.NFE2L1::MafG	91.0	10406.0	54.0	6119.0
MA0090.1.TEAD1	86.0	10411.0	50.0	6123.0
MA0091.1.TAL1::TCF3	53.0	10444.0	24.0	6149.0
MA0092.1.Hand1::Tcfe2a	50.0	10447.0	52.0	6121.0
MA0093.2.USF1	66.0	10431.0	36.0	6137.0
MA0095.2.YY1	93.0	10404.0	51.0	6122.0
MA0098.2.Ets1	335.0	10162.0	257.0	5916.0
MA0099.2.JUN::FOS	202.0	10295.0	179.0	5994.0
MA0100.2.Myb	48.0	10449.0	37.0	6136.0
MA0101.1.REL	302.0	10195.0	61.0	6112.0
MA0102.3.CEBPA	35.0	10462.0	22.0	6151.0
MA0103.2.ZEB1	73.0	10424.0	34.0	6139.0
MA0104.3.Mycn	63.0	10434.0	34.0	6139.0
MA0105.3.NFKB1	344.0	10153.0	88.0	6085.0
MA0106.2.TP53	31.0	10466.0	15.0	6158.0
MA0107.1.RELA	321.0	10176.0	53.0	6120.0
MA0108.2.TBP	22.0	10475.0	18.0	6155.0
MA0109.1.Hltf	17.0	10480.0	23.0	6150.0
MA0111.1.Spz1	49.0	10448.0	26.0	6147.0
MA0112.2.ESR1	65.0	10432.0	28.0	6145.0
MA0113.2.NR3C1	39.0	10458.0	29.0	6144.0
MA0114.2.HNF4A	85.0	10412.0	50.0	6123.0
MA0115.1.NR1H2::RXRA	31.0	10466.0	29.0	6144.0
MA0116.1.Zfp423	72.0	10425.0	30.0	6143.0
MA0117.1.Mafb	80.0	10417.0	51.0	6122.0
MA0119.1.TLX1::NFIC	98.0	10399.0	39.0	6134.0
MA0122.1.Nkx3-2	27.0	10470.0	16.0	6157.0
MA0124.1.NKX3-1	35.0	10462.0	22.0	6151.0
MA0125.1.Nobox	16.0	10481.0	13.0	6160.0
MA0130.1.ZNF354C	0.0	10497.0	0.0	6173.0
MA0131.1.HINFP	35.0	10462.0	16.0	6157.0
MA0132.1.Pdx1	0.0	10497.0	0.0	6173.0
MA0133.1.BRCA1	23.0	10474.0	14.0	6159.0
MA0135.1.Lhx3	14.0	10483.0	10.0	6163.0
MA0136.1.ELF5	132.0	10365.0	111.0	6062.0
MA0137.3.STAT1	105.0	10392.0	66.0	6107.0
MA0138.2.REST	73.0	10424.0	21.0	6152.0
MA0139.1.CTCF	136.0	10361.0	59.0	6114.0
MA0140.2.TAL1::GATA1	23.0	10474.0	21.0	6152.0
MA0141.2.Esrrb	62.0	10435.0	48.0	6125.0
MA0142.1.Pou5f1::Sox2	27.0	10470.0	30.0	6143.0
MA0143.3.Sox2	83.0	10414.0	42.0	6131.0
MA0144.2.STAT3	104.0	10393.0	87.0	6086.0
MA0145.2.Tcfcp2l1	144.0	10353.0	62.0	6111.0
MA0146.2.Zfx	274.0	10223.0	105.0	6068.0
MA0147.2.Myc	57.0	10440.0	34.0	6139.0
MA0148.3.FOXA1	38.0	10459.0	39.0	6134.0
MA0149.1.EWSR1-FLI1	258.0	10239.0	152.0	6021.0
MA0150.2.Nfe2l2	85.0	10412.0	83.0	6090.0
MA0151.1.ARID3A	19.0	10478.0	17.0	6156.0
MA0152.1.NFATC2	56.0	10441.0	53.0	6120.0
MA0153.1.HNF1B	18.0	10479.0	9.0	6164.0
MA0154.2.EBF1	194.0	10303.0	81.0	6092.0
MA0155.1.INSM1	181.0	10316.0	80.0	6093.0
MA0156.1.FEV	186.0	10311.0	154.0	6019.0
MA0157.1.FOXO3	64.0	10433.0	54.0	6119.0
MA0158.1.HOXA5	14.0	10483.0	14.0	6159.0
MA0159.1.RXR::RAR_DR5	62.0	10435.0	24.0	6149.0
MA0160.1.NR4A2	65.0	10432.0	40.0	6133.0
MA0161.1.NFIC	0.0	10497.0	0.0	6173.0
MA0162.2.EGR1	698.0	9799.0	287.0	5886.0
MA0163.1.PLAG1	273.0	10224.0	127.0	6046.0
MA0164.1.Nr2e3	15.0	10482.0	15.0	6158.0
MA0258.2.ESR2	67.0	10430.0	28.0	6145.0
MA0259.1.HIF1A::ARNT	26.0	10471.0	11.0	6162.0
MA0442.1.SOX10	161.0	10336.0	104.0	6069.0
MA0461.1.Atoh1	146.0	10351.0	91.0	6082.0
MA0462.1.BATF::JUN	147.0	10350.0	148.0	6025.0
MA0463.1.Bcl6	81.0	10416.0	68.0	6105.0
MA0464.1.Bhlhe40	57.0	10440.0	28.0	6145.0
MA0465.1.CDX2	18.0	10479.0	25.0	6148.0
MA0466.1.CEBPB	34.0	10463.0	16.0	6157.0
MA0467.1.Crx	25.0	10472.0	21.0	6152.0
MA0468.1.DUX4	29.0	10468.0	26.0	6147.0
MA0469.1.E2F3	321.0	10176.0	136.0	6037.0
MA0470.1.E2F4	311.0	10186.0	117.0	6056.0
MA0471.1.E2F6	381.0	10116.0	174.0	5999.0
MA0472.1.EGR2	323.0	10174.0	141.0	6032.0
MA0473.1.ELF1	259.0	10238.0	197.0	5976.0
MA0474.1.Erg	376.0	10121.0	272.0	5901.0
MA0475.1.FLI1	358.0	10139.0	238.0	5935.0
MA0476.1.FOS	189.0	10308.0	185.0	5988.0
MA0477.1.FOSL1	184.0	10313.0	177.0	5996.0
MA0478.1.FOSL2	187.0	10310.0	186.0	5987.0
MA0479.1.FOXH1	41.0	10456.0	29.0	6144.0
MA0480.1.Foxo1	89.0	10408.0	68.0	6105.0
MA0481.1.FOXP1	104.0	10393.0	74.0	6099.0
MA0482.1.Gata4	52.0	10445.0	38.0	6135.0
MA0483.1.Gfi1b	61.0	10436.0	48.0	6125.0
MA0484.1.HNF4G	77.0	10420.0	45.0	6128.0
MA0485.1.Hoxc9	33.0	10464.0	23.0	6150.0
MA0486.1.HSF1	71.0	10426.0	39.0	6134.0
MA0488.1.JUN	73.0	10424.0	67.0	6106.0
MA0489.1.JUN.var.2	184.0	10313.0	183.0	5990.0
MA0490.1.JUNB	202.0	10295.0	192.0	5981.0
MA0491.1.JUND	190.0	10307.0	183.0	5990.0
MA0492.1.JUND.var.2	58.0	10439.0	65.0	6108.0
MA0493.1.Klf1	322.0	10175.0	150.0	6023.0
MA0494.1.Nr1h3::Rxra	36.0	10461.0	18.0	6155.0
MA0495.1.MAFF	17.0	10480.0	27.0	6146.0
MA0496.1.MAFK	26.0	10471.0	27.0	6146.0
MA0497.1.MEF2C	44.0	10453.0	49.0	6124.0
MA0498.1.Meis1	47.0	10450.0	31.0	6142.0
MA0499.1.Myod1	146.0	10351.0	70.0	6103.0
MA0500.1.Myog	174.0	10323.0	97.0	6076.0
MA0501.1.NFE2::MAF	78.0	10419.0	87.0	6086.0
MA0502.1.NFYB	40.0	10457.0	39.0	6134.0
MA0503.1.Nkx2-5.var.2	46.0	10451.0	28.0	6145.0
MA0504.1.NR2C2	168.0	10329.0	72.0	6101.0
MA0505.1.Nr5a2	63.0	10434.0	33.0	6140.0
MA0506.1.NRF1	324.0	10173.0	145.0	6028.0
MA0507.1.POU2F2	32.0	10465.0	23.0	6150.0
MA0508.1.PRDM1	123.0	10374.0	74.0	6099.0
MA0509.1.Rfx1	62.0	10435.0	49.0	6124.0
MA0510.1.RFX5	93.0	10404.0	58.0	6115.0
MA0511.1.RUNX2	64.0	10433.0	34.0	6139.0
MA0512.1.Rxra	90.0	10407.0	65.0	6108.0
MA0513.1.SMAD2::SMAD3::SMAD4	86.0	10411.0	41.0	6132.0
MA0514.1.Sox3	120.0	10377.0	73.0	6100.0
MA0515.1.Sox6	92.0	10405.0	68.0	6105.0
MA0516.1.SP2	920.0	9577.0	392.0	5781.0
MA0517.1.STAT2::STAT1	108.0	10389.0	86.0	6087.0
MA0518.1.Stat4	91.0	10406.0	70.0	6103.0
MA0519.1.Stat5a::Stat5b	114.0	10383.0	70.0	6103.0
MA0520.1.Stat6	67.0	10430.0	43.0	6130.0
MA0521.1.Tcf12	162.0	10335.0	95.0	6078.0
MA0522.1.Tcf3	209.0	10288.0	101.0	6072.0
MA0523.1.TCF7L2	53.0	10444.0	31.0	6142.0
MA0524.1.TFAP2C	230.0	10267.0	83.0	6090.0
MA0525.1.TP63	42.0	10455.0	16.0	6157.0
MA0526.1.USF2	72.0	10425.0	35.0	6138.0
MA0527.1.ZBTB33	87.0	10410.0	32.0	6141.0
MA0528.1.ZNF263	459.0	10038.0	228.0	5945.0
MA0591.1.Bach1::Mafk	95.0	10402.0	91.0	6082.0
MA0592.1.ESRRA	62.0	10435.0	44.0	6129.0
MA0593.1.FOXP2	82.0	10415.0	59.0	6114.0
MA0594.1.Hoxa9	29.0	10468.0	17.0	6156.0
MA0595.1.SREBF1	57.0	10440.0	27.0	6146.0
MA0596.1.SREBF2	49.0	10448.0	22.0	6151.0
MA0597.1.THAP1	108.0	10389.0	56.0	6117.0
MA0598.1.EHF	349.0	10148.0	236.0	5937.0
MA0599.1.KLF5	812.0	9685.0	372.0	5801.0
MA0600.1.RFX2	58.0	10439.0	40.0	6133.0
UP00000_1_Smad3_primary	52.0	10445.0	31.0	6142.0
UP00001_1_E2F2_primary	63.0	10434.0	46.0	6127.0
UP00002_1_Sp4_primary	437.0	10060.0	189.0	5984.0
UP00003_1_E2F3_primary	64.0	10433.0	38.0	6135.0
UP00004_1_Sox14_primary	7.0	10490.0	15.0	6158.0
UP00005_1_Tcfap2a_primary	123.0	10374.0	34.0	6139.0
UP00006_1_Zic3_primary	138.0	10359.0	44.0	6129.0
UP00007_1_Egr1_primary	365.0	10132.0	159.0	6014.0
UP00008_1_Six6_primary	7.0	10490.0	7.0	6166.0
UP00008_3_Six6_2267.4	10.0	10487.0	7.0	6166.0
UP00008_4	7.0	10490.0	10.0	6163.0
UP00009_1_Nr2f2_primary	38.0	10459.0	28.0	6145.0
UP00010_1_Tcfap2b_primary	133.0	10364.0	48.0	6125.0
UP00011_1_Irf6_primary	13.0	10484.0	4.0	6169.0
UP00012_1_Bbx_primary	19.0	10478.0	25.0	6148.0
UP00014_1_Sox17_primary	29.0	10468.0	29.0	6144.0
UP00015_1_Ehf_primary	115.0	10382.0	74.0	6099.0
UP00016_1_Sry_primary	11.0	10486.0	12.0	6161.0
UP00017_1_Nkx3-1_primary	15.0	10482.0	13.0	6160.0
UP00017_3_Nkx3-1_2923.2	15.0	10482.0	10.0	6163.0
UP00018_1_Irf4_primary	21.0	10476.0	11.0	6162.0
UP00019_1_Zbtb12_primary	15.0	10482.0	14.0	6159.0
UP00020_1_Atf1_primary	44.0	10453.0	36.0	6137.0
UP00021_1_Zfp281_primary	444.0	10053.0	197.0	5976.0
UP00022_1_Zfp740_primary	156.0	10341.0	67.0	6106.0
UP00023_1_Sox30_primary	36.0	10461.0	39.0	6134.0
UP00024_1_Glis2_primary	38.0	10459.0	18.0	6155.0
UP00025_1_Foxk1_primary	56.0	10441.0	32.0	6141.0
UP00026_1_Zscan4_primary	16.0	10481.0	9.0	6164.0
UP00027_1_Osr1_primary	24.0	10473.0	8.0	6165.0
UP00028_1_Tcfap2e_primary	125.0	10372.0	40.0	6133.0
UP00029_1_Tbp_primary	18.0	10479.0	20.0	6153.0
UP00030_1_Sox11_primary	74.0	10423.0	60.0	6113.0
UP00031_1_Zbtb3_primary	70.0	10427.0	36.0	6137.0
UP00032_1_Gata3_primary	21.0	10476.0	24.0	6149.0
UP00033_1_Zfp410_primary	44.0	10453.0	17.0	6156.0
UP00034_1_Sox7_primary	29.0	10468.0	41.0	6132.0
UP00035_1_Hic1_primary	47.0	10450.0	22.0	6151.0
UP00036_1_Myf6_primary	70.0	10427.0	31.0	6142.0
UP00037_1_Zfp105_primary	63.0	10434.0	44.0	6129.0
UP00039_1_Foxj3_primary	44.0	10453.0	22.0	6151.0
UP00040_1_Irf5_primary	13.0	10484.0	10.0	6163.0
UP00041_1_Foxj1_primary	58.0	10439.0	29.0	6144.0
UP00042_1_Gm397_primary	18.0	10479.0	13.0	6160.0
UP00043_1_Bcl6b_primary	36.0	10461.0	37.0	6136.0
UP00044_1_Mafk_primary	19.0	10478.0	29.0	6144.0
UP00045_1_Mafb_primary	19.0	10478.0	14.0	6159.0
UP00046_1_Tcfe2a_primary	38.0	10459.0	29.0	6144.0
UP00047_1_Zbtb7b_primary	38.0	10459.0	10.0	6163.0
UP00048_1_Rara_primary	51.0	10446.0	25.0	6148.0
UP00049_1_Sp100_primary	20.0	10477.0	6.0	6167.0
UP00050_1_Bhlhb2_primary	18.0	10479.0	7.0	6166.0
UP00051_1_Sox8_primary	25.0	10472.0	33.0	6140.0
UP00052_1_Osr2_primary	22.0	10475.0	9.0	6164.0
UP00053_1_Rxra_primary	39.0	10458.0	31.0	6142.0
UP00054_1_Tcf7_primary	31.0	10466.0	33.0	6140.0
UP00055_1_Hbp1_primary	24.0	10473.0	28.0	6145.0
UP00056_1_Rfx4_primary	39.0	10458.0	18.0	6155.0
UP00057_1_Zic2_primary	141.0	10356.0	44.0	6129.0
UP00058_1_Tcf3_primary	31.0	10466.0	31.0	6142.0
UP00059_1_Arid5a_primary	4.0	10493.0	10.0	6163.0
UP00060_1_Max_primary	41.0	10456.0	26.0	6147.0
UP00061_1_Foxl1_primary	45.0	10452.0	31.0	6142.0
UP00062_1_Sox4_primary	69.0	10428.0	60.0	6113.0
UP00064_1_Sox18_primary	30.0	10467.0	43.0	6130.0
UP00065_1_Zfp161_primary	109.0	10388.0	59.0	6114.0
UP00066_1_Hnf4a_primary	38.0	10459.0	26.0	6147.0
UP00067_1_Lef1_primary	37.0	10460.0	25.0	6148.0
UP00068_1_Eomes_primary	17.0	10480.0	13.0	6160.0
UP00069_1_Sox1_primary	15.0	10482.0	22.0	6151.0
UP00070_1_Gcm1_primary	36.0	10461.0	13.0	6160.0
UP00071_1_Sox21_primary	10.0	10487.0	15.0	6158.0
UP00072_1_IRC900814_primary	10.0	10487.0	11.0	6162.0
UP00073_1_Foxa2_primary	43.0	10454.0	26.0	6147.0
UP00074_1_Isgf3g_primary	34.0	10463.0	26.0	6147.0
UP00075_1_Sox15_primary	32.0	10465.0	32.0	6141.0
UP00076_1_Rfxdc2_primary	56.0	10441.0	21.0	6152.0
UP00077_1_Srf_primary	19.0	10478.0	17.0	6156.0
UP00078_1_Arid3a_primary	18.0	10479.0	12.0	6161.0
UP00079_1_Esrra_primary	31.0	10466.0	26.0	6147.0
UP00080_1_Gata5_primary	33.0	10464.0	22.0	6151.0
UP00081_1_Mybl1_primary	7.0	10490.0	3.0	6170.0
UP00082_1_Zfp187_primary	15.0	10482.0	5.0	6168.0
UP00083_1_Tcf7l2_primary	32.0	10465.0	27.0	6146.0
UP00084_1_Gmeb1_primary	14.0	10483.0	7.0	6166.0
UP00085_1_Sfpi1_primary	128.0	10369.0	96.0	6077.0
UP00086_1_Irf3_primary	77.0	10420.0	40.0	6133.0
UP00087_1_Tcfap2c_primary	121.0	10376.0	37.0	6136.0
UP00088_1_Plagl1_primary	124.0	10373.0	30.0	6143.0
UP00089_1_Tcf1_primary	4.0	10493.0	3.0	6170.0
UP00089_3_Tcf1_2666.2	6.0	10491.0	6.0	6167.0
UP00091_1_Sox5_primary	30.0	10467.0	34.0	6139.0
UP00092_1_Myb_primary	6.0	10491.0	2.0	6171.0
UP00093_1_Klf7_primary	501.0	9996.0	208.0	5965.0
UP00094_1_Zfp128_primary	6.0	10491.0	6.0	6167.0
UP00095_1_Zfp691_primary	31.0	10466.0	16.0	6157.0
UP00096_1_Sox13_primary	25.0	10472.0	36.0	6137.0
UP00097_1_Mtf1_primary	27.0	10470.0	22.0	6151.0
UP00098_1_Rfx3_primary	23.0	10474.0	11.0	6162.0
UP00099_1_Ascl2_primary	103.0	10394.0	53.0	6120.0
UP00100_1_Gata6_primary	25.0	10472.0	22.0	6151.0
UP00101_1_Sox12_primary	38.0	10459.0	43.0	6130.0
UP00102_1_Zic1_primary	155.0	10342.0	44.0	6129.0
UP00103_1_Jundm2_primary	45.0	10452.0	42.0	6131.0
UP00104_1_Hmx1_3423.1	12.0	10485.0	7.0	6166.0
UP00105_1_Pou3f4_3773.1	10.0	10487.0	8.0	6165.0
UP00106_1_Vax2_3500.1	11.0	10486.0	5.0	6168.0
UP00107_1_Nkx2-4_3074.1	25.0	10472.0	17.0	6156.0
UP00108_1_Alx3_3418.2	14.0	10483.0	3.0	6170.0
UP00109_1_Obox6_3440.2	15.0	10482.0	7.0	6166.0
UP00110_1_Dlx4_3488.2	10.0	10487.0	12.0	6161.0
UP00111_1_Dmbx1_2277.1	9.0	10488.0	4.0	6169.0
UP00112_1_Gsc_2327.3	16.0	10481.0	13.0	6160.0
UP00113_1_Hoxc4_3491.1	10.0	10487.0	6.0	6167.0
UP00114_1_Homez_1063.2	4.0	10493.0	2.0	6171.0
UP00115_1_Lhx2_0953.2	16.0	10481.0	8.0	6165.0
UP00116_1_Rhox6_4251.1	11.0	10486.0	5.0	6168.0
UP00117_1_Hoxd11_3873.1	5.0	10492.0	6.0	6167.0
UP00118_1_Pou4f3_2791.1	17.0	10480.0	6.0	6167.0
UP00119_1_Nkx2-9_3082.1	9.0	10488.0	7.0	6166.0
UP00120_1_Lbx2_3869.2	12.0	10485.0	3.0	6170.0
UP00121_1_Hoxd10_2368.2	30.0	10467.0	26.0	6147.0
UP00122_1_Tgif1_2342.2	34.0	10463.0	18.0	6155.0
UP00123_1_Hlxb9_3422.1	15.0	10482.0	8.0	6165.0
UP00124_1_Ipf1_3815.1	12.0	10485.0	10.0	6163.0
UP00125_1_Pitx2_2274.3	18.0	10479.0	17.0	6156.0
UP00126_1_Dlx2_2273.2	10.0	10487.0	13.0	6160.0
UP00127_1_Gsh2_3990.2	10.0	10487.0	8.0	6165.0
UP00128_1_Pou3f2_2824.1	14.0	10483.0	8.0	6165.0
UP00129_1_Pou3f1_3819.1	9.0	10488.0	3.0	6170.0
UP00130_1_Lhx3_3431.1	16.0	10481.0	7.0	6166.0
UP00131_1_Gbx2_3110.1	12.0	10485.0	7.0	6166.0
UP00132_1_Evx2_2645.3	12.0	10485.0	9.0	6164.0
UP00133_1_Cdx2_4272.1	13.0	10484.0	16.0	6157.0
UP00134_1_Hoxb13_3479.1	26.0	10471.0	29.0	6144.0
UP00135_1_Hoxc12_3480.1	10.0	10487.0	4.0	6169.0
UP00136_1_Prrx2_3072.1	13.0	10484.0	4.0	6169.0
UP00137_1_Hoxb3_1720.2	15.0	10482.0	21.0	6152.0
UP00138_1_Bsx_3483.2	18.0	10479.0	11.0	6162.0
UP00139_1_Nkx1-2_3214.1	11.0	10486.0	4.0	6169.0
UP00140_1_Hoxd1_3448.1	14.0	10483.0	9.0	6164.0
UP00141_1_Vsx1_1728.1	16.0	10481.0	5.0	6168.0
UP00142_1_Uncx4.1_2281.2	11.0	10486.0	3.0	6170.0
UP00143_1_Dobox5_3493.1	21.0	10476.0	15.0	6158.0
UP00144_1_Hoxb4_2627.1	12.0	10485.0	5.0	6168.0
UP00145_1_Barhl2_3868.1	15.0	10482.0	19.0	6154.0
UP00146_1_Pou6f1_1731.2	16.0	10481.0	19.0	6154.0
UP00147_1_Nkx2-6_3437.1	19.0	10478.0	20.0	6153.0
UP00148_1_Hdx_3845.3	27.0	10470.0	18.0	6155.0
UP00149_1_Phox2b_3948.1	9.0	10488.0	6.0	6167.0
UP00150_1_Irx6_2623.2	5.0	10492.0	11.0	6162.0
UP00151_1_Barx2_3447.2	14.0	10483.0	8.0	6165.0
UP00152_1_Arx_1738.2	10.0	10487.0	2.0	6171.0
UP00153_1_Pitx1_2312.1	16.0	10481.0	11.0	6162.0
UP00154_1_Dlx3_1030.1	14.0	10483.0	11.0	6162.0
UP00155_1_Hmx2_3424.3	12.0	10485.0	7.0	6166.0
UP00156_1_Msx2_3449.1	11.0	10486.0	14.0	6159.0
UP00157_1_Hmx3_3490.2	12.0	10485.0	9.0	6164.0
UP00158_1_Pou1f1_3818.1	12.0	10485.0	4.0	6169.0
UP00159_1_Six2_2307.2	8.0	10489.0	9.0	6164.0
UP00160_1_Obox3_3439.1	13.0	10484.0	10.0	6163.0
UP00161_1_Hmbox1_2674.1	5.0	10492.0	3.0	6170.0
UP00162_1_Evx1_3952.2	13.0	10484.0	11.0	6162.0
UP00163_1_En2_0952.1	9.0	10488.0	4.0	6169.0
UP00164_1_Hoxa7_2668.2	13.0	10484.0	8.0	6165.0
UP00165_1_Titf1_1722.2	26.0	10471.0	12.0	6161.0
UP00166_1_Barhl1_2590.2	18.0	10479.0	14.0	6159.0
UP00167_1_En1_3123.2	13.0	10484.0	7.0	6166.0
UP00168_1_Hoxd8_2644.1	11.0	10486.0	11.0	6162.0
UP00169_1_Lmx1b_3433.2	16.0	10481.0	11.0	6162.0
UP00170_1_Isl2_3430.1	16.0	10481.0	14.0	6159.0
UP00171_1_Msx3_3206.1	15.0	10482.0	12.0	6161.0
UP00172_1_Prop1_3949.1	12.0	10485.0	4.0	6169.0
UP00173_1_Hoxc13_3127.1	14.0	10483.0	9.0	6164.0
UP00174_1_Hoxa2_3079.1	13.0	10484.0	12.0	6161.0
UP00175_1_Lhx9_3492.1	15.0	10482.0	5.0	6168.0
UP00176_1_Crx_3485.1	19.0	10478.0	10.0	6163.0
UP00177_1_Hoxd12_3481.1	6.0	10491.0	3.0	6170.0
UP00178_1_Og2x_3719.1	13.0	10484.0	8.0	6165.0
UP00179_1_Pou2f3_3986.2	19.0	10478.0	14.0	6159.0
UP00180_1_Hoxd13_2356.1	31.0	10466.0	25.0	6148.0
UP00181_1_Barx1_2877.1	14.0	10483.0	8.0	6165.0
UP00182_1_Hoxa6_1040.1	14.0	10483.0	10.0	6163.0
UP00183_1_Hoxa13_3126.1	15.0	10482.0	11.0	6162.0
UP00184_1_Lhx8_2247.2	20.0	10477.0	11.0	6162.0
UP00185_1_Pbx1_3203.1	9.0	10488.0	14.0	6159.0
UP00186_1_Meis1_2335.1	26.0	10471.0	15.0	6158.0
UP00187_1_Alx4_1744.1	12.0	10485.0	5.0	6168.0
UP00188_1_Lmx1a_2238.2	16.0	10481.0	8.0	6165.0
UP00189_1_Hoxa5_3415.1	16.0	10481.0	10.0	6163.0
UP00190_1_Nkx2-3_3435.1	11.0	10486.0	6.0	6167.0
UP00191_1_Pou2f2_3748.1	17.0	10480.0	13.0	6160.0
UP00192_1_Six1_0935.2	9.0	10488.0	13.0	6160.0
UP00193_1_Rhox11_1765.2	16.0	10481.0	12.0	6161.0
UP00194_1_Irx4_2242.3	6.0	10491.0	6.0	6167.0
UP00195_1_Six3_1732.2	9.0	10488.0	8.0	6165.0
UP00196_1_Hoxa4_3426.1	12.0	10485.0	10.0	6163.0
UP00197_1_Hoxc9_2367.2	8.0	10489.0	15.0	6158.0
UP00198_1_Cphx_3484.1	21.0	10476.0	20.0	6153.0
UP00199_1_Six4_2860.1	15.0	10482.0	7.0	6166.0
UP00200_1_Nkx6-1_2825.1	13.0	10484.0	9.0	6164.0
UP00201_1_Emx2_3420.1	16.0	10481.0	8.0	6165.0
UP00202_1_Dlx1_1741.2	13.0	10484.0	7.0	6166.0
UP00203_1_Pknox1_2364.2	25.0	10472.0	17.0	6156.0
UP00204_1_Gbx1_2883.2	8.0	10489.0	7.0	6166.0
UP00205_1_Pknox2_3077.2	33.0	10464.0	18.0	6155.0
UP00206_1_Hoxb7_3953.1	13.0	10484.0	8.0	6165.0
UP00207_1_Hoxb9_3413.1	28.0	10469.0	26.0	6147.0
UP00208_1_Obox5_2284.1	19.0	10478.0	19.0	6154.0
UP00209_1_Cart1_0997.1	12.0	10485.0	5.0	6168.0
UP00210_1_Mrg2_2302.1	21.0	10476.0	11.0	6162.0
UP00211_1_Pou3f3_3235.2	19.0	10478.0	11.0	6162.0
UP00212_1_Lhx5_2279.1	14.0	10483.0	5.0	6168.0
UP00213_1_Hoxa9_2622.2	21.0	10476.0	17.0	6156.0
UP00214_1_Hoxb5_3122.2	13.0	10484.0	8.0	6165.0
UP00215_1_Vax1_3499.1	15.0	10482.0	12.0	6161.0
UP00216_1_Obox1_3970.2	21.0	10476.0	12.0	6161.0
UP00217_1_Hoxa10_2318.1	19.0	10478.0	19.0	6154.0
UP00218_1_Dbx2_3487.1	16.0	10481.0	9.0	6164.0
UP00219_1_Cutl1_3494.1	16.0	10481.0	6.0	6167.0
UP00220_1_Nkx1-1_3856.3	16.0	10481.0	9.0	6164.0
UP00221_1_Phox2a_3947.1	11.0	10486.0	6.0	6167.0
UP00222_1_Tcf2_0913.2	7.0	10490.0	4.0	6169.0
UP00223_1_Irx3_0920.1	5.0	10492.0	8.0	6165.0
UP00224_1_Pax6_3838.3	12.0	10485.0	6.0	6167.0
UP00225_1_Hlx1_2350.1	9.0	10488.0	11.0	6162.0
UP00226_1_Mrg1_2246.2	21.0	10476.0	13.0	6160.0
UP00227_1_Duxl_1286.2	18.0	10479.0	12.0	6161.0
UP00228_1_Bapx1_2343.1	19.0	10478.0	14.0	6159.0
UP00229_1_Otx1_2325.1	16.0	10481.0	13.0	6160.0
UP00230_1_Dlx5_3419.2	12.0	10485.0	11.0	6162.0
UP00231_1_Nkx2-2_2823.1	17.0	10480.0	15.0	6158.0
UP00232_1_Dobox4_3956.2	7.0	10490.0	4.0	6169.0
UP00233_1_Meox1_2310.2	10.0	10487.0	11.0	6162.0
UP00234_1_Msx1_3031.2	10.0	10487.0	9.0	6164.0
UP00235_1_Hoxc11_3718.2	7.0	10490.0	6.0	6167.0
UP00236_1_Irx2_0900.3	6.0	10491.0	10.0	6163.0
UP00237_1_Otp_3496.1	11.0	10486.0	3.0	6170.0
UP00238_1_Nkx6-3_3446.1	9.0	10488.0	9.0	6164.0
UP00239_1_Obox2_3438.2	13.0	10484.0	13.0	6160.0
UP00240_1_Cdx1_2245.1	16.0	10481.0	13.0	6160.0
UP00241_1_Hoxd3_1742.2	9.0	10488.0	7.0	6166.0
UP00242_1_Hoxc8_3429.2	17.0	10480.0	13.0	6160.0
UP00243_1_Isx_3445.1	15.0	10482.0	8.0	6165.0
UP00244_1_Tlx2_3498.2	20.0	10477.0	11.0	6162.0
UP00245_1_Hoxc10_2779.2	7.0	10490.0	7.0	6166.0
UP00246_1_Hoxa11_2218.1	8.0	10489.0	8.0	6165.0
UP00247_1_Pax4_3989.2	10.0	10487.0	4.0	6169.0
UP00248_1_Pax7_3783.1	15.0	10482.0	6.0	6167.0
UP00249_1_Nkx2-5_3436.1	20.0	10477.0	17.0	6156.0
UP00250_1_Irx5_2385.1	10.0	10487.0	8.0	6165.0
UP00251_1_Esx1_3124.2	13.0	10484.0	2.0	6171.0
UP00252_1_Hoxc5_2630.2	14.0	10483.0	6.0	6167.0
UP00253_1_Rax_3443.1	12.0	10485.0	4.0	6169.0
UP00254_1_Pou2f1_3081.2	17.0	10480.0	9.0	6164.0
UP00255_1_Dbx1_3486.1	25.0	10472.0	13.0	6160.0
UP00256_1_Lhx6_2272.1	10.0	10487.0	6.0	6167.0
UP00257_1_Shox2_2641.2	13.0	10484.0	5.0	6168.0
UP00258_1_Tgif2_3451.1	27.0	10470.0	14.0	6159.0
UP00259_1_Hoxb6_3428.2	18.0	10479.0	15.0	6158.0
UP00260_1_Hoxc6_3954.2	13.0	10484.0	8.0	6165.0
UP00261_1_Lhx4_1719.2	10.0	10487.0	14.0	6159.0
UP00262_1_Lhx1_2240.2	13.0	10484.0	7.0	6166.0
UP00263_1_Hoxb8_3780.2	10.0	10487.0	11.0	6162.0
UP00264_1_Hoxa1_3425.1	11.0	10486.0	6.0	6167.0
UP00265_1_Pitx3_3497.2	34.0	10463.0	16.0	6157.0
UP00266_1_Prrx1_3442.1	15.0	10482.0	7.0	6166.0
UP00267_1_Otx2_3441.1	19.0	10478.0	14.0	6159.0
UP00391_1_Hoxa3_primary	13.0	10484.0	12.0	6161.0
UP00391_3_Hoxa3_2783.2	15.0	10482.0	12.0	6161.0
UP00406_1_Spdef_primary	50.0	10447.0	35.0	6138.0
UP00407_1_Elf3_primary	136.0	10361.0	122.0	6051.0
UP00408_1_Gabpa_primary	112.0	10385.0	71.0	6102.0
klf4_homer	368.0	10129.0	165.0	6008.0
