Ash2l_hand	408.0	920.0	483.0	2061.0
E2A-Homer	417.0	911.0	687.0	1857.0
IRF8_AICS	606.0	722.0	1100.0	1444.0
IRF8_IECS_HAND_KANO	507.0	821.0	925.0	1619.0
IRF8_ISRE_KANNO	354.0	974.0	666.0	1878.0
MA0002.2.RUNX1	387.0	941.0	641.0	1903.0
MA0003.2.TFAP2A	559.0	769.0	699.0	1845.0
MA0004.1.Arnt	0.0	1328.0	0.0	2544.0
MA0006.1.Arnt::Ahr	0.0	1328.0	0.0	2544.0
MA0007.2.AR	306.0	1022.0	535.0	2009.0
MA0009.1.T	140.0	1188.0	219.0	2325.0
MA0014.2.PAX5	281.0	1047.0	471.0	2073.0
MA0017.1.NR2F1	311.0	1017.0	507.0	2037.0
MA0018.2.CREB1	127.0	1201.0	309.0	2235.0
MA0019.1.Ddit3::Cebpa	132.0	1196.0	247.0	2297.0
MA0024.2.E2F1	261.0	1067.0	340.0	2204.0
MA0025.1.NFIL3	71.0	1257.0	195.0	2349.0
MA0027.1.En1	169.0	1159.0	284.0	2260.0
MA0028.1.ELK1	174.0	1154.0	224.0	2320.0
MA0029.1.Mecom	160.0	1168.0	402.0	2142.0
MA0030.1.FOXF2	165.0	1163.0	377.0	2167.0
MA0031.1.FOXD1	113.0	1215.0	238.0	2306.0
MA0032.1.FOXC1	42.0	1286.0	97.0	2447.0
MA0033.1.FOXL1	128.0	1200.0	329.0	2215.0
MA0035.3.Gata1	238.0	1090.0	465.0	2079.0
MA0036.2.GATA2	219.0	1109.0	456.0	2088.0
MA0037.2.GATA3	206.0	1122.0	409.0	2135.0
MA0038.1.Gfi1	209.0	1119.0	444.0	2100.0
MA0039.2.Klf4	693.0	635.0	880.0	1664.0
MA0040.1.Foxq1	179.0	1149.0	471.0	2073.0
MA0041.1.Foxd3	325.0	1003.0	769.0	1775.0
MA0042.1.FOXI1	271.0	1057.0	609.0	1935.0
MA0043.1.HLF	73.0	1255.0	157.0	2387.0
MA0046.1.HNF1A	143.0	1185.0	336.0	2208.0
MA0047.2.Foxa2	231.0	1097.0	540.0	2004.0
MA0048.1.NHLH1	404.0	924.0	582.0	1962.0
MA0050.2.IRF1	576.0	752.0	1186.0	1358.0
MA0051.1.IRF2	248.0	1080.0	481.0	2063.0
MA0052.2.MEF2A	255.0	1073.0	569.0	1975.0
MA0056.1.MZF1_1-4	969.0	359.0	1377.0	1167.0
MA0057.1.MZF1_5-13	457.0	871.0	628.0	1916.0
MA0058.2.MAX	244.0	1084.0	435.0	2109.0
MA0059.1.MYC::MAX	135.0	1193.0	230.0	2314.0
MA0060.2.NFYA	167.0	1161.0	305.0	2239.0
MA0062.2.GABPA	296.0	1032.0	425.0	2119.0
MA0063.1.Nkx2-5	125.0	1203.0	286.0	2258.0
MA0065.2.PPARG::RXRA	592.0	736.0	860.0	1684.0
MA0066.1.PPARG	259.0	1069.0	358.0	2186.0
MA0067.1.Pax2	95.0	1233.0	141.0	2403.0
MA0068.1.Pax4	312.0	1016.0	659.0	1885.0
MA0069.1.Pax6	104.0	1224.0	199.0	2345.0
MA0070.1.PBX1	102.0	1226.0	286.0	2258.0
MA0071.1.RORA_1	208.0	1120.0	418.0	2126.0
MA0072.1.RORA_2	141.0	1187.0	337.0	2207.0
MA0073.1.RREB1	647.0	681.0	887.0	1657.0
MA0074.1.RXRA::VDR	173.0	1155.0	244.0	2300.0
MA0075.1.Prrx2	0.0	1328.0	0.0	2544.0
MA0076.2.ELK4	393.0	935.0	658.0	1886.0
MA0077.1.SOX9	190.0	1138.0	463.0	2081.0
MA0078.1.Sox17	168.0	1160.0	369.0	2175.0
MA0079.3.SP1	856.0	472.0	1193.0	1351.0
MA0080.3.Spi1	729.0	599.0	1394.0	1150.0
MA0081.1.SPIB	425.0	903.0	828.0	1716.0
MA0083.2.SRF	207.0	1121.0	413.0	2131.0
MA0084.1.SRY	219.0	1109.0	545.0	1999.0
MA0087.1.Sox5	205.0	1123.0	534.0	2010.0
MA0088.1.znf143	475.0	853.0	687.0	1857.0
MA0089.1.NFE2L1::MafG	347.0	981.0	667.0	1877.0
MA0090.1.TEAD1	258.0	1070.0	520.0	2024.0
MA0091.1.TAL1::TCF3	225.0	1103.0	401.0	2143.0
MA0092.1.Hand1::Tcfe2a	284.0	1044.0	514.0	2030.0
MA0093.2.USF1	228.0	1100.0	408.0	2136.0
MA0095.2.YY1	231.0	1097.0	447.0	2097.0
MA0098.2.Ets1	795.0	533.0	1510.0	1034.0
MA0099.2.JUN::FOS	404.0	924.0	914.0	1630.0
MA0100.2.Myb	262.0	1066.0	492.0	2052.0
MA0101.1.REL	981.0	347.0	718.0	1826.0
MA0102.3.CEBPA	161.0	1167.0	372.0	2172.0
MA0103.2.ZEB1	339.0	989.0	439.0	2105.0
MA0104.3.Mycn	214.0	1114.0	287.0	2257.0
MA0105.3.NFKB1	1101.0	227.0	1054.0	1490.0
MA0106.2.TP53	180.0	1148.0	300.0	2244.0
MA0107.1.RELA	1079.0	249.0	724.0	1820.0
MA0108.2.TBP	113.0	1215.0	248.0	2296.0
MA0109.1.Hltf	105.0	1223.0	278.0	2266.0
MA0111.1.Spz1	231.0	1097.0	411.0	2133.0
MA0112.2.ESR1	446.0	882.0	603.0	1941.0
MA0113.2.NR3C1	276.0	1052.0	507.0	2037.0
MA0114.2.HNF4A	420.0	908.0	657.0	1887.0
MA0115.1.NR1H2::RXRA	241.0	1087.0	448.0	2096.0
MA0116.1.Zfp423	287.0	1041.0	362.0	2182.0
MA0117.1.Mafb	181.0	1147.0	334.0	2210.0
MA0119.1.TLX1::NFIC	316.0	1012.0	579.0	1965.0
MA0122.1.Nkx3-2	175.0	1153.0	334.0	2210.0
MA0124.1.NKX3-1	109.0	1219.0	339.0	2205.0
MA0125.1.Nobox	78.0	1250.0	186.0	2358.0
MA0130.1.ZNF354C	0.0	1328.0	0.0	2544.0
MA0131.1.HINFP	33.0	1295.0	51.0	2493.0
MA0132.1.Pdx1	0.0	1328.0	0.0	2544.0
MA0133.1.BRCA1	96.0	1232.0	177.0	2367.0
MA0135.1.Lhx3	144.0	1184.0	370.0	2174.0
MA0136.1.ELF5	441.0	887.0	920.0	1624.0
MA0137.3.STAT1	390.0	938.0	645.0	1899.0
MA0138.2.REST	385.0	943.0	547.0	1997.0
MA0139.1.CTCF	465.0	863.0	620.0	1924.0
MA0140.2.TAL1::GATA1	162.0	1166.0	337.0	2207.0
MA0141.2.Esrrb	346.0	982.0	563.0	1981.0
MA0142.1.Pou5f1::Sox2	205.0	1123.0	536.0	2008.0
MA0143.3.Sox2	255.0	1073.0	525.0	2019.0
MA0144.2.STAT3	499.0	829.0	821.0	1723.0
MA0145.2.Tcfcp2l1	421.0	907.0	569.0	1975.0
MA0146.2.Zfx	582.0	746.0	765.0	1779.0
MA0147.2.Myc	254.0	1074.0	377.0	2167.0
MA0148.3.FOXA1	247.0	1081.0	558.0	1986.0
MA0149.1.EWSR1-FLI1	820.0	508.0	1300.0	1244.0
MA0150.2.Nfe2l2	376.0	952.0	723.0	1821.0
MA0151.1.ARID3A	169.0	1159.0	423.0	2121.0
MA0152.1.NFATC2	280.0	1048.0	567.0	1977.0
MA0153.1.HNF1B	108.0	1220.0	307.0	2237.0
MA0154.2.EBF1	640.0	688.0	828.0	1716.0
MA0155.1.INSM1	521.0	807.0	701.0	1843.0
MA0156.1.FEV	483.0	845.0	992.0	1552.0
MA0157.1.FOXO3	268.0	1060.0	600.0	1944.0
MA0158.1.HOXA5	126.0	1202.0	255.0	2289.0
MA0159.1.RXR::RAR_DR5	355.0	973.0	459.0	2085.0
MA0160.1.NR4A2	243.0	1085.0	427.0	2117.0
MA0161.1.NFIC	0.0	1328.0	0.0	2544.0
MA0162.2.EGR1	748.0	580.0	1015.0	1529.0
MA0163.1.PLAG1	600.0	728.0	695.0	1849.0
MA0164.1.Nr2e3	97.0	1231.0	167.0	2377.0
MA0258.2.ESR2	359.0	969.0	556.0	1988.0
MA0259.1.HIF1A::ARNT	51.0	1277.0	85.0	2459.0
MA0442.1.SOX10	529.0	799.0	1010.0	1534.0
MA0461.1.Atoh1	474.0	854.0	722.0	1822.0
MA0462.1.BATF::JUN	390.0	938.0	898.0	1646.0
MA0463.1.Bcl6	438.0	890.0	728.0	1816.0
MA0464.1.Bhlhe40	246.0	1082.0	363.0	2181.0
MA0465.1.CDX2	169.0	1159.0	438.0	2106.0
MA0466.1.CEBPB	166.0	1162.0	371.0	2173.0
MA0467.1.Crx	152.0	1176.0	330.0	2214.0
MA0468.1.DUX4	166.0	1162.0	368.0	2176.0
MA0469.1.E2F3	539.0	789.0	693.0	1851.0
MA0470.1.E2F4	291.0	1037.0	372.0	2172.0
MA0471.1.E2F6	640.0	688.0	875.0	1669.0
MA0472.1.EGR2	624.0	704.0	818.0	1726.0
MA0473.1.ELF1	601.0	727.0	1189.0	1355.0
MA0474.1.Erg	842.0	486.0	1622.0	922.0
MA0475.1.FLI1	735.0	593.0	1348.0	1196.0
MA0476.1.FOS	449.0	879.0	1032.0	1512.0
MA0477.1.FOSL1	439.0	889.0	992.0	1552.0
MA0478.1.FOSL2	469.0	859.0	1070.0	1474.0
MA0479.1.FOXH1	176.0	1152.0	446.0	2098.0
MA0480.1.Foxo1	362.0	966.0	753.0	1791.0
MA0481.1.FOXP1	496.0	832.0	1122.0	1422.0
MA0482.1.Gata4	220.0	1108.0	436.0	2108.0
MA0483.1.Gfi1b	314.0	1014.0	596.0	1948.0
MA0484.1.HNF4G	414.0	914.0	667.0	1877.0
MA0485.1.Hoxc9	139.0	1189.0	374.0	2170.0
MA0486.1.HSF1	352.0	976.0	617.0	1927.0
MA0488.1.JUN	268.0	1060.0	544.0	2000.0
MA0489.1.JUN.var.2	445.0	883.0	1048.0	1496.0
MA0490.1.JUNB	442.0	886.0	1037.0	1507.0
MA0491.1.JUND	439.0	889.0	1014.0	1530.0
MA0492.1.JUND.var.2	214.0	1114.0	482.0	2062.0
MA0493.1.Klf1	577.0	751.0	739.0	1805.0
MA0494.1.Nr1h3::Rxra	299.0	1029.0	440.0	2104.0
MA0495.1.MAFF	256.0	1072.0	546.0	1998.0
MA0496.1.MAFK	262.0	1066.0	544.0	2000.0
MA0497.1.MEF2C	318.0	1010.0	691.0	1853.0
MA0498.1.Meis1	309.0	1019.0	545.0	1999.0
MA0499.1.Myod1	511.0	817.0	791.0	1753.0
MA0500.1.Myog	502.0	826.0	788.0	1756.0
MA0501.1.NFE2::MAF	347.0	981.0	706.0	1838.0
MA0502.1.NFYB	157.0	1171.0	263.0	2281.0
MA0503.1.Nkx2-5.var.2	287.0	1041.0	490.0	2054.0
MA0504.1.NR2C2	525.0	803.0	732.0	1812.0
MA0505.1.Nr5a2	379.0	949.0	599.0	1945.0
MA0506.1.NRF1	218.0	1110.0	253.0	2291.0
MA0507.1.POU2F2	197.0	1131.0	476.0	2068.0
MA0508.1.PRDM1	555.0	773.0	1036.0	1508.0
MA0509.1.Rfx1	244.0	1084.0	422.0	2122.0
MA0510.1.RFX5	378.0	950.0	567.0	1977.0
MA0511.1.RUNX2	380.0	948.0	674.0	1870.0
MA0512.1.Rxra	449.0	879.0	739.0	1805.0
MA0513.1.SMAD2::SMAD3::SMAD4	407.0	921.0	660.0	1884.0
MA0514.1.Sox3	448.0	880.0	935.0	1609.0
MA0515.1.Sox6	351.0	977.0	739.0	1805.0
MA0516.1.SP2	826.0	502.0	1118.0	1426.0
MA0517.1.STAT2::STAT1	514.0	814.0	957.0	1587.0
MA0518.1.Stat4	408.0	920.0	724.0	1820.0
MA0519.1.Stat5a::Stat5b	392.0	936.0	641.0	1903.0
MA0520.1.Stat6	282.0	1046.0	594.0	1950.0
MA0521.1.Tcf12	498.0	830.0	792.0	1752.0
MA0522.1.Tcf3	590.0	738.0	937.0	1607.0
MA0523.1.TCF7L2	252.0	1076.0	549.0	1995.0
MA0524.1.TFAP2C	650.0	678.0	856.0	1688.0
MA0525.1.TP63	260.0	1068.0	433.0	2111.0
MA0526.1.USF2	266.0	1062.0	430.0	2114.0
MA0527.1.ZBTB33	91.0	1237.0	111.0	2433.0
MA0528.1.ZNF263	997.0	331.0	1687.0	857.0
MA0591.1.Bach1::Mafk	383.0	945.0	720.0	1824.0
MA0592.1.ESRRA	369.0	959.0	589.0	1955.0
MA0593.1.FOXP2	321.0	1007.0	733.0	1811.0
MA0594.1.Hoxa9	145.0	1183.0	335.0	2209.0
MA0595.1.SREBF1	236.0	1092.0	365.0	2179.0
MA0596.1.SREBF2	230.0	1098.0	369.0	2175.0
MA0597.1.THAP1	378.0	950.0	515.0	2029.0
MA0598.1.EHF	832.0	496.0	1472.0	1072.0
MA0599.1.KLF5	812.0	516.0	1075.0	1469.0
MA0600.1.RFX2	234.0	1094.0	401.0	2143.0
UP00000_1_Smad3_primary	236.0	1092.0	431.0	2113.0
UP00001_1_E2F2_primary	75.0	1253.0	92.0	2452.0
UP00002_1_Sp4_primary	547.0	781.0	640.0	1904.0
UP00003_1_E2F3_primary	74.0	1254.0	98.0	2446.0
UP00004_1_Sox14_primary	105.0	1223.0	282.0	2262.0
UP00005_1_Tcfap2a_primary	327.0	1001.0	375.0	2169.0
UP00006_1_Zic3_primary	293.0	1035.0	317.0	2227.0
UP00007_1_Egr1_primary	439.0	889.0	524.0	2020.0
UP00008_1_Six6_primary	72.0	1256.0	204.0	2340.0
UP00008_3_Six6_2267.4	72.0	1256.0	225.0	2319.0
UP00008_4	66.0	1262.0	220.0	2324.0
UP00009_1_Nr2f2_primary	223.0	1105.0	437.0	2107.0
UP00010_1_Tcfap2b_primary	371.0	957.0	409.0	2135.0
UP00011_1_Irf6_primary	35.0	1293.0	79.0	2465.0
UP00012_1_Bbx_primary	152.0	1176.0	351.0	2193.0
UP00014_1_Sox17_primary	181.0	1147.0	459.0	2085.0
UP00015_1_Ehf_primary	260.0	1068.0	517.0	2027.0
UP00016_1_Sry_primary	97.0	1231.0	253.0	2291.0
UP00017_1_Nkx3-1_primary	117.0	1211.0	241.0	2303.0
UP00017_3_Nkx3-1_2923.2	116.0	1212.0	232.0	2312.0
UP00018_1_Irf4_primary	65.0	1263.0	139.0	2405.0
UP00019_1_Zbtb12_primary	111.0	1217.0	253.0	2291.0
UP00020_1_Atf1_primary	88.0	1240.0	220.0	2324.0
UP00021_1_Zfp281_primary	701.0	627.0	919.0	1625.0
UP00022_1_Zfp740_primary	442.0	886.0	527.0	2017.0
UP00023_1_Sox30_primary	196.0	1132.0	499.0	2045.0
UP00024_1_Glis2_primary	237.0	1091.0	243.0	2301.0
UP00025_1_Foxk1_primary	270.0	1058.0	661.0	1883.0
UP00026_1_Zscan4_primary	155.0	1173.0	263.0	2281.0
UP00027_1_Osr1_primary	149.0	1179.0	266.0	2278.0
UP00028_1_Tcfap2e_primary	349.0	979.0	392.0	2152.0
UP00029_1_Tbp_primary	207.0	1121.0	474.0	2070.0
UP00030_1_Sox11_primary	371.0	957.0	811.0	1733.0
UP00031_1_Zbtb3_primary	365.0	963.0	550.0	1994.0
UP00032_1_Gata3_primary	212.0	1116.0	477.0	2067.0
UP00033_1_Zfp410_primary	240.0	1088.0	385.0	2159.0
UP00034_1_Sox7_primary	235.0	1093.0	639.0	1905.0
UP00035_1_Hic1_primary	227.0	1101.0	349.0	2195.0
UP00036_1_Myf6_primary	336.0	992.0	484.0	2060.0
UP00037_1_Zfp105_primary	409.0	919.0	910.0	1634.0
UP00039_1_Foxj3_primary	239.0	1089.0	532.0	2012.0
UP00040_1_Irf5_primary	56.0	1272.0	119.0	2425.0
UP00041_1_Foxj1_primary	261.0	1067.0	572.0	1972.0
UP00042_1_Gm397_primary	172.0	1156.0	271.0	2273.0
UP00043_1_Bcl6b_primary	227.0	1101.0	419.0	2125.0
UP00044_1_Mafk_primary	208.0	1120.0	441.0	2103.0
UP00045_1_Mafb_primary	182.0	1146.0	374.0	2170.0
UP00046_1_Tcfe2a_primary	333.0	995.0	480.0	2064.0
UP00047_1_Zbtb7b_primary	194.0	1134.0	221.0	2323.0
UP00048_1_Rara_primary	263.0	1065.0	503.0	2041.0
UP00049_1_Sp100_primary	54.0	1274.0	94.0	2450.0
UP00050_1_Bhlhb2_primary	83.0	1245.0	157.0	2387.0
UP00051_1_Sox8_primary	201.0	1127.0	521.0	2023.0
UP00052_1_Osr2_primary	114.0	1214.0	212.0	2332.0
UP00053_1_Rxra_primary	273.0	1055.0	462.0	2082.0
UP00054_1_Tcf7_primary	238.0	1090.0	573.0	1971.0
UP00055_1_Hbp1_primary	202.0	1126.0	473.0	2071.0
UP00056_1_Rfx4_primary	128.0	1200.0	219.0	2325.0
UP00057_1_Zic2_primary	288.0	1040.0	315.0	2229.0
UP00058_1_Tcf3_primary	223.0	1105.0	503.0	2041.0
UP00059_1_Arid5a_primary	110.0	1218.0	295.0	2249.0
UP00060_1_Max_primary	155.0	1173.0	217.0	2327.0
UP00061_1_Foxl1_primary	256.0	1072.0	651.0	1893.0
UP00062_1_Sox4_primary	370.0	958.0	806.0	1738.0
UP00064_1_Sox18_primary	204.0	1124.0	537.0	2007.0
UP00065_1_Zfp161_primary	96.0	1232.0	135.0	2409.0
UP00066_1_Hnf4a_primary	286.0	1042.0	419.0	2125.0
UP00067_1_Lef1_primary	211.0	1117.0	450.0	2094.0
UP00068_1_Eomes_primary	200.0	1128.0	280.0	2264.0
UP00069_1_Sox1_primary	129.0	1199.0	380.0	2164.0
UP00070_1_Gcm1_primary	120.0	1208.0	165.0	2379.0
UP00071_1_Sox21_primary	116.0	1212.0	323.0	2221.0
UP00072_1_IRC900814_primary	18.0	1310.0	63.0	2481.0
UP00073_1_Foxa2_primary	250.0	1078.0	575.0	1969.0
UP00074_1_Isgf3g_primary	167.0	1161.0	363.0	2181.0
UP00075_1_Sox15_primary	197.0	1131.0	484.0	2060.0
UP00076_1_Rfxdc2_primary	116.0	1212.0	205.0	2339.0
UP00077_1_Srf_primary	120.0	1208.0	226.0	2318.0
UP00078_1_Arid3a_primary	148.0	1180.0	375.0	2169.0
UP00079_1_Esrra_primary	223.0	1105.0	390.0	2154.0
UP00080_1_Gata5_primary	166.0	1162.0	374.0	2170.0
UP00081_1_Mybl1_primary	30.0	1298.0	62.0	2482.0
UP00082_1_Zfp187_primary	89.0	1239.0	222.0	2322.0
UP00083_1_Tcf7l2_primary	226.0	1102.0	481.0	2063.0
UP00084_1_Gmeb1_primary	15.0	1313.0	51.0	2493.0
UP00085_1_Sfpi1_primary	428.0	900.0	776.0	1768.0
UP00086_1_Irf3_primary	256.0	1072.0	497.0	2047.0
UP00087_1_Tcfap2c_primary	335.0	993.0	392.0	2152.0
UP00088_1_Plagl1_primary	287.0	1041.0	248.0	2296.0
UP00089_1_Tcf1_primary	67.0	1261.0	159.0	2385.0
UP00089_3_Tcf1_2666.2	69.0	1259.0	154.0	2390.0
UP00091_1_Sox5_primary	201.0	1127.0	522.0	2022.0
UP00092_1_Myb_primary	31.0	1297.0	58.0	2486.0
UP00093_1_Klf7_primary	619.0	709.0	792.0	1752.0
UP00094_1_Zfp128_primary	24.0	1304.0	54.0	2490.0
UP00095_1_Zfp691_primary	253.0	1075.0	379.0	2165.0
UP00096_1_Sox13_primary	195.0	1133.0	503.0	2041.0
UP00097_1_Mtf1_primary	114.0	1214.0	172.0	2372.0
UP00098_1_Rfx3_primary	129.0	1199.0	242.0	2302.0
UP00099_1_Ascl2_primary	470.0	858.0	688.0	1856.0
UP00100_1_Gata6_primary	157.0	1171.0	349.0	2195.0
UP00101_1_Sox12_primary	232.0	1096.0	595.0	1949.0
UP00102_1_Zic1_primary	333.0	995.0	330.0	2214.0
UP00103_1_Jundm2_primary	116.0	1212.0	235.0	2309.0
UP00104_1_Hmx1_3423.1	92.0	1236.0	226.0	2318.0
UP00105_1_Pou3f4_3773.1	138.0	1190.0	320.0	2224.0
UP00106_1_Vax2_3500.1	73.0	1255.0	165.0	2379.0
UP00107_1_Nkx2-4_3074.1	164.0	1164.0	324.0	2220.0
UP00108_1_Alx3_3418.2	84.0	1244.0	186.0	2358.0
UP00109_1_Obox6_3440.2	79.0	1249.0	172.0	2372.0
UP00110_1_Dlx4_3488.2	74.0	1254.0	192.0	2352.0
UP00111_1_Dmbx1_2277.1	82.0	1246.0	174.0	2370.0
UP00112_1_Gsc_2327.3	91.0	1237.0	179.0	2365.0
UP00113_1_Hoxc4_3491.1	95.0	1233.0	209.0	2335.0
UP00114_1_Homez_1063.2	46.0	1282.0	113.0	2431.0
UP00115_1_Lhx2_0953.2	68.0	1260.0	187.0	2357.0
UP00116_1_Rhox6_4251.1	72.0	1256.0	176.0	2368.0
UP00117_1_Hoxd11_3873.1	67.0	1261.0	173.0	2371.0
UP00118_1_Pou4f3_2791.1	134.0	1194.0	325.0	2219.0
UP00119_1_Nkx2-9_3082.1	92.0	1236.0	223.0	2321.0
UP00120_1_Lbx2_3869.2	73.0	1255.0	156.0	2388.0
UP00121_1_Hoxd10_2368.2	212.0	1116.0	532.0	2012.0
UP00122_1_Tgif1_2342.2	211.0	1117.0	398.0	2146.0
UP00123_1_Hlxb9_3422.1	50.0	1278.0	126.0	2418.0
UP00124_1_Ipf1_3815.1	94.0	1234.0	238.0	2306.0
UP00125_1_Pitx2_2274.3	114.0	1214.0	267.0	2277.0
UP00126_1_Dlx2_2273.2	82.0	1246.0	231.0	2313.0
UP00127_1_Gsh2_3990.2	78.0	1250.0	209.0	2335.0
UP00128_1_Pou3f2_2824.1	105.0	1223.0	229.0	2315.0
UP00129_1_Pou3f1_3819.1	132.0	1196.0	295.0	2249.0
UP00130_1_Lhx3_3431.1	114.0	1214.0	268.0	2276.0
UP00131_1_Gbx2_3110.1	51.0	1277.0	122.0	2422.0
UP00132_1_Evx2_2645.3	48.0	1280.0	139.0	2405.0
UP00133_1_Cdx2_4272.1	159.0	1169.0	336.0	2208.0
UP00134_1_Hoxb13_3479.1	176.0	1152.0	416.0	2128.0
UP00135_1_Hoxc12_3480.1	60.0	1268.0	162.0	2382.0
UP00136_1_Prrx2_3072.1	62.0	1266.0	161.0	2383.0
UP00137_1_Hoxb3_1720.2	98.0	1230.0	240.0	2304.0
UP00138_1_Bsx_3483.2	93.0	1235.0	232.0	2312.0
UP00139_1_Nkx1-2_3214.1	77.0	1251.0	185.0	2359.0
UP00140_1_Hoxd1_3448.1	78.0	1250.0	188.0	2356.0
UP00141_1_Vsx1_1728.1	90.0	1238.0	208.0	2336.0
UP00142_1_Uncx4.1_2281.2	84.0	1244.0	176.0	2368.0
UP00143_1_Dobox5_3493.1	116.0	1212.0	241.0	2303.0
UP00144_1_Hoxb4_2627.1	99.0	1229.0	194.0	2350.0
UP00145_1_Barhl2_3868.1	149.0	1179.0	375.0	2169.0
UP00146_1_Pou6f1_1731.2	134.0	1194.0	297.0	2247.0
UP00147_1_Nkx2-6_3437.1	155.0	1173.0	303.0	2241.0
UP00148_1_Hdx_3845.3	188.0	1140.0	399.0	2145.0
UP00149_1_Phox2b_3948.1	86.0	1242.0	185.0	2359.0
UP00150_1_Irx6_2623.2	99.0	1229.0	259.0	2285.0
UP00151_1_Barx2_3447.2	85.0	1243.0	190.0	2354.0
UP00152_1_Arx_1738.2	71.0	1257.0	160.0	2384.0
UP00153_1_Pitx1_2312.1	148.0	1180.0	292.0	2252.0
UP00154_1_Dlx3_1030.1	70.0	1258.0	201.0	2343.0
UP00155_1_Hmx2_3424.3	104.0	1224.0	270.0	2274.0
UP00156_1_Msx2_3449.1	70.0	1258.0	207.0	2337.0
UP00157_1_Hmx3_3490.2	102.0	1226.0	268.0	2276.0
UP00158_1_Pou1f1_3818.1	140.0	1188.0	323.0	2221.0
UP00159_1_Six2_2307.2	83.0	1245.0	215.0	2329.0
UP00160_1_Obox3_3439.1	117.0	1211.0	228.0	2316.0
UP00161_1_Hmbox1_2674.1	97.0	1231.0	191.0	2353.0
UP00162_1_Evx1_3952.2	63.0	1265.0	153.0	2391.0
UP00163_1_En2_0952.1	63.0	1265.0	150.0	2394.0
UP00164_1_Hoxa7_2668.2	96.0	1232.0	240.0	2304.0
UP00165_1_Titf1_1722.2	175.0	1153.0	320.0	2224.0
UP00166_1_Barhl1_2590.2	114.0	1214.0	299.0	2245.0
UP00167_1_En1_3123.2	90.0	1238.0	201.0	2343.0
UP00168_1_Hoxd8_2644.1	157.0	1171.0	379.0	2165.0
UP00169_1_Lmx1b_3433.2	117.0	1211.0	282.0	2262.0
UP00170_1_Isl2_3430.1	138.0	1190.0	300.0	2244.0
UP00171_1_Msx3_3206.1	113.0	1215.0	286.0	2258.0
UP00172_1_Prop1_3949.1	97.0	1231.0	188.0	2356.0
UP00173_1_Hoxc13_3127.1	108.0	1220.0	270.0	2274.0
UP00174_1_Hoxa2_3079.1	85.0	1243.0	230.0	2314.0
UP00175_1_Lhx9_3492.1	92.0	1236.0	198.0	2346.0
UP00176_1_Crx_3485.1	86.0	1242.0	139.0	2405.0
UP00177_1_Hoxd12_3481.1	58.0	1270.0	158.0	2386.0
UP00178_1_Og2x_3719.1	70.0	1258.0	176.0	2368.0
UP00179_1_Pou2f3_3986.2	151.0	1177.0	390.0	2154.0
UP00180_1_Hoxd13_2356.1	214.0	1114.0	479.0	2065.0
UP00181_1_Barx1_2877.1	76.0	1252.0	202.0	2342.0
UP00182_1_Hoxa6_1040.1	92.0	1236.0	204.0	2340.0
UP00183_1_Hoxa13_3126.1	89.0	1239.0	222.0	2322.0
UP00184_1_Lhx8_2247.2	69.0	1259.0	160.0	2384.0
UP00185_1_Pbx1_3203.1	128.0	1200.0	345.0	2199.0
UP00186_1_Meis1_2335.1	166.0	1162.0	328.0	2216.0
UP00187_1_Alx4_1744.1	77.0	1251.0	150.0	2394.0
UP00188_1_Lmx1a_2238.2	152.0	1176.0	335.0	2209.0
UP00189_1_Hoxa5_3415.1	92.0	1236.0	228.0	2316.0
UP00190_1_Nkx2-3_3435.1	81.0	1247.0	197.0	2347.0
UP00191_1_Pou2f2_3748.1	145.0	1183.0	397.0	2147.0
UP00192_1_Six1_0935.2	76.0	1252.0	201.0	2343.0
UP00193_1_Rhox11_1765.2	105.0	1223.0	209.0	2335.0
UP00194_1_Irx4_2242.3	97.0	1231.0	249.0	2295.0
UP00195_1_Six3_1732.2	77.0	1251.0	213.0	2331.0
UP00196_1_Hoxa4_3426.1	107.0	1221.0	229.0	2315.0
UP00197_1_Hoxc9_2367.2	135.0	1193.0	312.0	2232.0
UP00198_1_Cphx_3484.1	152.0	1176.0	304.0	2240.0
UP00199_1_Six4_2860.1	144.0	1184.0	261.0	2283.0
UP00200_1_Nkx6-1_2825.1	127.0	1201.0	301.0	2243.0
UP00201_1_Emx2_3420.1	58.0	1270.0	135.0	2409.0
UP00202_1_Dlx1_1741.2	83.0	1245.0	210.0	2334.0
UP00203_1_Pknox1_2364.2	173.0	1155.0	312.0	2232.0
UP00204_1_Gbx1_2883.2	59.0	1269.0	163.0	2381.0
UP00205_1_Pknox2_3077.2	210.0	1118.0	347.0	2197.0
UP00206_1_Hoxb7_3953.1	79.0	1249.0	203.0	2341.0
UP00207_1_Hoxb9_3413.1	186.0	1142.0	442.0	2102.0
UP00208_1_Obox5_2284.1	114.0	1214.0	266.0	2278.0
UP00209_1_Cart1_0997.1	81.0	1247.0	172.0	2372.0
UP00210_1_Mrg2_2302.1	163.0	1165.0	320.0	2224.0
UP00211_1_Pou3f3_3235.2	146.0	1182.0	348.0	2196.0
UP00212_1_Lhx5_2279.1	125.0	1203.0	263.0	2281.0
UP00213_1_Hoxa9_2622.2	182.0	1146.0	440.0	2104.0
UP00214_1_Hoxb5_3122.2	89.0	1239.0	201.0	2343.0
UP00215_1_Vax1_3499.1	95.0	1233.0	213.0	2331.0
UP00216_1_Obox1_3970.2	127.0	1201.0	299.0	2245.0
UP00217_1_Hoxa10_2318.1	201.0	1127.0	485.0	2059.0
UP00218_1_Dbx2_3487.1	140.0	1188.0	336.0	2208.0
UP00219_1_Cutl1_3494.1	84.0	1244.0	168.0	2376.0
UP00220_1_Nkx1-1_3856.3	56.0	1272.0	116.0	2428.0
UP00221_1_Phox2a_3947.1	76.0	1252.0	165.0	2379.0
UP00222_1_Tcf2_0913.2	85.0	1243.0	145.0	2399.0
UP00223_1_Irx3_0920.1	80.0	1248.0	209.0	2335.0
UP00224_1_Pax6_3838.3	106.0	1222.0	243.0	2301.0
UP00225_1_Hlx1_2350.1	137.0	1191.0	316.0	2228.0
UP00226_1_Mrg1_2246.2	160.0	1168.0	311.0	2233.0
UP00227_1_Duxl_1286.2	112.0	1216.0	242.0	2302.0
UP00228_1_Bapx1_2343.1	124.0	1204.0	272.0	2272.0
UP00229_1_Otx1_2325.1	109.0	1219.0	256.0	2288.0
UP00230_1_Dlx5_3419.2	62.0	1266.0	144.0	2400.0
UP00231_1_Nkx2-2_2823.1	155.0	1173.0	321.0	2223.0
UP00232_1_Dobox4_3956.2	90.0	1238.0	226.0	2318.0
UP00233_1_Meox1_2310.2	101.0	1227.0	236.0	2308.0
UP00234_1_Msx1_3031.2	96.0	1232.0	219.0	2325.0
UP00235_1_Hoxc11_3718.2	61.0	1267.0	196.0	2348.0
UP00236_1_Irx2_0900.3	95.0	1233.0	217.0	2327.0
UP00237_1_Otp_3496.1	82.0	1246.0	169.0	2375.0
UP00238_1_Nkx6-3_3446.1	134.0	1194.0	314.0	2230.0
UP00239_1_Obox2_3438.2	122.0	1206.0	255.0	2289.0
UP00240_1_Cdx1_2245.1	140.0	1188.0	329.0	2215.0
UP00241_1_Hoxd3_1742.2	111.0	1217.0	258.0	2286.0
UP00242_1_Hoxc8_3429.2	99.0	1229.0	227.0	2317.0
UP00243_1_Isx_3445.1	44.0	1284.0	134.0	2410.0
UP00244_1_Tlx2_3498.2	215.0	1113.0	531.0	2013.0
UP00245_1_Hoxc10_2779.2	61.0	1267.0	195.0	2349.0
UP00246_1_Hoxa11_2218.1	64.0	1264.0	210.0	2334.0
UP00247_1_Pax4_3989.2	65.0	1263.0	141.0	2403.0
UP00248_1_Pax7_3783.1	81.0	1247.0	213.0	2331.0
UP00249_1_Nkx2-5_3436.1	176.0	1152.0	315.0	2229.0
UP00250_1_Irx5_2385.1	93.0	1235.0	223.0	2321.0
UP00251_1_Esx1_3124.2	81.0	1247.0	196.0	2348.0
UP00252_1_Hoxc5_2630.2	108.0	1220.0	237.0	2307.0
UP00253_1_Rax_3443.1	59.0	1269.0	136.0	2408.0
UP00254_1_Pou2f1_3081.2	125.0	1203.0	294.0	2250.0
UP00255_1_Dbx1_3486.1	224.0	1104.0	563.0	1981.0
UP00256_1_Lhx6_2272.1	66.0	1262.0	189.0	2355.0
UP00257_1_Shox2_2641.2	68.0	1260.0	150.0	2394.0
UP00258_1_Tgif2_3451.1	181.0	1147.0	359.0	2185.0
UP00259_1_Hoxb6_3428.2	85.0	1243.0	218.0	2326.0
UP00260_1_Hoxc6_3954.2	110.0	1218.0	235.0	2309.0
UP00261_1_Lhx4_1719.2	69.0	1259.0	196.0	2348.0
UP00262_1_Lhx1_2240.2	125.0	1203.0	251.0	2293.0
UP00263_1_Hoxb8_3780.2	120.0	1208.0	284.0	2260.0
UP00264_1_Hoxa1_3425.1	72.0	1256.0	212.0	2332.0
UP00265_1_Pitx3_3497.2	133.0	1195.0	185.0	2359.0
UP00266_1_Prrx1_3442.1	73.0	1255.0	193.0	2351.0
UP00267_1_Otx2_3441.1	109.0	1219.0	234.0	2310.0
UP00391_1_Hoxa3_primary	72.0	1256.0	188.0	2356.0
UP00391_3_Hoxa3_2783.2	67.0	1261.0	168.0	2376.0
UP00406_1_Spdef_primary	146.0	1182.0	268.0	2276.0
UP00407_1_Elf3_primary	372.0	956.0	845.0	1699.0
UP00408_1_Gabpa_primary	179.0	1149.0	386.0	2158.0
klf4_homer	554.0	774.0	755.0	1789.0
