Ash2l_hand	141.0	139.0	131.0	304.0
E2A-Homer	124.0	156.0	133.0	302.0
IRF8_AICS	155.0	125.0	215.0	220.0
IRF8_IECS_HAND_KANO	145.0	135.0	181.0	254.0
IRF8_ISRE_KANNO	87.0	193.0	133.0	302.0
MA0002.2.RUNX1	106.0	174.0	114.0	321.0
MA0003.2.TFAP2A	166.0	114.0	176.0	259.0
MA0004.1.Arnt	0.0	280.0	0.0	435.0
MA0006.1.Arnt::Ahr	0.0	280.0	0.0	435.0
MA0007.2.AR	105.0	175.0	114.0	321.0
MA0009.1.T	39.0	241.0	52.0	383.0
MA0014.2.PAX5	97.0	183.0	102.0	333.0
MA0017.1.NR2F1	106.0	174.0	103.0	332.0
MA0018.2.CREB1	64.0	216.0	63.0	372.0
MA0019.1.Ddit3::Cebpa	44.0	236.0	54.0	381.0
MA0024.2.E2F1	110.0	170.0	113.0	322.0
MA0025.1.NFIL3	26.0	254.0	37.0	398.0
MA0027.1.En1	59.0	221.0	67.0	368.0
MA0028.1.ELK1	62.0	218.0	59.0	376.0
MA0029.1.Mecom	54.0	226.0	82.0	353.0
MA0030.1.FOXF2	57.0	223.0	90.0	345.0
MA0031.1.FOXD1	36.0	244.0	53.0	382.0
MA0032.1.FOXC1	19.0	261.0	18.0	417.0
MA0033.1.FOXL1	37.0	243.0	52.0	383.0
MA0035.3.Gata1	60.0	220.0	80.0	355.0
MA0036.2.GATA2	49.0	231.0	80.0	355.0
MA0037.2.GATA3	56.0	224.0	74.0	361.0
MA0038.1.Gfi1	53.0	227.0	92.0	343.0
MA0039.2.Klf4	197.0	83.0	239.0	196.0
MA0040.1.Foxq1	40.0	240.0	93.0	342.0
MA0041.1.Foxd3	87.0	193.0	117.0	318.0
MA0042.1.FOXI1	68.0	212.0	120.0	315.0
MA0043.1.HLF	22.0	258.0	27.0	408.0
MA0046.1.HNF1A	40.0	240.0	69.0	366.0
MA0047.2.Foxa2	68.0	212.0	116.0	319.0
MA0048.1.NHLH1	127.0	153.0	108.0	327.0
MA0050.2.IRF1	142.0	138.0	223.0	212.0
MA0051.1.IRF2	53.0	227.0	108.0	327.0
MA0052.2.MEF2A	51.0	229.0	107.0	328.0
MA0056.1.MZF1_1-4	234.0	46.0	268.0	167.0
MA0057.1.MZF1_5-13	151.0	129.0	135.0	300.0
MA0058.2.MAX	69.0	211.0	75.0	360.0
MA0059.1.MYC::MAX	52.0	228.0	50.0	385.0
MA0060.2.NFYA	66.0	214.0	74.0	361.0
MA0062.2.GABPA	88.0	192.0	111.0	324.0
MA0063.1.Nkx2-5	28.0	252.0	53.0	382.0
MA0065.2.PPARG::RXRA	169.0	111.0	197.0	238.0
MA0066.1.PPARG	82.0	198.0	82.0	353.0
MA0067.1.Pax2	41.0	239.0	34.0	401.0
MA0068.1.Pax4	97.0	183.0	131.0	304.0
MA0069.1.Pax6	31.0	249.0	40.0	395.0
MA0070.1.PBX1	25.0	255.0	55.0	380.0
MA0071.1.RORA_1	66.0	214.0	71.0	364.0
MA0072.1.RORA_2	49.0	231.0	62.0	373.0
MA0073.1.RREB1	175.0	105.0	209.0	226.0
MA0074.1.RXRA::VDR	68.0	212.0	66.0	369.0
MA0075.1.Prrx2	0.0	280.0	0.0	435.0
MA0076.2.ELK4	115.0	165.0	132.0	303.0
MA0077.1.SOX9	59.0	221.0	66.0	369.0
MA0078.1.Sox17	55.0	225.0	71.0	364.0
MA0079.3.SP1	228.0	52.0	288.0	147.0
MA0080.3.Spi1	186.0	94.0	255.0	180.0
MA0081.1.SPIB	113.0	167.0	149.0	286.0
MA0083.2.SRF	63.0	217.0	77.0	358.0
MA0084.1.SRY	56.0	224.0	105.0	330.0
MA0087.1.Sox5	57.0	223.0	93.0	342.0
MA0088.1.znf143	132.0	148.0	144.0	291.0
MA0089.1.NFE2L1::MafG	88.0	192.0	131.0	304.0
MA0090.1.TEAD1	104.0	176.0	121.0	314.0
MA0091.1.TAL1::TCF3	52.0	228.0	70.0	365.0
MA0092.1.Hand1::Tcfe2a	97.0	183.0	104.0	331.0
MA0093.2.USF1	77.0	203.0	80.0	355.0
MA0095.2.YY1	71.0	209.0	115.0	320.0
MA0098.2.Ets1	195.0	85.0	248.0	187.0
MA0099.2.JUN::FOS	87.0	193.0	123.0	312.0
MA0100.2.Myb	81.0	199.0	96.0	339.0
MA0101.1.REL	193.0	87.0	113.0	322.0
MA0102.3.CEBPA	39.0	241.0	76.0	359.0
MA0103.2.ZEB1	98.0	182.0	91.0	344.0
MA0104.3.Mycn	65.0	215.0	56.0	379.0
MA0105.3.NFKB1	209.0	71.0	147.0	288.0
MA0106.2.TP53	51.0	229.0	53.0	382.0
MA0107.1.RELA	210.0	70.0	108.0	327.0
MA0108.2.TBP	35.0	245.0	51.0	384.0
MA0109.1.Hltf	36.0	244.0	42.0	393.0
MA0111.1.Spz1	76.0	204.0	104.0	331.0
MA0112.2.ESR1	128.0	152.0	125.0	310.0
MA0113.2.NR3C1	92.0	188.0	94.0	341.0
MA0114.2.HNF4A	134.0	146.0	140.0	295.0
MA0115.1.NR1H2::RXRA	72.0	208.0	78.0	357.0
MA0116.1.Zfp423	108.0	172.0	91.0	344.0
MA0117.1.Mafb	57.0	223.0	79.0	356.0
MA0119.1.TLX1::NFIC	86.0	194.0	85.0	350.0
MA0122.1.Nkx3-2	56.0	224.0	55.0	380.0
MA0124.1.NKX3-1	45.0	235.0	51.0	384.0
MA0125.1.Nobox	23.0	257.0	39.0	396.0
MA0130.1.ZNF354C	0.0	280.0	0.0	435.0
MA0131.1.HINFP	18.0	262.0	19.0	416.0
MA0132.1.Pdx1	0.0	280.0	0.0	435.0
MA0133.1.BRCA1	31.0	249.0	32.0	403.0
MA0135.1.Lhx3	33.0	247.0	67.0	368.0
MA0136.1.ELF5	109.0	171.0	159.0	276.0
MA0137.3.STAT1	106.0	174.0	141.0	294.0
MA0138.2.REST	114.0	166.0	125.0	310.0
MA0139.1.CTCF	155.0	125.0	147.0	288.0
MA0140.2.TAL1::GATA1	43.0	237.0	66.0	369.0
MA0141.2.Esrrb	102.0	178.0	110.0	325.0
MA0142.1.Pou5f1::Sox2	64.0	216.0	88.0	347.0
MA0143.3.Sox2	80.0	200.0	123.0	312.0
MA0144.2.STAT3	140.0	140.0	162.0	273.0
MA0145.2.Tcfcp2l1	128.0	152.0	113.0	322.0
MA0146.2.Zfx	178.0	102.0	184.0	251.0
MA0147.2.Myc	70.0	210.0	70.0	365.0
MA0148.3.FOXA1	73.0	207.0	124.0	311.0
MA0149.1.EWSR1-FLI1	217.0	63.0	274.0	161.0
MA0150.2.Nfe2l2	86.0	194.0	130.0	305.0
MA0151.1.ARID3A	49.0	231.0	85.0	350.0
MA0152.1.NFATC2	78.0	202.0	118.0	317.0
MA0153.1.HNF1B	29.0	251.0	52.0	383.0
MA0154.2.EBF1	168.0	112.0	164.0	271.0
MA0155.1.INSM1	158.0	122.0	164.0	271.0
MA0156.1.FEV	120.0	160.0	172.0	263.0
MA0157.1.FOXO3	67.0	213.0	110.0	325.0
MA0158.1.HOXA5	32.0	248.0	58.0	377.0
MA0159.1.RXR::RAR_DR5	91.0	189.0	94.0	341.0
MA0160.1.NR4A2	77.0	203.0	88.0	347.0
MA0161.1.NFIC	0.0	280.0	0.0	435.0
MA0162.2.EGR1	209.0	71.0	248.0	187.0
MA0163.1.PLAG1	184.0	96.0	207.0	228.0
MA0164.1.Nr2e3	25.0	255.0	34.0	401.0
MA0258.2.ESR2	114.0	166.0	109.0	326.0
MA0259.1.HIF1A::ARNT	23.0	257.0	24.0	411.0
MA0442.1.SOX10	154.0	126.0	206.0	229.0
MA0461.1.Atoh1	128.0	152.0	162.0	273.0
MA0462.1.BATF::JUN	86.0	194.0	126.0	309.0
MA0463.1.Bcl6	125.0	155.0	129.0	306.0
MA0464.1.Bhlhe40	62.0	218.0	73.0	362.0
MA0465.1.CDX2	45.0	235.0	79.0	356.0
MA0466.1.CEBPB	40.0	240.0	63.0	372.0
MA0467.1.Crx	65.0	215.0	57.0	378.0
MA0468.1.DUX4	55.0	225.0	74.0	361.0
MA0469.1.E2F3	165.0	115.0	172.0	263.0
MA0470.1.E2F4	120.0	160.0	138.0	297.0
MA0471.1.E2F6	181.0	99.0	202.0	233.0
MA0472.1.EGR2	183.0	97.0	209.0	226.0
MA0473.1.ELF1	163.0	117.0	215.0	220.0
MA0474.1.Erg	203.0	77.0	258.0	177.0
MA0475.1.FLI1	164.0	116.0	228.0	207.0
MA0476.1.FOS	94.0	186.0	140.0	295.0
MA0477.1.FOSL1	84.0	196.0	137.0	298.0
MA0478.1.FOSL2	102.0	178.0	158.0	277.0
MA0479.1.FOXH1	57.0	223.0	90.0	345.0
MA0480.1.Foxo1	94.0	186.0	147.0	288.0
MA0481.1.FOXP1	125.0	155.0	181.0	254.0
MA0482.1.Gata4	53.0	227.0	77.0	358.0
MA0483.1.Gfi1b	87.0	193.0	123.0	312.0
MA0484.1.HNF4G	132.0	148.0	139.0	296.0
MA0485.1.Hoxc9	34.0	246.0	64.0	371.0
MA0486.1.HSF1	114.0	166.0	116.0	319.0
MA0488.1.JUN	86.0	194.0	111.0	324.0
MA0489.1.JUN.var.2	90.0	190.0	148.0	287.0
MA0490.1.JUNB	94.0	186.0	152.0	283.0
MA0491.1.JUND	88.0	192.0	145.0	290.0
MA0492.1.JUND.var.2	77.0	203.0	103.0	332.0
MA0493.1.Klf1	162.0	118.0	188.0	247.0
MA0494.1.Nr1h3::Rxra	79.0	201.0	82.0	353.0
MA0495.1.MAFF	61.0	219.0	85.0	350.0
MA0496.1.MAFK	67.0	213.0	86.0	349.0
MA0497.1.MEF2C	74.0	206.0	128.0	307.0
MA0498.1.Meis1	103.0	177.0	109.0	326.0
MA0499.1.Myod1	138.0	142.0	166.0	269.0
MA0500.1.Myog	140.0	140.0	159.0	276.0
MA0501.1.NFE2::MAF	72.0	208.0	122.0	313.0
MA0502.1.NFYB	50.0	230.0	71.0	364.0
MA0503.1.Nkx2-5.var.2	86.0	194.0	92.0	343.0
MA0504.1.NR2C2	171.0	109.0	176.0	259.0
MA0505.1.Nr5a2	123.0	157.0	124.0	311.0
MA0506.1.NRF1	91.0	189.0	110.0	325.0
MA0507.1.POU2F2	51.0	229.0	90.0	345.0
MA0508.1.PRDM1	146.0	134.0	199.0	236.0
MA0509.1.Rfx1	74.0	206.0	83.0	352.0
MA0510.1.RFX5	124.0	156.0	112.0	323.0
MA0511.1.RUNX2	122.0	158.0	132.0	303.0
MA0512.1.Rxra	123.0	157.0	137.0	298.0
MA0513.1.SMAD2::SMAD3::SMAD4	133.0	147.0	149.0	286.0
MA0514.1.Sox3	126.0	154.0	191.0	244.0
MA0515.1.Sox6	91.0	189.0	136.0	299.0
MA0516.1.SP2	220.0	60.0	284.0	151.0
MA0517.1.STAT2::STAT1	114.0	166.0	173.0	262.0
MA0518.1.Stat4	110.0	170.0	137.0	298.0
MA0519.1.Stat5a::Stat5b	111.0	169.0	142.0	293.0
MA0520.1.Stat6	85.0	195.0	101.0	334.0
MA0521.1.Tcf12	138.0	142.0	159.0	276.0
MA0522.1.Tcf3	156.0	124.0	181.0	254.0
MA0523.1.TCF7L2	88.0	192.0	112.0	323.0
MA0524.1.TFAP2C	183.0	97.0	182.0	253.0
MA0525.1.TP63	88.0	192.0	94.0	341.0
MA0526.1.USF2	84.0	196.0	82.0	353.0
MA0527.1.ZBTB33	65.0	215.0	57.0	378.0
MA0528.1.ZNF263	245.0	35.0	337.0	98.0
MA0591.1.Bach1::Mafk	94.0	186.0	132.0	303.0
MA0592.1.ESRRA	107.0	173.0	107.0	328.0
MA0593.1.FOXP2	83.0	197.0	130.0	305.0
MA0594.1.Hoxa9	34.0	246.0	54.0	381.0
MA0595.1.SREBF1	61.0	219.0	88.0	347.0
MA0596.1.SREBF2	78.0	202.0	85.0	350.0
MA0597.1.THAP1	111.0	169.0	118.0	317.0
MA0598.1.EHF	205.0	75.0	262.0	173.0
MA0599.1.KLF5	213.0	67.0	264.0	171.0
MA0600.1.RFX2	74.0	206.0	84.0	351.0
UP00000_1_Smad3_primary	91.0	189.0	99.0	336.0
UP00001_1_E2F2_primary	49.0	231.0	56.0	379.0
UP00002_1_Sp4_primary	173.0	107.0	198.0	237.0
UP00003_1_E2F3_primary	45.0	235.0	51.0	384.0
UP00004_1_Sox14_primary	24.0	256.0	44.0	391.0
UP00005_1_Tcfap2a_primary	109.0	171.0	90.0	345.0
UP00006_1_Zic3_primary	126.0	154.0	98.0	337.0
UP00007_1_Egr1_primary	160.0	120.0	164.0	271.0
UP00008_1_Six6_primary	28.0	252.0	24.0	411.0
UP00008_3_Six6_2267.4	29.0	251.0	29.0	406.0
UP00008_4	22.0	258.0	30.0	405.0
UP00009_1_Nr2f2_primary	74.0	206.0	80.0	355.0
UP00010_1_Tcfap2b_primary	133.0	147.0	123.0	312.0
UP00011_1_Irf6_primary	16.0	264.0	20.0	415.0
UP00012_1_Bbx_primary	38.0	242.0	61.0	374.0
UP00014_1_Sox17_primary	39.0	241.0	73.0	362.0
UP00015_1_Ehf_primary	70.0	210.0	88.0	347.0
UP00016_1_Sry_primary	24.0	256.0	34.0	401.0
UP00017_1_Nkx3-1_primary	41.0	239.0	45.0	390.0
UP00017_3_Nkx3-1_2923.2	41.0	239.0	48.0	387.0
UP00018_1_Irf4_primary	26.0	254.0	29.0	406.0
UP00019_1_Zbtb12_primary	46.0	234.0	56.0	379.0
UP00020_1_Atf1_primary	39.0	241.0	56.0	379.0
UP00021_1_Zfp281_primary	199.0	81.0	253.0	182.0
UP00022_1_Zfp740_primary	159.0	121.0	166.0	269.0
UP00023_1_Sox30_primary	50.0	230.0	83.0	352.0
UP00024_1_Glis2_primary	94.0	186.0	62.0	373.0
UP00025_1_Foxk1_primary	64.0	216.0	107.0	328.0
UP00026_1_Zscan4_primary	49.0	231.0	58.0	377.0
UP00027_1_Osr1_primary	42.0	238.0	63.0	372.0
UP00028_1_Tcfap2e_primary	122.0	158.0	95.0	340.0
UP00029_1_Tbp_primary	38.0	242.0	78.0	357.0
UP00030_1_Sox11_primary	90.0	190.0	149.0	286.0
UP00031_1_Zbtb3_primary	98.0	182.0	115.0	320.0
UP00032_1_Gata3_primary	56.0	224.0	86.0	349.0
UP00033_1_Zfp410_primary	62.0	218.0	93.0	342.0
UP00034_1_Sox7_primary	53.0	227.0	101.0	334.0
UP00035_1_Hic1_primary	63.0	217.0	66.0	369.0
UP00036_1_Myf6_primary	84.0	196.0	102.0	333.0
UP00037_1_Zfp105_primary	108.0	172.0	164.0	271.0
UP00039_1_Foxj3_primary	62.0	218.0	111.0	324.0
UP00040_1_Irf5_primary	15.0	265.0	31.0	404.0
UP00041_1_Foxj1_primary	67.0	213.0	94.0	341.0
UP00042_1_Gm397_primary	44.0	236.0	48.0	387.0
UP00043_1_Bcl6b_primary	58.0	222.0	81.0	354.0
UP00044_1_Mafk_primary	56.0	224.0	69.0	366.0
UP00045_1_Mafb_primary	50.0	230.0	63.0	372.0
UP00046_1_Tcfe2a_primary	80.0	200.0	95.0	340.0
UP00047_1_Zbtb7b_primary	79.0	201.0	77.0	358.0
UP00048_1_Rara_primary	79.0	201.0	89.0	346.0
UP00049_1_Sp100_primary	26.0	254.0	27.0	408.0
UP00050_1_Bhlhb2_primary	31.0	249.0	33.0	402.0
UP00051_1_Sox8_primary	45.0	235.0	74.0	361.0
UP00052_1_Osr2_primary	40.0	240.0	55.0	380.0
UP00053_1_Rxra_primary	91.0	189.0	84.0	351.0
UP00054_1_Tcf7_primary	72.0	208.0	110.0	325.0
UP00055_1_Hbp1_primary	52.0	228.0	90.0	345.0
UP00056_1_Rfx4_primary	35.0	245.0	52.0	383.0
UP00057_1_Zic2_primary	128.0	152.0	93.0	342.0
UP00058_1_Tcf3_primary	60.0	220.0	102.0	333.0
UP00059_1_Arid5a_primary	27.0	253.0	47.0	388.0
UP00060_1_Max_primary	49.0	231.0	53.0	382.0
UP00061_1_Foxl1_primary	69.0	211.0	117.0	318.0
UP00062_1_Sox4_primary	89.0	191.0	144.0	291.0
UP00064_1_Sox18_primary	58.0	222.0	84.0	351.0
UP00065_1_Zfp161_primary	53.0	227.0	63.0	372.0
UP00066_1_Hnf4a_primary	91.0	189.0	78.0	357.0
UP00067_1_Lef1_primary	67.0	213.0	93.0	342.0
UP00068_1_Eomes_primary	53.0	227.0	56.0	379.0
UP00069_1_Sox1_primary	38.0	242.0	66.0	369.0
UP00070_1_Gcm1_primary	53.0	227.0	30.0	405.0
UP00071_1_Sox21_primary	26.0	254.0	51.0	384.0
UP00072_1_IRC900814_primary	6.0	274.0	23.0	412.0
UP00073_1_Foxa2_primary	75.0	205.0	102.0	333.0
UP00074_1_Isgf3g_primary	49.0	231.0	65.0	370.0
UP00075_1_Sox15_primary	49.0	231.0	92.0	343.0
UP00076_1_Rfxdc2_primary	45.0	235.0	52.0	383.0
UP00077_1_Srf_primary	43.0	237.0	41.0	394.0
UP00078_1_Arid3a_primary	36.0	244.0	58.0	377.0
UP00079_1_Esrra_primary	72.0	208.0	77.0	358.0
UP00080_1_Gata5_primary	39.0	241.0	66.0	369.0
UP00081_1_Mybl1_primary	11.0	269.0	6.0	429.0
UP00082_1_Zfp187_primary	21.0	259.0	45.0	390.0
UP00083_1_Tcf7l2_primary	62.0	218.0	101.0	334.0
UP00084_1_Gmeb1_primary	13.0	267.0	13.0	422.0
UP00085_1_Sfpi1_primary	112.0	168.0	138.0	297.0
UP00086_1_Irf3_primary	83.0	197.0	108.0	327.0
UP00087_1_Tcfap2c_primary	117.0	163.0	93.0	342.0
UP00088_1_Plagl1_primary	120.0	160.0	88.0	347.0
UP00089_1_Tcf1_primary	21.0	259.0	18.0	417.0
UP00089_3_Tcf1_2666.2	21.0	259.0	16.0	419.0
UP00091_1_Sox5_primary	50.0	230.0	88.0	347.0
UP00092_1_Myb_primary	12.0	268.0	10.0	425.0
UP00093_1_Klf7_primary	190.0	90.0	221.0	214.0
UP00094_1_Zfp128_primary	15.0	265.0	17.0	418.0
UP00095_1_Zfp691_primary	82.0	198.0	75.0	360.0
UP00096_1_Sox13_primary	45.0	235.0	80.0	355.0
UP00097_1_Mtf1_primary	53.0	227.0	38.0	397.0
UP00098_1_Rfx3_primary	33.0	247.0	49.0	386.0
UP00099_1_Ascl2_primary	120.0	160.0	131.0	304.0
UP00100_1_Gata6_primary	43.0	237.0	71.0	364.0
UP00101_1_Sox12_primary	61.0	219.0	93.0	342.0
UP00102_1_Zic1_primary	131.0	149.0	107.0	328.0
UP00103_1_Jundm2_primary	41.0	239.0	59.0	376.0
UP00104_1_Hmx1_3423.1	28.0	252.0	48.0	387.0
UP00105_1_Pou3f4_3773.1	25.0	255.0	53.0	382.0
UP00106_1_Vax2_3500.1	10.0	270.0	24.0	411.0
UP00107_1_Nkx2-4_3074.1	48.0	232.0	65.0	370.0
UP00108_1_Alx3_3418.2	21.0	259.0	32.0	403.0
UP00109_1_Obox6_3440.2	23.0	257.0	46.0	389.0
UP00110_1_Dlx4_3488.2	22.0	258.0	41.0	394.0
UP00111_1_Dmbx1_2277.1	29.0	251.0	39.0	396.0
UP00112_1_Gsc_2327.3	31.0	249.0	37.0	398.0
UP00113_1_Hoxc4_3491.1	21.0	259.0	34.0	401.0
UP00114_1_Homez_1063.2	21.0	259.0	27.0	408.0
UP00115_1_Lhx2_0953.2	15.0	265.0	31.0	404.0
UP00116_1_Rhox6_4251.1	17.0	263.0	33.0	402.0
UP00117_1_Hoxd11_3873.1	18.0	262.0	31.0	404.0
UP00118_1_Pou4f3_2791.1	35.0	245.0	47.0	388.0
UP00119_1_Nkx2-9_3082.1	29.0	251.0	41.0	394.0
UP00120_1_Lbx2_3869.2	9.0	271.0	28.0	407.0
UP00121_1_Hoxd10_2368.2	63.0	217.0	87.0	348.0
UP00122_1_Tgif1_2342.2	68.0	212.0	80.0	355.0
UP00123_1_Hlxb9_3422.1	17.0	263.0	28.0	407.0
UP00124_1_Ipf1_3815.1	19.0	261.0	38.0	397.0
UP00125_1_Pitx2_2274.3	31.0	249.0	51.0	384.0
UP00126_1_Dlx2_2273.2	27.0	253.0	47.0	388.0
UP00127_1_Gsh2_3990.2	17.0	263.0	32.0	403.0
UP00128_1_Pou3f2_2824.1	17.0	263.0	40.0	395.0
UP00129_1_Pou3f1_3819.1	20.0	260.0	45.0	390.0
UP00130_1_Lhx3_3431.1	26.0	254.0	37.0	398.0
UP00131_1_Gbx2_3110.1	12.0	268.0	23.0	412.0
UP00132_1_Evx2_2645.3	15.0	265.0	24.0	411.0
UP00133_1_Cdx2_4272.1	47.0	233.0	64.0	371.0
UP00134_1_Hoxb13_3479.1	50.0	230.0	65.0	370.0
UP00135_1_Hoxc12_3480.1	12.0	268.0	32.0	403.0
UP00136_1_Prrx2_3072.1	17.0	263.0	26.0	409.0
UP00137_1_Hoxb3_1720.2	22.0	258.0	41.0	394.0
UP00138_1_Bsx_3483.2	26.0	254.0	45.0	390.0
UP00139_1_Nkx1-2_3214.1	16.0	264.0	28.0	407.0
UP00140_1_Hoxd1_3448.1	16.0	264.0	29.0	406.0
UP00141_1_Vsx1_1728.1	18.0	262.0	32.0	403.0
UP00142_1_Uncx4.1_2281.2	19.0	261.0	27.0	408.0
UP00143_1_Dobox5_3493.1	35.0	245.0	48.0	387.0
UP00144_1_Hoxb4_2627.1	17.0	263.0	31.0	404.0
UP00145_1_Barhl2_3868.1	33.0	247.0	68.0	367.0
UP00146_1_Pou6f1_1731.2	30.0	250.0	45.0	390.0
UP00147_1_Nkx2-6_3437.1	38.0	242.0	58.0	377.0
UP00148_1_Hdx_3845.3	55.0	225.0	77.0	358.0
UP00149_1_Phox2b_3948.1	17.0	263.0	30.0	405.0
UP00150_1_Irx6_2623.2	32.0	248.0	39.0	396.0
UP00151_1_Barx2_3447.2	23.0	257.0	39.0	396.0
UP00152_1_Arx_1738.2	13.0	267.0	32.0	403.0
UP00153_1_Pitx1_2312.1	62.0	218.0	52.0	383.0
UP00154_1_Dlx3_1030.1	25.0	255.0	34.0	401.0
UP00155_1_Hmx2_3424.3	35.0	245.0	45.0	390.0
UP00156_1_Msx2_3449.1	21.0	259.0	38.0	397.0
UP00157_1_Hmx3_3490.2	30.0	250.0	46.0	389.0
UP00158_1_Pou1f1_3818.1	27.0	253.0	47.0	388.0
UP00159_1_Six2_2307.2	34.0	246.0	31.0	404.0
UP00160_1_Obox3_3439.1	44.0	236.0	52.0	383.0
UP00161_1_Hmbox1_2674.1	29.0	251.0	44.0	391.0
UP00162_1_Evx1_3952.2	14.0	266.0	25.0	410.0
UP00163_1_En2_0952.1	10.0	270.0	26.0	409.0
UP00164_1_Hoxa7_2668.2	17.0	263.0	41.0	394.0
UP00165_1_Titf1_1722.2	45.0	235.0	68.0	367.0
UP00166_1_Barhl1_2590.2	26.0	254.0	53.0	382.0
UP00167_1_En1_3123.2	18.0	262.0	42.0	393.0
UP00168_1_Hoxd8_2644.1	34.0	246.0	63.0	372.0
UP00169_1_Lmx1b_3433.2	25.0	255.0	40.0	395.0
UP00170_1_Isl2_3430.1	37.0	243.0	53.0	382.0
UP00171_1_Msx3_3206.1	27.0	253.0	48.0	387.0
UP00172_1_Prop1_3949.1	22.0	258.0	35.0	400.0
UP00173_1_Hoxc13_3127.1	22.0	258.0	48.0	387.0
UP00174_1_Hoxa2_3079.1	15.0	265.0	35.0	400.0
UP00175_1_Lhx9_3492.1	21.0	259.0	31.0	404.0
UP00176_1_Crx_3485.1	40.0	240.0	32.0	403.0
UP00177_1_Hoxd12_3481.1	11.0	269.0	29.0	406.0
UP00178_1_Og2x_3719.1	10.0	270.0	26.0	409.0
UP00179_1_Pou2f3_3986.2	45.0	235.0	65.0	370.0
UP00180_1_Hoxd13_2356.1	56.0	224.0	68.0	367.0
UP00181_1_Barx1_2877.1	21.0	259.0	39.0	396.0
UP00182_1_Hoxa6_1040.1	20.0	260.0	42.0	393.0
UP00183_1_Hoxa13_3126.1	22.0	258.0	36.0	399.0
UP00184_1_Lhx8_2247.2	28.0	252.0	36.0	399.0
UP00185_1_Pbx1_3203.1	37.0	243.0	47.0	388.0
UP00186_1_Meis1_2335.1	42.0	238.0	88.0	347.0
UP00187_1_Alx4_1744.1	16.0	264.0	28.0	407.0
UP00188_1_Lmx1a_2238.2	35.0	245.0	46.0	389.0
UP00189_1_Hoxa5_3415.1	17.0	263.0	37.0	398.0
UP00190_1_Nkx2-3_3435.1	24.0	256.0	34.0	401.0
UP00191_1_Pou2f2_3748.1	50.0	230.0	63.0	372.0
UP00192_1_Six1_0935.2	29.0	251.0	28.0	407.0
UP00193_1_Rhox11_1765.2	28.0	252.0	46.0	389.0
UP00194_1_Irx4_2242.3	30.0	250.0	46.0	389.0
UP00195_1_Six3_1732.2	25.0	255.0	29.0	406.0
UP00196_1_Hoxa4_3426.1	19.0	261.0	40.0	395.0
UP00197_1_Hoxc9_2367.2	36.0	244.0	60.0	375.0
UP00198_1_Cphx_3484.1	41.0	239.0	59.0	376.0
UP00199_1_Six4_2860.1	47.0	233.0	49.0	386.0
UP00200_1_Nkx6-1_2825.1	26.0	254.0	56.0	379.0
UP00201_1_Emx2_3420.1	10.0	270.0	24.0	411.0
UP00202_1_Dlx1_1741.2	20.0	260.0	31.0	404.0
UP00203_1_Pknox1_2364.2	62.0	218.0	77.0	358.0
UP00204_1_Gbx1_2883.2	19.0	261.0	21.0	414.0
UP00205_1_Pknox2_3077.2	68.0	212.0	76.0	359.0
UP00206_1_Hoxb7_3953.1	17.0	263.0	39.0	396.0
UP00207_1_Hoxb9_3413.1	52.0	228.0	73.0	362.0
UP00208_1_Obox5_2284.1	42.0	238.0	58.0	377.0
UP00209_1_Cart1_0997.1	15.0	265.0	32.0	403.0
UP00210_1_Mrg2_2302.1	58.0	222.0	77.0	358.0
UP00211_1_Pou3f3_3235.2	34.0	246.0	61.0	374.0
UP00212_1_Lhx5_2279.1	29.0	251.0	36.0	399.0
UP00213_1_Hoxa9_2622.2	56.0	224.0	84.0	351.0
UP00214_1_Hoxb5_3122.2	18.0	262.0	32.0	403.0
UP00215_1_Vax1_3499.1	17.0	263.0	35.0	400.0
UP00216_1_Obox1_3970.2	56.0	224.0	65.0	370.0
UP00217_1_Hoxa10_2318.1	52.0	228.0	81.0	354.0
UP00218_1_Dbx2_3487.1	30.0	250.0	57.0	378.0
UP00219_1_Cutl1_3494.1	26.0	254.0	29.0	406.0
UP00220_1_Nkx1-1_3856.3	21.0	259.0	30.0	405.0
UP00221_1_Phox2a_3947.1	12.0	268.0	29.0	406.0
UP00222_1_Tcf2_0913.2	26.0	254.0	34.0	401.0
UP00223_1_Irx3_0920.1	21.0	259.0	36.0	399.0
UP00224_1_Pax6_3838.3	24.0	256.0	48.0	387.0
UP00225_1_Hlx1_2350.1	27.0	253.0	56.0	379.0
UP00226_1_Mrg1_2246.2	44.0	236.0	84.0	351.0
UP00227_1_Duxl_1286.2	28.0	252.0	48.0	387.0
UP00228_1_Bapx1_2343.1	43.0	237.0	53.0	382.0
UP00229_1_Otx1_2325.1	34.0	246.0	47.0	388.0
UP00230_1_Dlx5_3419.2	22.0	258.0	30.0	405.0
UP00231_1_Nkx2-2_2823.1	42.0	238.0	75.0	360.0
UP00232_1_Dobox4_3956.2	39.0	241.0	52.0	383.0
UP00233_1_Meox1_2310.2	29.0	251.0	43.0	392.0
UP00234_1_Msx1_3031.2	16.0	264.0	39.0	396.0
UP00235_1_Hoxc11_3718.2	24.0	256.0	40.0	395.0
UP00236_1_Irx2_0900.3	29.0	251.0	34.0	401.0
UP00237_1_Otp_3496.1	17.0	263.0	25.0	410.0
UP00238_1_Nkx6-3_3446.1	32.0	248.0	60.0	375.0
UP00239_1_Obox2_3438.2	56.0	224.0	52.0	383.0
UP00240_1_Cdx1_2245.1	38.0	242.0	61.0	374.0
UP00241_1_Hoxd3_1742.2	25.0	255.0	45.0	390.0
UP00242_1_Hoxc8_3429.2	30.0	250.0	35.0	400.0
UP00243_1_Isx_3445.1	9.0	271.0	21.0	414.0
UP00244_1_Tlx2_3498.2	47.0	233.0	92.0	343.0
UP00245_1_Hoxc10_2779.2	22.0	258.0	34.0	401.0
UP00246_1_Hoxa11_2218.1	21.0	259.0	37.0	398.0
UP00247_1_Pax4_3989.2	14.0	266.0	29.0	406.0
UP00248_1_Pax7_3783.1	19.0	261.0	38.0	397.0
UP00249_1_Nkx2-5_3436.1	47.0	233.0	59.0	376.0
UP00250_1_Irx5_2385.1	26.0	254.0	41.0	394.0
UP00251_1_Esx1_3124.2	15.0	265.0	34.0	401.0
UP00252_1_Hoxc5_2630.2	18.0	262.0	41.0	394.0
UP00253_1_Rax_3443.1	9.0	271.0	22.0	413.0
UP00254_1_Pou2f1_3081.2	27.0	253.0	47.0	388.0
UP00255_1_Dbx1_3486.1	47.0	233.0	98.0	337.0
UP00256_1_Lhx6_2272.1	17.0	263.0	27.0	408.0
UP00257_1_Shox2_2641.2	10.0	270.0	27.0	408.0
UP00258_1_Tgif2_3451.1	46.0	234.0	79.0	356.0
UP00259_1_Hoxb6_3428.2	19.0	261.0	44.0	391.0
UP00260_1_Hoxc6_3954.2	17.0	263.0	40.0	395.0
UP00261_1_Lhx4_1719.2	29.0	251.0	33.0	402.0
UP00262_1_Lhx1_2240.2	20.0	260.0	38.0	397.0
UP00263_1_Hoxb8_3780.2	33.0	247.0	50.0	385.0
UP00264_1_Hoxa1_3425.1	21.0	259.0	36.0	399.0
UP00265_1_Pitx3_3497.2	56.0	224.0	42.0	393.0
UP00266_1_Prrx1_3442.1	17.0	263.0	32.0	403.0
UP00267_1_Otx2_3441.1	33.0	247.0	48.0	387.0
UP00391_1_Hoxa3_primary	14.0	266.0	26.0	409.0
UP00391_3_Hoxa3_2783.2	16.0	264.0	29.0	406.0
UP00406_1_Spdef_primary	41.0	239.0	53.0	382.0
UP00407_1_Elf3_primary	101.0	179.0	147.0	288.0
UP00408_1_Gabpa_primary	51.0	229.0	64.0	371.0
klf4_homer	166.0	114.0	189.0	246.0
