Ash2l_hand	1320.0	2436.0	1070.0	3728.0
E2A-Homer	1325.0	2431.0	1369.0	3429.0
IRF8_AICS	1826.0	1930.0	2143.0	2655.0
IRF8_IECS_HAND_KANO	1568.0	2188.0	1807.0	2991.0
IRF8_ISRE_KANNO	1127.0	2629.0	1339.0	3459.0
MA0002.2.RUNX1	1196.0	2560.0	1266.0	3532.0
MA0003.2.TFAP2A	1791.0	1965.0	1498.0	3300.0
MA0004.1.Arnt	0.0	3756.0	0.0	4798.0
MA0006.1.Arnt::Ahr	0.0	3756.0	0.0	4798.0
MA0007.2.AR	941.0	2815.0	1039.0	3759.0
MA0009.1.T	390.0	3366.0	441.0	4357.0
MA0014.2.PAX5	993.0	2763.0	990.0	3808.0
MA0017.1.NR2F1	948.0	2808.0	985.0	3813.0
MA0018.2.CREB1	536.0	3220.0	642.0	4156.0
MA0019.1.Ddit3::Cebpa	404.0	3352.0	484.0	4314.0
MA0024.2.E2F1	1097.0	2659.0	836.0	3962.0
MA0025.1.NFIL3	273.0	3483.0	391.0	4407.0
MA0027.1.En1	552.0	3204.0	570.0	4228.0
MA0028.1.ELK1	724.0	3032.0	594.0	4204.0
MA0029.1.Mecom	547.0	3209.0	747.0	4051.0
MA0030.1.FOXF2	599.0	3157.0	760.0	4038.0
MA0031.1.FOXD1	401.0	3355.0	468.0	4330.0
MA0032.1.FOXC1	140.0	3616.0	187.0	4611.0
MA0033.1.FOXL1	430.0	3326.0	606.0	4192.0
MA0035.3.Gata1	694.0	3062.0	857.0	3941.0
MA0036.2.GATA2	644.0	3112.0	838.0	3960.0
MA0037.2.GATA3	628.0	3128.0	766.0	4032.0
MA0038.1.Gfi1	687.0	3069.0	858.0	3940.0
MA0039.2.Klf4	2252.0	1504.0	2015.0	2783.0
MA0040.1.Foxq1	559.0	3197.0	862.0	3936.0
MA0041.1.Foxd3	1028.0	2728.0	1372.0	3426.0
MA0042.1.FOXI1	864.0	2892.0	1125.0	3673.0
MA0043.1.HLF	246.0	3510.0	322.0	4476.0
MA0046.1.HNF1A	447.0	3309.0	623.0	4175.0
MA0047.2.Foxa2	782.0	2974.0	1045.0	3753.0
MA0048.1.NHLH1	1302.0	2454.0	1174.0	3624.0
MA0050.2.IRF1	1759.0	1997.0	2245.0	2553.0
MA0051.1.IRF2	820.0	2936.0	972.0	3826.0
MA0052.2.MEF2A	818.0	2938.0	1057.0	3741.0
MA0056.1.MZF1_1-4	2802.0	954.0	2709.0	2089.0
MA0057.1.MZF1_5-13	1491.0	2265.0	1267.0	3531.0
MA0058.2.MAX	777.0	2979.0	831.0	3967.0
MA0059.1.MYC::MAX	494.0	3262.0	482.0	4316.0
MA0060.2.NFYA	626.0	3130.0	669.0	4129.0
MA0062.2.GABPA	1117.0	2639.0	982.0	3816.0
MA0063.1.Nkx2-5	370.0	3386.0	530.0	4268.0
MA0065.2.PPARG::RXRA	1800.0	1956.0	1742.0	3056.0
MA0066.1.PPARG	756.0	3000.0	713.0	4085.0
MA0067.1.Pax2	396.0	3360.0	327.0	4471.0
MA0068.1.Pax4	1070.0	2686.0	1276.0	3522.0
MA0069.1.Pax6	306.0	3450.0	385.0	4413.0
MA0070.1.PBX1	335.0	3421.0	536.0	4262.0
MA0071.1.RORA_1	666.0	3090.0	789.0	4009.0
MA0072.1.RORA_2	498.0	3258.0	622.0	4176.0
MA0073.1.RREB1	2059.0	1697.0	1860.0	2938.0
MA0074.1.RXRA::VDR	570.0	3186.0	533.0	4265.0
MA0075.1.Prrx2	0.0	3756.0	0.0	4798.0
MA0076.2.ELK4	1391.0	2365.0	1396.0	3402.0
MA0077.1.SOX9	601.0	3155.0	821.0	3977.0
MA0078.1.Sox17	513.0	3243.0	677.0	4121.0
MA0079.3.SP1	2710.0	1046.0	2589.0	2209.0
MA0080.3.Spi1	2263.0	1493.0	2667.0	2131.0
MA0081.1.SPIB	1338.0	2418.0	1570.0	3228.0
MA0083.2.SRF	656.0	3100.0	789.0	4009.0
MA0084.1.SRY	709.0	3047.0	984.0	3814.0
MA0087.1.Sox5	641.0	3115.0	939.0	3859.0
MA0088.1.znf143	1497.0	2259.0	1409.0	3389.0
MA0089.1.NFE2L1::MafG	1046.0	2710.0	1252.0	3546.0
MA0090.1.TEAD1	1002.0	2754.0	1095.0	3703.0
MA0091.1.TAL1::TCF3	679.0	3077.0	744.0	4054.0
MA0092.1.Hand1::Tcfe2a	932.0	2824.0	1025.0	3773.0
MA0093.2.USF1	772.0	2984.0	822.0	3976.0
MA0095.2.YY1	831.0	2925.0	957.0	3841.0
MA0098.2.Ets1	2381.0	1375.0	2893.0	1905.0
MA0099.2.JUN::FOS	1148.0	2608.0	1622.0	3176.0
MA0100.2.Myb	794.0	2962.0	977.0	3821.0
MA0101.1.REL	2634.0	1122.0	1290.0	3508.0
MA0102.3.CEBPA	479.0	3277.0	725.0	4073.0
MA0103.2.ZEB1	1097.0	2659.0	899.0	3899.0
MA0104.3.Mycn	683.0	3073.0	592.0	4206.0
MA0105.3.NFKB1	2983.0	773.0	1844.0	2954.0
MA0106.2.TP53	551.0	3205.0	587.0	4211.0
MA0107.1.RELA	2869.0	887.0	1290.0	3508.0
MA0108.2.TBP	407.0	3349.0	485.0	4313.0
MA0109.1.Hltf	375.0	3381.0	512.0	4286.0
MA0111.1.Spz1	769.0	2987.0	809.0	3989.0
MA0112.2.ESR1	1372.0	2384.0	1253.0	3545.0
MA0113.2.NR3C1	846.0	2910.0	953.0	3845.0
MA0114.2.HNF4A	1290.0	2466.0	1293.0	3505.0
MA0115.1.NR1H2::RXRA	739.0	3017.0	855.0	3943.0
MA0116.1.Zfp423	1004.0	2752.0	766.0	4032.0
MA0117.1.Mafb	631.0	3125.0	704.0	4094.0
MA0119.1.TLX1::NFIC	1031.0	2725.0	1121.0	3677.0
MA0122.1.Nkx3-2	560.0	3196.0	641.0	4157.0
MA0124.1.NKX3-1	387.0	3369.0	611.0	4187.0
MA0125.1.Nobox	263.0	3493.0	366.0	4432.0
MA0130.1.ZNF354C	0.0	3756.0	0.0	4798.0
MA0131.1.HINFP	202.0	3554.0	133.0	4665.0
MA0132.1.Pdx1	0.0	3756.0	0.0	4798.0
MA0133.1.BRCA1	319.0	3437.0	342.0	4456.0
MA0135.1.Lhx3	421.0	3335.0	636.0	4162.0
MA0136.1.ELF5	1352.0	2404.0	1722.0	3076.0
MA0137.3.STAT1	1197.0	2559.0	1296.0	3502.0
MA0138.2.REST	1287.0	2469.0	1134.0	3664.0
MA0139.1.CTCF	1495.0	2261.0	1323.0	3475.0
MA0140.2.TAL1::GATA1	512.0	3244.0	650.0	4148.0
MA0141.2.Esrrb	1032.0	2724.0	1102.0	3696.0
MA0142.1.Pou5f1::Sox2	660.0	3096.0	1005.0	3793.0
MA0143.3.Sox2	876.0	2880.0	1020.0	3778.0
MA0144.2.STAT3	1476.0	2280.0	1615.0	3183.0
MA0145.2.Tcfcp2l1	1374.0	2382.0	1214.0	3584.0
MA0146.2.Zfx	1947.0	1809.0	1659.0	3139.0
MA0147.2.Myc	781.0	2975.0	750.0	4048.0
MA0148.3.FOXA1	840.0	2916.0	1105.0	3693.0
MA0149.1.EWSR1-FLI1	2472.0	1284.0	2656.0	2142.0
MA0150.2.Nfe2l2	1011.0	2745.0	1337.0	3461.0
MA0151.1.ARID3A	573.0	3183.0	775.0	4023.0
MA0152.1.NFATC2	858.0	2898.0	1088.0	3710.0
MA0153.1.HNF1B	334.0	3422.0	534.0	4264.0
MA0154.2.EBF1	1885.0	1871.0	1605.0	3193.0
MA0155.1.INSM1	1665.0	2091.0	1439.0	3359.0
MA0156.1.FEV	1498.0	2258.0	1894.0	2904.0
MA0157.1.FOXO3	824.0	2932.0	1123.0	3675.0
MA0158.1.HOXA5	362.0	3394.0	497.0	4301.0
MA0159.1.RXR::RAR_DR5	1041.0	2715.0	934.0	3864.0
MA0160.1.NR4A2	762.0	2994.0	851.0	3947.0
MA0161.1.NFIC	0.0	3756.0	0.0	4798.0
MA0162.2.EGR1	2408.0	1348.0	2225.0	2573.0
MA0163.1.PLAG1	1958.0	1798.0	1578.0	3220.0
MA0164.1.Nr2e3	299.0	3457.0	349.0	4449.0
MA0258.2.ESR2	1166.0	2590.0	1113.0	3685.0
MA0259.1.HIF1A::ARNT	247.0	3509.0	209.0	4589.0
MA0442.1.SOX10	1632.0	2124.0	2004.0	2794.0
MA0461.1.Atoh1	1428.0	2328.0	1491.0	3307.0
MA0462.1.BATF::JUN	1048.0	2708.0	1587.0	3211.0
MA0463.1.Bcl6	1321.0	2435.0	1434.0	3364.0
MA0464.1.Bhlhe40	741.0	3015.0	735.0	4063.0
MA0465.1.CDX2	514.0	3242.0	785.0	4013.0
MA0466.1.CEBPB	492.0	3264.0	691.0	4107.0
MA0467.1.Crx	537.0	3219.0	638.0	4160.0
MA0468.1.DUX4	521.0	3235.0	729.0	4069.0
MA0469.1.E2F3	1855.0	1901.0	1552.0	3246.0
MA0470.1.E2F4	1222.0	2534.0	922.0	3876.0
MA0471.1.E2F6	2047.0	1709.0	1903.0	2895.0
MA0472.1.EGR2	2057.0	1699.0	1833.0	2965.0
MA0473.1.ELF1	1933.0	1823.0	2305.0	2493.0
MA0474.1.Erg	2506.0	1250.0	3073.0	1725.0
MA0475.1.FLI1	2217.0	1539.0	2618.0	2180.0
MA0476.1.FOS	1249.0	2507.0	1815.0	2983.0
MA0477.1.FOSL1	1233.0	2523.0	1772.0	3026.0
MA0478.1.FOSL2	1341.0	2415.0	1921.0	2877.0
MA0479.1.FOXH1	577.0	3179.0	870.0	3928.0
MA0480.1.Foxo1	1093.0	2663.0	1436.0	3362.0
MA0481.1.FOXP1	1539.0	2217.0	2041.0	2757.0
MA0482.1.Gata4	658.0	3098.0	813.0	3985.0
MA0483.1.Gfi1b	979.0	2777.0	1168.0	3630.0
MA0484.1.HNF4G	1268.0	2488.0	1297.0	3501.0
MA0485.1.Hoxc9	455.0	3301.0	665.0	4133.0
MA0486.1.HSF1	1144.0	2612.0	1176.0	3622.0
MA0488.1.JUN	850.0	2906.0	1104.0	3694.0
MA0489.1.JUN.var.2	1266.0	2490.0	1846.0	2952.0
MA0490.1.JUNB	1262.0	2494.0	1837.0	2961.0
MA0491.1.JUND	1230.0	2526.0	1797.0	3001.0
MA0492.1.JUND.var.2	719.0	3037.0	958.0	3840.0
MA0493.1.Klf1	1882.0	1874.0	1652.0	3146.0
MA0494.1.Nr1h3::Rxra	839.0	2917.0	851.0	3947.0
MA0495.1.MAFF	712.0	3044.0	1003.0	3795.0
MA0496.1.MAFK	733.0	3023.0	998.0	3800.0
MA0497.1.MEF2C	974.0	2782.0	1317.0	3481.0
MA0498.1.Meis1	996.0	2760.0	1077.0	3721.0
MA0499.1.Myod1	1586.0	2170.0	1604.0	3194.0
MA0500.1.Myog	1577.0	2179.0	1605.0	3193.0
MA0501.1.NFE2::MAF	958.0	2798.0	1295.0	3503.0
MA0502.1.NFYB	557.0	3199.0	605.0	4193.0
MA0503.1.Nkx2-5.var.2	917.0	2839.0	935.0	3863.0
MA0504.1.NR2C2	1720.0	2036.0	1574.0	3224.0
MA0505.1.Nr5a2	1164.0	2592.0	1195.0	3603.0
MA0506.1.NRF1	1025.0	2731.0	755.0	4043.0
MA0507.1.POU2F2	634.0	3122.0	849.0	3949.0
MA0508.1.PRDM1	1667.0	2089.0	1993.0	2805.0
MA0509.1.Rfx1	826.0	2930.0	854.0	3944.0
MA0510.1.RFX5	1225.0	2531.0	1140.0	3658.0
MA0511.1.RUNX2	1212.0	2544.0	1320.0	3478.0
MA0512.1.Rxra	1339.0	2417.0	1442.0	3356.0
MA0513.1.SMAD2::SMAD3::SMAD4	1280.0	2476.0	1320.0	3478.0
MA0514.1.Sox3	1443.0	2313.0	1764.0	3034.0
MA0515.1.Sox6	1106.0	2650.0	1399.0	3399.0
MA0516.1.SP2	2624.0	1132.0	2479.0	2319.0
MA0517.1.STAT2::STAT1	1543.0	2213.0	1833.0	2965.0
MA0518.1.Stat4	1262.0	2494.0	1409.0	3389.0
MA0519.1.Stat5a::Stat5b	1273.0	2483.0	1282.0	3516.0
MA0520.1.Stat6	944.0	2812.0	1119.0	3679.0
MA0521.1.Tcf12	1543.0	2213.0	1603.0	3195.0
MA0522.1.Tcf3	1806.0	1950.0	1860.0	2938.0
MA0523.1.TCF7L2	821.0	2935.0	1009.0	3789.0
MA0524.1.TFAP2C	2008.0	1748.0	1757.0	3041.0
MA0525.1.TP63	853.0	2903.0	852.0	3946.0
MA0526.1.USF2	845.0	2911.0	857.0	3941.0
MA0527.1.ZBTB33	480.0	3276.0	329.0	4469.0
MA0528.1.ZNF263	3004.0	752.0	3349.0	1449.0
MA0591.1.Bach1::Mafk	1148.0	2608.0	1372.0	3426.0
MA0592.1.ESRRA	1089.0	2667.0	1134.0	3664.0
MA0593.1.FOXP2	1060.0	2696.0	1395.0	3403.0
MA0594.1.Hoxa9	438.0	3318.0	601.0	4197.0
MA0595.1.SREBF1	766.0	2990.0	777.0	4021.0
MA0596.1.SREBF2	764.0	2992.0	784.0	4014.0
MA0597.1.THAP1	1190.0	2566.0	1105.0	3693.0
MA0598.1.EHF	2480.0	1276.0	2809.0	1989.0
MA0599.1.KLF5	2541.0	1215.0	2352.0	2446.0
MA0600.1.RFX2	815.0	2941.0	835.0	3963.0
UP00000_1_Smad3_primary	797.0	2959.0	869.0	3929.0
UP00001_1_E2F2_primary	422.0	3334.0	314.0	4484.0
UP00002_1_Sp4_primary	1909.0	1847.0	1570.0	3228.0
UP00003_1_E2F3_primary	436.0	3320.0	307.0	4491.0
UP00004_1_Sox14_primary	333.0	3423.0	505.0	4293.0
UP00005_1_Tcfap2a_primary	1138.0	2618.0	821.0	3977.0
UP00006_1_Zic3_primary	1117.0	2639.0	733.0	4065.0
UP00007_1_Egr1_primary	1626.0	2130.0	1290.0	3508.0
UP00008_1_Six6_primary	241.0	3515.0	335.0	4463.0
UP00008_3_Six6_2267.4	265.0	3491.0	369.0	4429.0
UP00008_4	229.0	3527.0	373.0	4425.0
UP00009_1_Nr2f2_primary	746.0	3010.0	862.0	3936.0
UP00010_1_Tcfap2b_primary	1297.0	2459.0	926.0	3872.0
UP00011_1_Irf6_primary	171.0	3585.0	183.0	4615.0
UP00012_1_Bbx_primary	452.0	3304.0	652.0	4146.0
UP00014_1_Sox17_primary	523.0	3233.0	809.0	3989.0
UP00015_1_Ehf_primary	920.0	2836.0	1039.0	3759.0
UP00016_1_Sry_primary	314.0	3442.0	447.0	4351.0
UP00017_1_Nkx3-1_primary	386.0	3370.0	448.0	4350.0
UP00017_3_Nkx3-1_2923.2	345.0	3411.0	427.0	4371.0
UP00018_1_Irf4_primary	253.0	3503.0	292.0	4506.0
UP00019_1_Zbtb12_primary	423.0	3333.0	501.0	4297.0
UP00020_1_Atf1_primary	377.0	3379.0	483.0	4315.0
UP00021_1_Zfp281_primary	2215.0	1541.0	2021.0	2777.0
UP00022_1_Zfp740_primary	1442.0	2314.0	1187.0	3611.0
UP00023_1_Sox30_primary	591.0	3165.0	887.0	3911.0
UP00024_1_Glis2_primary	779.0	2977.0	530.0	4268.0
UP00025_1_Foxk1_primary	872.0	2884.0	1198.0	3600.0
UP00026_1_Zscan4_primary	506.0	3250.0	536.0	4262.0
UP00027_1_Osr1_primary	439.0	3317.0	543.0	4255.0
UP00028_1_Tcfap2e_primary	1186.0	2570.0	870.0	3928.0
UP00029_1_Tbp_primary	597.0	3159.0	837.0	3961.0
UP00030_1_Sox11_primary	1158.0	2598.0	1513.0	3285.0
UP00031_1_Zbtb3_primary	1125.0	2631.0	1141.0	3657.0
UP00032_1_Gata3_primary	650.0	3106.0	874.0	3924.0
UP00033_1_Zfp410_primary	798.0	2958.0	806.0	3992.0
UP00034_1_Sox7_primary	696.0	3060.0	1096.0	3702.0
UP00035_1_Hic1_primary	742.0	3014.0	702.0	4096.0
UP00036_1_Myf6_primary	1069.0	2687.0	1000.0	3798.0
UP00037_1_Zfp105_primary	1249.0	2507.0	1649.0	3149.0
UP00039_1_Foxj3_primary	780.0	2976.0	996.0	3802.0
UP00040_1_Irf5_primary	226.0	3530.0	261.0	4537.0
UP00041_1_Foxj1_primary	837.0	2919.0	1075.0	3723.0
UP00042_1_Gm397_primary	497.0	3259.0	540.0	4258.0
UP00043_1_Bcl6b_primary	700.0	3056.0	823.0	3975.0
UP00044_1_Mafk_primary	575.0	3181.0	790.0	4008.0
UP00045_1_Mafb_primary	544.0	3212.0	681.0	4117.0
UP00046_1_Tcfe2a_primary	970.0	2786.0	930.0	3868.0
UP00047_1_Zbtb7b_primary	696.0	3060.0	502.0	4296.0
UP00048_1_Rara_primary	817.0	2939.0	961.0	3837.0
UP00049_1_Sp100_primary	215.0	3541.0	203.0	4595.0
UP00050_1_Bhlhb2_primary	323.0	3433.0	336.0	4462.0
UP00051_1_Sox8_primary	602.0	3154.0	912.0	3886.0
UP00052_1_Osr2_primary	401.0	3355.0	461.0	4337.0
UP00053_1_Rxra_primary	893.0	2863.0	922.0	3876.0
UP00054_1_Tcf7_primary	733.0	3023.0	1022.0	3776.0
UP00055_1_Hbp1_primary	623.0	3133.0	877.0	3921.0
UP00056_1_Rfx4_primary	450.0	3306.0	469.0	4329.0
UP00057_1_Zic2_primary	1086.0	2670.0	719.0	4079.0
UP00058_1_Tcf3_primary	664.0	3092.0	916.0	3882.0
UP00059_1_Arid5a_primary	318.0	3438.0	505.0	4293.0
UP00060_1_Max_primary	532.0	3224.0	458.0	4340.0
UP00061_1_Foxl1_primary	839.0	2917.0	1185.0	3613.0
UP00062_1_Sox4_primary	1145.0	2611.0	1501.0	3297.0
UP00064_1_Sox18_primary	634.0	3122.0	939.0	3859.0
UP00065_1_Zfp161_primary	547.0	3209.0	425.0	4373.0
UP00066_1_Hnf4a_primary	916.0	2840.0	872.0	3926.0
UP00067_1_Lef1_primary	675.0	3081.0	838.0	3960.0
UP00068_1_Eomes_primary	592.0	3164.0	559.0	4239.0
UP00069_1_Sox1_primary	457.0	3299.0	675.0	4123.0
UP00070_1_Gcm1_primary	431.0	3325.0	333.0	4465.0
UP00071_1_Sox21_primary	373.0	3383.0	576.0	4222.0
UP00072_1_IRC900814_primary	104.0	3652.0	154.0	4644.0
UP00073_1_Foxa2_primary	809.0	2947.0	1075.0	3723.0
UP00074_1_Isgf3g_primary	586.0	3170.0	707.0	4091.0
UP00075_1_Sox15_primary	609.0	3147.0	879.0	3919.0
UP00076_1_Rfxdc2_primary	460.0	3296.0	472.0	4326.0
UP00077_1_Srf_primary	403.0	3353.0	429.0	4369.0
UP00078_1_Arid3a_primary	488.0	3268.0	659.0	4139.0
UP00079_1_Esrra_primary	672.0	3084.0	779.0	4019.0
UP00080_1_Gata5_primary	508.0	3248.0	700.0	4098.0
UP00081_1_Mybl1_primary	111.0	3645.0	111.0	4687.0
UP00082_1_Zfp187_primary	293.0	3463.0	412.0	4386.0
UP00083_1_Tcf7l2_primary	691.0	3065.0	885.0	3913.0
UP00084_1_Gmeb1_primary	116.0	3640.0	124.0	4674.0
UP00085_1_Sfpi1_primary	1325.0	2431.0	1482.0	3316.0
UP00086_1_Irf3_primary	892.0	2864.0	1027.0	3771.0
UP00087_1_Tcfap2c_primary	1168.0	2588.0	850.0	3948.0
UP00088_1_Plagl1_primary	1105.0	2651.0	606.0	4192.0
UP00089_1_Tcf1_primary	220.0	3536.0	294.0	4504.0
UP00089_3_Tcf1_2666.2	225.0	3531.0	288.0	4510.0
UP00091_1_Sox5_primary	588.0	3168.0	918.0	3880.0
UP00092_1_Myb_primary	115.0	3641.0	119.0	4679.0
UP00093_1_Klf7_primary	2109.0	1647.0	1838.0	2960.0
UP00094_1_Zfp128_primary	113.0	3643.0	117.0	4681.0
UP00095_1_Zfp691_primary	798.0	2958.0	764.0	4034.0
UP00096_1_Sox13_primary	563.0	3193.0	875.0	3923.0
UP00097_1_Mtf1_primary	420.0	3336.0	372.0	4426.0
UP00098_1_Rfx3_primary	431.0	3325.0	487.0	4311.0
UP00099_1_Ascl2_primary	1391.0	2365.0	1358.0	3440.0
UP00100_1_Gata6_primary	477.0	3279.0	676.0	4122.0
UP00101_1_Sox12_primary	701.0	3055.0	1044.0	3754.0
UP00102_1_Zic1_primary	1163.0	2593.0	760.0	4038.0
UP00103_1_Jundm2_primary	423.0	3333.0	507.0	4291.0
UP00104_1_Hmx1_3423.1	332.0	3424.0	414.0	4384.0
UP00105_1_Pou3f4_3773.1	389.0	3367.0	564.0	4234.0
UP00106_1_Vax2_3500.1	247.0	3509.0	303.0	4495.0
UP00107_1_Nkx2-4_3074.1	528.0	3228.0	625.0	4173.0
UP00108_1_Alx3_3418.2	265.0	3491.0	343.0	4455.0
UP00109_1_Obox6_3440.2	277.0	3479.0	363.0	4435.0
UP00110_1_Dlx4_3488.2	245.0	3511.0	359.0	4439.0
UP00111_1_Dmbx1_2277.1	309.0	3447.0	373.0	4425.0
UP00112_1_Gsc_2327.3	311.0	3445.0	377.0	4421.0
UP00113_1_Hoxc4_3491.1	287.0	3469.0	394.0	4404.0
UP00114_1_Homez_1063.2	159.0	3597.0	226.0	4572.0
UP00115_1_Lhx2_0953.2	225.0	3531.0	328.0	4470.0
UP00116_1_Rhox6_4251.1	227.0	3529.0	326.0	4472.0
UP00117_1_Hoxd11_3873.1	216.0	3540.0	312.0	4486.0
UP00118_1_Pou4f3_2791.1	401.0	3355.0	585.0	4213.0
UP00119_1_Nkx2-9_3082.1	289.0	3467.0	396.0	4402.0
UP00120_1_Lbx2_3869.2	211.0	3545.0	279.0	4519.0
UP00121_1_Hoxd10_2368.2	666.0	3090.0	952.0	3846.0
UP00122_1_Tgif1_2342.2	661.0	3095.0	788.0	4010.0
UP00123_1_Hlxb9_3422.1	195.0	3561.0	263.0	4535.0
UP00124_1_Ipf1_3815.1	297.0	3459.0	441.0	4357.0
UP00125_1_Pitx2_2274.3	374.0	3382.0	532.0	4266.0
UP00126_1_Dlx2_2273.2	294.0	3462.0	421.0	4377.0
UP00127_1_Gsh2_3990.2	256.0	3500.0	371.0	4427.0
UP00128_1_Pou3f2_2824.1	300.0	3456.0	416.0	4382.0
UP00129_1_Pou3f1_3819.1	371.0	3385.0	516.0	4282.0
UP00130_1_Lhx3_3431.1	359.0	3397.0	478.0	4320.0
UP00131_1_Gbx2_3110.1	186.0	3570.0	234.0	4564.0
UP00132_1_Evx2_2645.3	210.0	3546.0	263.0	4535.0
UP00133_1_Cdx2_4272.1	452.0	3304.0	634.0	4164.0
UP00134_1_Hoxb13_3479.1	532.0	3224.0	758.0	4040.0
UP00135_1_Hoxc12_3480.1	218.0	3538.0	294.0	4504.0
UP00136_1_Prrx2_3072.1	206.0	3550.0	283.0	4515.0
UP00137_1_Hoxb3_1720.2	318.0	3438.0	461.0	4337.0
UP00138_1_Bsx_3483.2	295.0	3461.0	423.0	4375.0
UP00139_1_Nkx1-2_3214.1	263.0	3493.0	338.0	4460.0
UP00140_1_Hoxd1_3448.1	242.0	3514.0	335.0	4463.0
UP00141_1_Vsx1_1728.1	283.0	3473.0	363.0	4435.0
UP00142_1_Uncx4.1_2281.2	250.0	3506.0	317.0	4481.0
UP00143_1_Dobox5_3493.1	399.0	3357.0	504.0	4294.0
UP00144_1_Hoxb4_2627.1	290.0	3466.0	363.0	4435.0
UP00145_1_Barhl2_3868.1	446.0	3310.0	671.0	4127.0
UP00146_1_Pou6f1_1731.2	401.0	3355.0	551.0	4247.0
UP00147_1_Nkx2-6_3437.1	454.0	3302.0	582.0	4216.0
UP00148_1_Hdx_3845.3	585.0	3171.0	761.0	4037.0
UP00149_1_Phox2b_3948.1	257.0	3499.0	345.0	4453.0
UP00150_1_Irx6_2623.2	338.0	3418.0	472.0	4326.0
UP00151_1_Barx2_3447.2	273.0	3483.0	361.0	4437.0
UP00152_1_Arx_1738.2	238.0	3518.0	292.0	4506.0
UP00153_1_Pitx1_2312.1	506.0	3250.0	575.0	4223.0
UP00154_1_Dlx3_1030.1	249.0	3507.0	373.0	4425.0
UP00155_1_Hmx2_3424.3	374.0	3382.0	480.0	4318.0
UP00156_1_Msx2_3449.1	268.0	3488.0	361.0	4437.0
UP00157_1_Hmx3_3490.2	369.0	3387.0	486.0	4312.0
UP00158_1_Pou1f1_3818.1	394.0	3362.0	550.0	4248.0
UP00159_1_Six2_2307.2	285.0	3471.0	362.0	4436.0
UP00160_1_Obox3_3439.1	418.0	3338.0	473.0	4325.0
UP00161_1_Hmbox1_2674.1	292.0	3464.0	370.0	4428.0
UP00162_1_Evx1_3952.2	228.0	3528.0	291.0	4507.0
UP00163_1_En2_0952.1	206.0	3550.0	275.0	4523.0
UP00164_1_Hoxa7_2668.2	313.0	3443.0	439.0	4359.0
UP00165_1_Titf1_1722.2	545.0	3211.0	639.0	4159.0
UP00166_1_Barhl1_2590.2	357.0	3399.0	544.0	4254.0
UP00167_1_En1_3123.2	273.0	3483.0	384.0	4414.0
UP00168_1_Hoxd8_2644.1	470.0	3286.0	669.0	4129.0
UP00169_1_Lmx1b_3433.2	388.0	3368.0	504.0	4294.0
UP00170_1_Isl2_3430.1	431.0	3325.0	565.0	4233.0
UP00171_1_Msx3_3206.1	370.0	3386.0	518.0	4280.0
UP00172_1_Prop1_3949.1	302.0	3454.0	369.0	4429.0
UP00173_1_Hoxc13_3127.1	345.0	3411.0	505.0	4293.0
UP00174_1_Hoxa2_3079.1	278.0	3478.0	415.0	4383.0
UP00175_1_Lhx9_3492.1	277.0	3479.0	358.0	4440.0
UP00176_1_Crx_3485.1	329.0	3427.0	312.0	4486.0
UP00177_1_Hoxd12_3481.1	190.0	3566.0	279.0	4519.0
UP00178_1_Og2x_3719.1	222.0	3534.0	308.0	4490.0
UP00179_1_Pou2f3_3986.2	471.0	3285.0	685.0	4113.0
UP00180_1_Hoxd13_2356.1	663.0	3093.0	866.0	3932.0
UP00181_1_Barx1_2877.1	253.0	3503.0	358.0	4440.0
UP00182_1_Hoxa6_1040.1	288.0	3468.0	393.0	4405.0
UP00183_1_Hoxa13_3126.1	296.0	3460.0	415.0	4383.0
UP00184_1_Lhx8_2247.2	255.0	3501.0	305.0	4493.0
UP00185_1_Pbx1_3203.1	394.0	3362.0	598.0	4200.0
UP00186_1_Meis1_2335.1	519.0	3237.0	661.0	4137.0
UP00187_1_Alx4_1744.1	230.0	3526.0	275.0	4523.0
UP00188_1_Lmx1a_2238.2	456.0	3300.0	587.0	4211.0
UP00189_1_Hoxa5_3415.1	300.0	3456.0	410.0	4388.0
UP00190_1_Nkx2-3_3435.1	293.0	3463.0	350.0	4448.0
UP00191_1_Pou2f2_3748.1	491.0	3265.0	698.0	4100.0
UP00192_1_Six1_0935.2	254.0	3502.0	348.0	4450.0
UP00193_1_Rhox11_1765.2	361.0	3395.0	426.0	4372.0
UP00194_1_Irx4_2242.3	328.0	3428.0	455.0	4343.0
UP00195_1_Six3_1732.2	274.0	3482.0	363.0	4435.0
UP00196_1_Hoxa4_3426.1	313.0	3443.0	438.0	4360.0
UP00197_1_Hoxc9_2367.2	385.0	3371.0	573.0	4225.0
UP00198_1_Cphx_3484.1	431.0	3325.0	572.0	4226.0
UP00199_1_Six4_2860.1	461.0	3295.0	490.0	4308.0
UP00200_1_Nkx6-1_2825.1	359.0	3397.0	538.0	4260.0
UP00201_1_Emx2_3420.1	199.0	3557.0	255.0	4543.0
UP00202_1_Dlx1_1741.2	277.0	3479.0	385.0	4413.0
UP00203_1_Pknox1_2364.2	582.0	3174.0	656.0	4142.0
UP00204_1_Gbx1_2883.2	214.0	3542.0	285.0	4513.0
UP00205_1_Pknox2_3077.2	676.0	3080.0	724.0	4074.0
UP00206_1_Hoxb7_3953.1	263.0	3493.0	380.0	4418.0
UP00207_1_Hoxb9_3413.1	564.0	3192.0	794.0	4004.0
UP00208_1_Obox5_2284.1	418.0	3338.0	526.0	4272.0
UP00209_1_Cart1_0997.1	251.0	3505.0	323.0	4475.0
UP00210_1_Mrg2_2302.1	530.0	3226.0	676.0	4122.0
UP00211_1_Pou3f3_3235.2	425.0	3331.0	601.0	4197.0
UP00212_1_Lhx5_2279.1	375.0	3381.0	476.0	4322.0
UP00213_1_Hoxa9_2622.2	578.0	3178.0	801.0	3997.0
UP00214_1_Hoxb5_3122.2	287.0	3469.0	379.0	4419.0
UP00215_1_Vax1_3499.1	307.0	3449.0	408.0	4390.0
UP00216_1_Obox1_3970.2	484.0	3272.0	570.0	4228.0
UP00217_1_Hoxa10_2318.1	604.0	3152.0	879.0	3919.0
UP00218_1_Dbx2_3487.1	408.0	3348.0	608.0	4190.0
UP00219_1_Cutl1_3494.1	263.0	3493.0	310.0	4488.0
UP00220_1_Nkx1-1_3856.3	215.0	3541.0	251.0	4547.0
UP00221_1_Phox2a_3947.1	222.0	3534.0	292.0	4506.0
UP00222_1_Tcf2_0913.2	263.0	3493.0	297.0	4501.0
UP00223_1_Irx3_0920.1	267.0	3489.0	382.0	4416.0
UP00224_1_Pax6_3838.3	306.0	3450.0	432.0	4366.0
UP00225_1_Hlx1_2350.1	372.0	3384.0	567.0	4231.0
UP00226_1_Mrg1_2246.2	524.0	3232.0	653.0	4145.0
UP00227_1_Duxl_1286.2	354.0	3402.0	486.0	4312.0
UP00228_1_Bapx1_2343.1	422.0	3334.0	513.0	4285.0
UP00229_1_Otx1_2325.1	379.0	3377.0	510.0	4288.0
UP00230_1_Dlx5_3419.2	223.0	3533.0	268.0	4530.0
UP00231_1_Nkx2-2_2823.1	491.0	3265.0	639.0	4159.0
UP00232_1_Dobox4_3956.2	371.0	3385.0	424.0	4374.0
UP00233_1_Meox1_2310.2	327.0	3429.0	433.0	4365.0
UP00234_1_Msx1_3031.2	277.0	3479.0	402.0	4396.0
UP00235_1_Hoxc11_3718.2	211.0	3545.0	358.0	4440.0
UP00236_1_Irx2_0900.3	316.0	3440.0	409.0	4389.0
UP00237_1_Otp_3496.1	250.0	3506.0	309.0	4489.0
UP00238_1_Nkx6-3_3446.1	383.0	3373.0	576.0	4222.0
UP00239_1_Obox2_3438.2	458.0	3298.0	530.0	4268.0
UP00240_1_Cdx1_2245.1	402.0	3354.0	596.0	4202.0
UP00241_1_Hoxd3_1742.2	336.0	3420.0	473.0	4325.0
UP00242_1_Hoxc8_3429.2	316.0	3440.0	427.0	4371.0
UP00243_1_Isx_3445.1	170.0	3586.0	229.0	4569.0
UP00244_1_Tlx2_3498.2	628.0	3128.0	922.0	3876.0
UP00245_1_Hoxc10_2779.2	221.0	3535.0	349.0	4449.0
UP00246_1_Hoxa11_2218.1	224.0	3532.0	368.0	4430.0
UP00247_1_Pax4_3989.2	213.0	3543.0	247.0	4551.0
UP00248_1_Pax7_3783.1	258.0	3498.0	366.0	4432.0
UP00249_1_Nkx2-5_3436.1	513.0	3243.0	624.0	4174.0
UP00250_1_Irx5_2385.1	309.0	3447.0	417.0	4381.0
UP00251_1_Esx1_3124.2	249.0	3507.0	341.0	4457.0
UP00252_1_Hoxc5_2630.2	311.0	3445.0	434.0	4364.0
UP00253_1_Rax_3443.1	196.0	3560.0	247.0	4551.0
UP00254_1_Pou2f1_3081.2	382.0	3374.0	541.0	4257.0
UP00255_1_Dbx1_3486.1	705.0	3051.0	998.0	3800.0
UP00256_1_Lhx6_2272.1	214.0	3542.0	332.0	4466.0
UP00257_1_Shox2_2641.2	211.0	3545.0	271.0	4527.0
UP00258_1_Tgif2_3451.1	566.0	3190.0	722.0	4076.0
UP00259_1_Hoxb6_3428.2	279.0	3477.0	405.0	4393.0
UP00260_1_Hoxc6_3954.2	325.0	3431.0	443.0	4355.0
UP00261_1_Lhx4_1719.2	260.0	3496.0	359.0	4439.0
UP00262_1_Lhx1_2240.2	366.0	3390.0	464.0	4334.0
UP00263_1_Hoxb8_3780.2	383.0	3373.0	510.0	4288.0
UP00264_1_Hoxa1_3425.1	270.0	3486.0	376.0	4422.0
UP00265_1_Pitx3_3497.2	500.0	3256.0	414.0	4384.0
UP00266_1_Prrx1_3442.1	242.0	3514.0	348.0	4450.0
UP00267_1_Otx2_3441.1	384.0	3372.0	470.0	4328.0
UP00391_1_Hoxa3_primary	237.0	3519.0	333.0	4465.0
UP00391_3_Hoxa3_2783.2	239.0	3517.0	325.0	4473.0
UP00406_1_Spdef_primary	482.0	3274.0	583.0	4215.0
UP00407_1_Elf3_primary	1230.0	2526.0	1643.0	3155.0
UP00408_1_Gabpa_primary	708.0	3048.0	822.0	3976.0
klf4_homer	1870.0	1886.0	1672.0	3126.0
