Ash2l_hand	322.0	820.0	152.0	572.0
E2A-Homer	390.0	752.0	213.0	511.0
IRF8_AICS	534.0	608.0	346.0	378.0
IRF8_IECS_HAND_KANO	451.0	691.0	297.0	427.0
IRF8_ISRE_KANNO	336.0	806.0	233.0	491.0
MA0002.2.RUNX1	341.0	801.0	218.0	506.0
MA0003.2.TFAP2A	489.0	653.0	223.0	501.0
MA0004.1.Arnt	0.0	1142.0	0.0	724.0
MA0006.1.Arnt::Ahr	0.0	1142.0	0.0	724.0
MA0007.2.AR	250.0	892.0	146.0	578.0
MA0009.1.T	95.0	1047.0	71.0	653.0
MA0014.2.PAX5	267.0	875.0	163.0	561.0
MA0017.1.NR2F1	251.0	891.0	159.0	565.0
MA0018.2.CREB1	148.0	994.0	99.0	625.0
MA0019.1.Ddit3::Cebpa	97.0	1045.0	67.0	657.0
MA0024.2.E2F1	255.0	887.0	127.0	597.0
MA0025.1.NFIL3	89.0	1053.0	68.0	656.0
MA0027.1.En1	170.0	972.0	93.0	631.0
MA0028.1.ELK1	179.0	963.0	111.0	613.0
MA0029.1.Mecom	173.0	969.0	107.0	617.0
MA0030.1.FOXF2	207.0	935.0	129.0	595.0
MA0031.1.FOXD1	134.0	1008.0	69.0	655.0
MA0032.1.FOXC1	35.0	1107.0	28.0	696.0
MA0033.1.FOXL1	151.0	991.0	109.0	615.0
MA0035.3.Gata1	219.0	923.0	136.0	588.0
MA0036.2.GATA2	210.0	932.0	133.0	591.0
MA0037.2.GATA3	196.0	946.0	121.0	603.0
MA0038.1.Gfi1	212.0	930.0	139.0	585.0
MA0039.2.Klf4	589.0	553.0	308.0	416.0
MA0040.1.Foxq1	205.0	937.0	127.0	597.0
MA0041.1.Foxd3	337.0	805.0	223.0	501.0
MA0042.1.FOXI1	272.0	870.0	166.0	558.0
MA0043.1.HLF	72.0	1070.0	56.0	668.0
MA0046.1.HNF1A	137.0	1005.0	89.0	635.0
MA0047.2.Foxa2	273.0	869.0	175.0	549.0
MA0048.1.NHLH1	345.0	797.0	193.0	531.0
MA0050.2.IRF1	542.0	600.0	350.0	374.0
MA0051.1.IRF2	249.0	893.0	150.0	574.0
MA0052.2.MEF2A	266.0	876.0	193.0	531.0
MA0056.1.MZF1_1-4	776.0	366.0	420.0	304.0
MA0057.1.MZF1_5-13	389.0	753.0	183.0	541.0
MA0058.2.MAX	219.0	923.0	125.0	599.0
MA0059.1.MYC::MAX	147.0	995.0	72.0	652.0
MA0060.2.NFYA	136.0	1006.0	101.0	623.0
MA0062.2.GABPA	307.0	835.0	157.0	567.0
MA0063.1.Nkx2-5	106.0	1036.0	94.0	630.0
MA0065.2.PPARG::RXRA	478.0	664.0	257.0	467.0
MA0066.1.PPARG	191.0	951.0	104.0	620.0
MA0067.1.Pax2	102.0	1040.0	56.0	668.0
MA0068.1.Pax4	325.0	817.0	195.0	529.0
MA0069.1.Pax6	80.0	1062.0	65.0	659.0
MA0070.1.PBX1	111.0	1031.0	77.0	647.0
MA0071.1.RORA_1	184.0	958.0	137.0	587.0
MA0072.1.RORA_2	154.0	988.0	92.0	632.0
MA0073.1.RREB1	575.0	567.0	287.0	437.0
MA0074.1.RXRA::VDR	148.0	994.0	87.0	637.0
MA0075.1.Prrx2	0.0	1142.0	0.0	724.0
MA0076.2.ELK4	403.0	739.0	233.0	491.0
MA0077.1.SOX9	176.0	966.0	124.0	600.0
MA0078.1.Sox17	139.0	1003.0	95.0	629.0
MA0079.3.SP1	756.0	386.0	402.0	322.0
MA0080.3.Spi1	697.0	445.0	415.0	309.0
MA0081.1.SPIB	396.0	746.0	257.0	467.0
MA0083.2.SRF	191.0	951.0	131.0	593.0
MA0084.1.SRY	224.0	918.0	149.0	575.0
MA0087.1.Sox5	209.0	933.0	133.0	591.0
MA0088.1.znf143	424.0	718.0	232.0	492.0
MA0089.1.NFE2L1::MafG	283.0	859.0	174.0	550.0
MA0090.1.TEAD1	317.0	825.0	183.0	541.0
MA0091.1.TAL1::TCF3	206.0	936.0	110.0	614.0
MA0092.1.Hand1::Tcfe2a	275.0	867.0	174.0	550.0
MA0093.2.USF1	206.0	936.0	130.0	594.0
MA0095.2.YY1	250.0	892.0	148.0	576.0
MA0098.2.Ets1	701.0	441.0	463.0	261.0
MA0099.2.JUN::FOS	340.0	802.0	269.0	455.0
MA0100.2.Myb	201.0	941.0	150.0	574.0
MA0101.1.REL	795.0	347.0	191.0	533.0
MA0102.3.CEBPA	137.0	1005.0	116.0	608.0
MA0103.2.ZEB1	288.0	854.0	149.0	575.0
MA0104.3.Mycn	180.0	962.0	85.0	639.0
MA0105.3.NFKB1	898.0	244.0	284.0	440.0
MA0106.2.TP53	140.0	1002.0	75.0	649.0
MA0107.1.RELA	863.0	279.0	205.0	519.0
MA0108.2.TBP	120.0	1022.0	80.0	644.0
MA0109.1.Hltf	121.0	1021.0	88.0	636.0
MA0111.1.Spz1	197.0	945.0	109.0	615.0
MA0112.2.ESR1	358.0	784.0	193.0	531.0
MA0113.2.NR3C1	216.0	926.0	141.0	583.0
MA0114.2.HNF4A	340.0	802.0	209.0	515.0
MA0115.1.NR1H2::RXRA	198.0	944.0	141.0	583.0
MA0116.1.Zfp423	247.0	895.0	107.0	617.0
MA0117.1.Mafb	169.0	973.0	118.0	606.0
MA0119.1.TLX1::NFIC	302.0	840.0	173.0	551.0
MA0122.1.Nkx3-2	147.0	995.0	102.0	622.0
MA0124.1.NKX3-1	128.0	1014.0	97.0	627.0
MA0125.1.Nobox	80.0	1062.0	68.0	656.0
MA0130.1.ZNF354C	0.0	1142.0	0.0	724.0
MA0131.1.HINFP	61.0	1081.0	21.0	703.0
MA0132.1.Pdx1	0.0	1142.0	0.0	724.0
MA0133.1.BRCA1	91.0	1051.0	60.0	664.0
MA0135.1.Lhx3	137.0	1005.0	84.0	640.0
MA0136.1.ELF5	400.0	742.0	276.0	448.0
MA0137.3.STAT1	374.0	768.0	201.0	523.0
MA0138.2.REST	374.0	768.0	170.0	554.0
MA0139.1.CTCF	357.0	785.0	202.0	522.0
MA0140.2.TAL1::GATA1	143.0	999.0	116.0	608.0
MA0141.2.Esrrb	287.0	855.0	159.0	565.0
MA0142.1.Pou5f1::Sox2	206.0	936.0	175.0	549.0
MA0143.3.Sox2	259.0	883.0	136.0	588.0
MA0144.2.STAT3	420.0	722.0	247.0	477.0
MA0145.2.Tcfcp2l1	368.0	774.0	194.0	530.0
MA0146.2.Zfx	501.0	641.0	249.0	475.0
MA0147.2.Myc	220.0	922.0	115.0	609.0
MA0148.3.FOXA1	295.0	847.0	184.0	540.0
MA0149.1.EWSR1-FLI1	692.0	450.0	422.0	302.0
MA0150.2.Nfe2l2	275.0	867.0	214.0	510.0
MA0151.1.ARID3A	188.0	954.0	115.0	609.0
MA0152.1.NFATC2	257.0	885.0	172.0	552.0
MA0153.1.HNF1B	112.0	1030.0	76.0	648.0
MA0154.2.EBF1	485.0	657.0	230.0	494.0
MA0155.1.INSM1	424.0	718.0	211.0	513.0
MA0156.1.FEV	442.0	700.0	310.0	414.0
MA0157.1.FOXO3	254.0	888.0	176.0	548.0
MA0158.1.HOXA5	109.0	1033.0	78.0	646.0
MA0159.1.RXR::RAR_DR5	273.0	869.0	133.0	591.0
MA0160.1.NR4A2	226.0	916.0	141.0	583.0
MA0161.1.NFIC	0.0	1142.0	0.0	724.0
MA0162.2.EGR1	644.0	498.0	341.0	383.0
MA0163.1.PLAG1	504.0	638.0	250.0	474.0
MA0164.1.Nr2e3	81.0	1061.0	52.0	672.0
MA0258.2.ESR2	303.0	839.0	186.0	538.0
MA0259.1.HIF1A::ARNT	64.0	1078.0	30.0	694.0
MA0442.1.SOX10	458.0	684.0	314.0	410.0
MA0461.1.Atoh1	382.0	760.0	256.0	468.0
MA0462.1.BATF::JUN	318.0	824.0	260.0	464.0
MA0463.1.Bcl6	383.0	759.0	213.0	511.0
MA0464.1.Bhlhe40	184.0	958.0	116.0	608.0
MA0465.1.CDX2	174.0	968.0	107.0	617.0
MA0466.1.CEBPB	140.0	1002.0	119.0	605.0
MA0467.1.Crx	152.0	990.0	108.0	616.0
MA0468.1.DUX4	167.0	975.0	111.0	613.0
MA0469.1.E2F3	497.0	645.0	226.0	498.0
MA0470.1.E2F4	298.0	844.0	130.0	594.0
MA0471.1.E2F6	548.0	594.0	302.0	422.0
MA0472.1.EGR2	545.0	597.0	285.0	439.0
MA0473.1.ELF1	572.0	570.0	378.0	346.0
MA0474.1.Erg	746.0	396.0	491.0	233.0
MA0475.1.FLI1	651.0	491.0	416.0	308.0
MA0476.1.FOS	383.0	759.0	294.0	430.0
MA0477.1.FOSL1	372.0	770.0	291.0	433.0
MA0478.1.FOSL2	403.0	739.0	306.0	418.0
MA0479.1.FOXH1	176.0	966.0	127.0	597.0
MA0480.1.Foxo1	336.0	806.0	219.0	505.0
MA0481.1.FOXP1	507.0	635.0	324.0	400.0
MA0482.1.Gata4	213.0	929.0	128.0	596.0
MA0483.1.Gfi1b	278.0	864.0	199.0	525.0
MA0484.1.HNF4G	336.0	806.0	206.0	518.0
MA0485.1.Hoxc9	150.0	992.0	97.0	627.0
MA0486.1.HSF1	345.0	797.0	178.0	546.0
MA0488.1.JUN	226.0	916.0	184.0	540.0
MA0489.1.JUN.var.2	390.0	752.0	297.0	427.0
MA0490.1.JUNB	386.0	756.0	290.0	434.0
MA0491.1.JUND	375.0	767.0	284.0	440.0
MA0492.1.JUND.var.2	198.0	944.0	156.0	568.0
MA0493.1.Klf1	498.0	644.0	246.0	478.0
MA0494.1.Nr1h3::Rxra	205.0	937.0	130.0	594.0
MA0495.1.MAFF	208.0	934.0	174.0	550.0
MA0496.1.MAFK	212.0	930.0	168.0	556.0
MA0497.1.MEF2C	314.0	828.0	225.0	499.0
MA0498.1.Meis1	261.0	881.0	167.0	557.0
MA0499.1.Myod1	446.0	696.0	255.0	469.0
MA0500.1.Myog	459.0	683.0	264.0	460.0
MA0501.1.NFE2::MAF	284.0	858.0	208.0	516.0
MA0502.1.NFYB	121.0	1021.0	95.0	629.0
MA0503.1.Nkx2-5.var.2	239.0	903.0	142.0	582.0
MA0504.1.NR2C2	432.0	710.0	237.0	487.0
MA0505.1.Nr5a2	303.0	839.0	177.0	547.0
MA0506.1.NRF1	263.0	879.0	119.0	605.0
MA0507.1.POU2F2	202.0	940.0	118.0	606.0
MA0508.1.PRDM1	481.0	661.0	292.0	432.0
MA0509.1.Rfx1	222.0	920.0	136.0	588.0
MA0510.1.RFX5	324.0	818.0	182.0	542.0
MA0511.1.RUNX2	345.0	797.0	207.0	517.0
MA0512.1.Rxra	367.0	775.0	229.0	495.0
MA0513.1.SMAD2::SMAD3::SMAD4	353.0	789.0	203.0	521.0
MA0514.1.Sox3	420.0	722.0	266.0	458.0
MA0515.1.Sox6	325.0	817.0	216.0	508.0
MA0516.1.SP2	719.0	423.0	381.0	343.0
MA0517.1.STAT2::STAT1	461.0	681.0	305.0	419.0
MA0518.1.Stat4	383.0	759.0	223.0	501.0
MA0519.1.Stat5a::Stat5b	402.0	740.0	195.0	529.0
MA0520.1.Stat6	300.0	842.0	178.0	546.0
MA0521.1.Tcf12	451.0	691.0	260.0	464.0
MA0522.1.Tcf3	514.0	628.0	290.0	434.0
MA0523.1.TCF7L2	248.0	894.0	156.0	568.0
MA0524.1.TFAP2C	543.0	599.0	272.0	452.0
MA0525.1.TP63	228.0	914.0	105.0	619.0
MA0526.1.USF2	225.0	917.0	129.0	595.0
MA0527.1.ZBTB33	118.0	1024.0	47.0	677.0
MA0528.1.ZNF263	863.0	279.0	521.0	203.0
MA0591.1.Bach1::Mafk	313.0	829.0	215.0	509.0
MA0592.1.ESRRA	294.0	848.0	165.0	559.0
MA0593.1.FOXP2	356.0	786.0	229.0	495.0
MA0594.1.Hoxa9	147.0	995.0	88.0	636.0
MA0595.1.SREBF1	220.0	922.0	111.0	613.0
MA0596.1.SREBF2	218.0	924.0	121.0	603.0
MA0597.1.THAP1	299.0	843.0	181.0	543.0
MA0598.1.EHF	737.0	405.0	420.0	304.0
MA0599.1.KLF5	686.0	456.0	357.0	367.0
MA0600.1.RFX2	221.0	921.0	135.0	589.0
UP00000_1_Smad3_primary	222.0	920.0	136.0	588.0
UP00001_1_E2F2_primary	84.0	1058.0	61.0	663.0
UP00002_1_Sp4_primary	484.0	658.0	238.0	486.0
UP00003_1_E2F3_primary	100.0	1042.0	54.0	670.0
UP00004_1_Sox14_primary	123.0	1019.0	82.0	642.0
UP00005_1_Tcfap2a_primary	294.0	848.0	115.0	609.0
UP00006_1_Zic3_primary	257.0	885.0	106.0	618.0
UP00007_1_Egr1_primary	397.0	745.0	188.0	536.0
UP00008_1_Six6_primary	65.0	1077.0	46.0	678.0
UP00008_3_Six6_2267.4	84.0	1058.0	48.0	676.0
UP00008_4	67.0	1075.0	53.0	671.0
UP00009_1_Nr2f2_primary	223.0	919.0	142.0	582.0
UP00010_1_Tcfap2b_primary	330.0	812.0	132.0	592.0
UP00011_1_Irf6_primary	51.0	1091.0	28.0	696.0
UP00012_1_Bbx_primary	148.0	994.0	102.0	622.0
UP00014_1_Sox17_primary	168.0	974.0	119.0	605.0
UP00015_1_Ehf_primary	272.0	870.0	164.0	560.0
UP00016_1_Sry_primary	113.0	1029.0	74.0	650.0
UP00017_1_Nkx3-1_primary	115.0	1027.0	75.0	649.0
UP00017_3_Nkx3-1_2923.2	97.0	1045.0	73.0	651.0
UP00018_1_Irf4_primary	68.0	1074.0	49.0	675.0
UP00019_1_Zbtb12_primary	125.0	1017.0	92.0	632.0
UP00020_1_Atf1_primary	97.0	1045.0	77.0	647.0
UP00021_1_Zfp281_primary	579.0	563.0	297.0	427.0
UP00022_1_Zfp740_primary	357.0	785.0	176.0	548.0
UP00023_1_Sox30_primary	183.0	959.0	131.0	593.0
UP00024_1_Glis2_primary	196.0	946.0	84.0	640.0
UP00025_1_Foxk1_primary	291.0	851.0	180.0	544.0
UP00026_1_Zscan4_primary	151.0	991.0	87.0	637.0
UP00027_1_Osr1_primary	113.0	1029.0	80.0	644.0
UP00028_1_Tcfap2e_primary	294.0	848.0	137.0	587.0
UP00029_1_Tbp_primary	185.0	957.0	140.0	584.0
UP00030_1_Sox11_primary	343.0	799.0	238.0	486.0
UP00031_1_Zbtb3_primary	316.0	826.0	191.0	533.0
UP00032_1_Gata3_primary	211.0	931.0	137.0	587.0
UP00033_1_Zfp410_primary	230.0	912.0	139.0	585.0
UP00034_1_Sox7_primary	234.0	908.0	165.0	559.0
UP00035_1_Hic1_primary	200.0	942.0	112.0	612.0
UP00036_1_Myf6_primary	323.0	819.0	166.0	558.0
UP00037_1_Zfp105_primary	404.0	738.0	239.0	485.0
UP00039_1_Foxj3_primary	260.0	882.0	152.0	572.0
UP00040_1_Irf5_primary	62.0	1080.0	43.0	681.0
UP00041_1_Foxj1_primary	270.0	872.0	180.0	544.0
UP00042_1_Gm397_primary	130.0	1012.0	86.0	638.0
UP00043_1_Bcl6b_primary	190.0	952.0	118.0	606.0
UP00044_1_Mafk_primary	175.0	967.0	138.0	586.0
UP00045_1_Mafb_primary	163.0	979.0	114.0	610.0
UP00046_1_Tcfe2a_primary	236.0	906.0	138.0	586.0
UP00047_1_Zbtb7b_primary	158.0	984.0	72.0	652.0
UP00048_1_Rara_primary	247.0	895.0	157.0	567.0
UP00049_1_Sp100_primary	63.0	1079.0	33.0	691.0
UP00050_1_Bhlhb2_primary	91.0	1051.0	54.0	670.0
UP00051_1_Sox8_primary	195.0	947.0	143.0	581.0
UP00052_1_Osr2_primary	110.0	1032.0	75.0	649.0
UP00053_1_Rxra_primary	239.0	903.0	152.0	572.0
UP00054_1_Tcf7_primary	221.0	921.0	157.0	567.0
UP00055_1_Hbp1_primary	178.0	964.0	131.0	593.0
UP00056_1_Rfx4_primary	128.0	1014.0	73.0	651.0
UP00057_1_Zic2_primary	245.0	897.0	104.0	620.0
UP00058_1_Tcf3_primary	198.0	944.0	137.0	587.0
UP00059_1_Arid5a_primary	95.0	1047.0	80.0	644.0
UP00060_1_Max_primary	144.0	998.0	71.0	653.0
UP00061_1_Foxl1_primary	288.0	854.0	179.0	545.0
UP00062_1_Sox4_primary	344.0	798.0	242.0	482.0
UP00064_1_Sox18_primary	209.0	933.0	149.0	575.0
UP00065_1_Zfp161_primary	119.0	1023.0	73.0	651.0
UP00066_1_Hnf4a_primary	236.0	906.0	147.0	577.0
UP00067_1_Lef1_primary	190.0	952.0	138.0	586.0
UP00068_1_Eomes_primary	172.0	970.0	79.0	645.0
UP00069_1_Sox1_primary	153.0	989.0	102.0	622.0
UP00070_1_Gcm1_primary	109.0	1033.0	46.0	678.0
UP00071_1_Sox21_primary	134.0	1008.0	97.0	627.0
UP00072_1_IRC900814_primary	36.0	1106.0	34.0	690.0
UP00073_1_Foxa2_primary	274.0	868.0	160.0	564.0
UP00074_1_Isgf3g_primary	177.0	965.0	124.0	600.0
UP00075_1_Sox15_primary	205.0	937.0	135.0	589.0
UP00076_1_Rfxdc2_primary	133.0	1009.0	87.0	637.0
UP00077_1_Srf_primary	113.0	1029.0	67.0	657.0
UP00078_1_Arid3a_primary	171.0	971.0	97.0	627.0
UP00079_1_Esrra_primary	185.0	957.0	115.0	609.0
UP00080_1_Gata5_primary	162.0	980.0	121.0	603.0
UP00081_1_Mybl1_primary	27.0	1115.0	12.0	712.0
UP00082_1_Zfp187_primary	99.0	1043.0	59.0	665.0
UP00083_1_Tcf7l2_primary	199.0	943.0	141.0	583.0
UP00084_1_Gmeb1_primary	33.0	1109.0	21.0	703.0
UP00085_1_Sfpi1_primary	379.0	763.0	229.0	495.0
UP00086_1_Irf3_primary	260.0	882.0	175.0	549.0
UP00087_1_Tcfap2c_primary	298.0	844.0	123.0	601.0
UP00088_1_Plagl1_primary	283.0	859.0	80.0	644.0
UP00089_1_Tcf1_primary	63.0	1079.0	55.0	669.0
UP00089_3_Tcf1_2666.2	58.0	1084.0	57.0	667.0
UP00091_1_Sox5_primary	185.0	957.0	137.0	587.0
UP00092_1_Myb_primary	28.0	1114.0	12.0	712.0
UP00093_1_Klf7_primary	553.0	589.0	291.0	433.0
UP00094_1_Zfp128_primary	28.0	1114.0	13.0	711.0
UP00095_1_Zfp691_primary	221.0	921.0	124.0	600.0
UP00096_1_Sox13_primary	175.0	967.0	135.0	589.0
UP00097_1_Mtf1_primary	94.0	1048.0	57.0	667.0
UP00098_1_Rfx3_primary	118.0	1024.0	85.0	639.0
UP00099_1_Ascl2_primary	359.0	783.0	201.0	523.0
UP00100_1_Gata6_primary	153.0	989.0	116.0	608.0
UP00101_1_Sox12_primary	231.0	911.0	166.0	558.0
UP00102_1_Zic1_primary	257.0	885.0	110.0	614.0
UP00103_1_Jundm2_primary	106.0	1036.0	82.0	642.0
UP00104_1_Hmx1_3423.1	99.0	1043.0	59.0	665.0
UP00105_1_Pou3f4_3773.1	135.0	1007.0	82.0	642.0
UP00106_1_Vax2_3500.1	94.0	1048.0	44.0	680.0
UP00107_1_Nkx2-4_3074.1	153.0	989.0	95.0	629.0
UP00108_1_Alx3_3418.2	95.0	1047.0	58.0	666.0
UP00109_1_Obox6_3440.2	92.0	1050.0	64.0	660.0
UP00110_1_Dlx4_3488.2	88.0	1054.0	55.0	669.0
UP00111_1_Dmbx1_2277.1	97.0	1045.0	63.0	661.0
UP00112_1_Gsc_2327.3	94.0	1048.0	71.0	653.0
UP00113_1_Hoxc4_3491.1	105.0	1037.0	58.0	666.0
UP00114_1_Homez_1063.2	42.0	1100.0	34.0	690.0
UP00115_1_Lhx2_0953.2	79.0	1063.0	46.0	678.0
UP00116_1_Rhox6_4251.1	77.0	1065.0	47.0	677.0
UP00117_1_Hoxd11_3873.1	67.0	1075.0	44.0	680.0
UP00118_1_Pou4f3_2791.1	128.0	1014.0	84.0	640.0
UP00119_1_Nkx2-9_3082.1	91.0	1051.0	57.0	667.0
UP00120_1_Lbx2_3869.2	71.0	1071.0	40.0	684.0
UP00121_1_Hoxd10_2368.2	227.0	915.0	135.0	589.0
UP00122_1_Tgif1_2342.2	187.0	955.0	121.0	603.0
UP00123_1_Hlxb9_3422.1	67.0	1075.0	50.0	674.0
UP00124_1_Ipf1_3815.1	101.0	1041.0	78.0	646.0
UP00125_1_Pitx2_2274.3	113.0	1029.0	95.0	629.0
UP00126_1_Dlx2_2273.2	96.0	1046.0	63.0	661.0
UP00127_1_Gsh2_3990.2	92.0	1050.0	57.0	667.0
UP00128_1_Pou3f2_2824.1	105.0	1037.0	62.0	662.0
UP00129_1_Pou3f1_3819.1	129.0	1013.0	73.0	651.0
UP00130_1_Lhx3_3431.1	131.0	1011.0	78.0	646.0
UP00131_1_Gbx2_3110.1	66.0	1076.0	47.0	677.0
UP00132_1_Evx2_2645.3	78.0	1064.0	47.0	677.0
UP00133_1_Cdx2_4272.1	135.0	1007.0	86.0	638.0
UP00134_1_Hoxb13_3479.1	169.0	973.0	114.0	610.0
UP00135_1_Hoxc12_3480.1	88.0	1054.0	37.0	687.0
UP00136_1_Prrx2_3072.1	72.0	1070.0	43.0	681.0
UP00137_1_Hoxb3_1720.2	118.0	1024.0	90.0	634.0
UP00138_1_Bsx_3483.2	91.0	1051.0	66.0	658.0
UP00139_1_Nkx1-2_3214.1	102.0	1040.0	49.0	675.0
UP00140_1_Hoxd1_3448.1	82.0	1060.0	53.0	671.0
UP00141_1_Vsx1_1728.1	107.0	1035.0	56.0	668.0
UP00142_1_Uncx4.1_2281.2	81.0	1061.0	49.0	675.0
UP00143_1_Dobox5_3493.1	119.0	1023.0	89.0	635.0
UP00144_1_Hoxb4_2627.1	110.0	1032.0	58.0	666.0
UP00145_1_Barhl2_3868.1	141.0	1001.0	104.0	620.0
UP00146_1_Pou6f1_1731.2	112.0	1030.0	98.0	626.0
UP00147_1_Nkx2-6_3437.1	128.0	1014.0	95.0	629.0
UP00148_1_Hdx_3845.3	167.0	975.0	115.0	609.0
UP00149_1_Phox2b_3948.1	90.0	1052.0	53.0	671.0
UP00150_1_Irx6_2623.2	110.0	1032.0	81.0	643.0
UP00151_1_Barx2_3447.2	92.0	1050.0	58.0	666.0
UP00152_1_Arx_1738.2	98.0	1044.0	44.0	680.0
UP00153_1_Pitx1_2312.1	142.0	1000.0	94.0	630.0
UP00154_1_Dlx3_1030.1	83.0	1059.0	55.0	669.0
UP00155_1_Hmx2_3424.3	115.0	1027.0	70.0	654.0
UP00156_1_Msx2_3449.1	83.0	1059.0	58.0	666.0
UP00157_1_Hmx3_3490.2	118.0	1024.0	70.0	654.0
UP00158_1_Pou1f1_3818.1	127.0	1015.0	70.0	654.0
UP00159_1_Six2_2307.2	81.0	1061.0	55.0	669.0
UP00160_1_Obox3_3439.1	128.0	1014.0	79.0	645.0
UP00161_1_Hmbox1_2674.1	74.0	1068.0	56.0	668.0
UP00162_1_Evx1_3952.2	81.0	1061.0	61.0	663.0
UP00163_1_En2_0952.1	77.0	1065.0	44.0	680.0
UP00164_1_Hoxa7_2668.2	119.0	1023.0	69.0	655.0
UP00165_1_Titf1_1722.2	159.0	983.0	97.0	627.0
UP00166_1_Barhl1_2590.2	115.0	1027.0	93.0	631.0
UP00167_1_En1_3123.2	91.0	1051.0	64.0	660.0
UP00168_1_Hoxd8_2644.1	156.0	986.0	105.0	619.0
UP00169_1_Lmx1b_3433.2	135.0	1007.0	83.0	641.0
UP00170_1_Isl2_3430.1	143.0	999.0	85.0	639.0
UP00171_1_Msx3_3206.1	122.0	1020.0	86.0	638.0
UP00172_1_Prop1_3949.1	112.0	1030.0	62.0	662.0
UP00173_1_Hoxc13_3127.1	113.0	1029.0	88.0	636.0
UP00174_1_Hoxa2_3079.1	102.0	1040.0	67.0	657.0
UP00175_1_Lhx9_3492.1	97.0	1045.0	61.0	663.0
UP00176_1_Crx_3485.1	94.0	1048.0	60.0	664.0
UP00177_1_Hoxd12_3481.1	58.0	1084.0	31.0	693.0
UP00178_1_Og2x_3719.1	81.0	1061.0	49.0	675.0
UP00179_1_Pou2f3_3986.2	151.0	991.0	96.0	628.0
UP00180_1_Hoxd13_2356.1	224.0	918.0	137.0	587.0
UP00181_1_Barx1_2877.1	80.0	1062.0	55.0	669.0
UP00182_1_Hoxa6_1040.1	102.0	1040.0	67.0	657.0
UP00183_1_Hoxa13_3126.1	88.0	1054.0	73.0	651.0
UP00184_1_Lhx8_2247.2	78.0	1064.0	46.0	678.0
UP00185_1_Pbx1_3203.1	108.0	1034.0	81.0	643.0
UP00186_1_Meis1_2335.1	154.0	988.0	91.0	633.0
UP00187_1_Alx4_1744.1	84.0	1058.0	42.0	682.0
UP00188_1_Lmx1a_2238.2	144.0	998.0	82.0	642.0
UP00189_1_Hoxa5_3415.1	113.0	1029.0	63.0	661.0
UP00190_1_Nkx2-3_3435.1	92.0	1050.0	55.0	669.0
UP00191_1_Pou2f2_3748.1	162.0	980.0	97.0	627.0
UP00192_1_Six1_0935.2	74.0	1068.0	54.0	670.0
UP00193_1_Rhox11_1765.2	131.0	1011.0	77.0	647.0
UP00194_1_Irx4_2242.3	107.0	1035.0	71.0	653.0
UP00195_1_Six3_1732.2	88.0	1054.0	58.0	666.0
UP00196_1_Hoxa4_3426.1	107.0	1035.0	70.0	654.0
UP00197_1_Hoxc9_2367.2	112.0	1030.0	85.0	639.0
UP00198_1_Cphx_3484.1	125.0	1017.0	92.0	632.0
UP00199_1_Six4_2860.1	117.0	1025.0	64.0	660.0
UP00200_1_Nkx6-1_2825.1	115.0	1027.0	71.0	653.0
UP00201_1_Emx2_3420.1	74.0	1068.0	46.0	678.0
UP00202_1_Dlx1_1741.2	96.0	1046.0	56.0	668.0
UP00203_1_Pknox1_2364.2	165.0	977.0	100.0	624.0
UP00204_1_Gbx1_2883.2	66.0	1076.0	48.0	676.0
UP00205_1_Pknox2_3077.2	187.0	955.0	113.0	611.0
UP00206_1_Hoxb7_3953.1	99.0	1043.0	55.0	669.0
UP00207_1_Hoxb9_3413.1	187.0	955.0	123.0	601.0
UP00208_1_Obox5_2284.1	133.0	1009.0	86.0	638.0
UP00209_1_Cart1_0997.1	94.0	1048.0	54.0	670.0
UP00210_1_Mrg2_2302.1	151.0	991.0	103.0	621.0
UP00211_1_Pou3f3_3235.2	135.0	1007.0	91.0	633.0
UP00212_1_Lhx5_2279.1	132.0	1010.0	73.0	651.0
UP00213_1_Hoxa9_2622.2	182.0	960.0	110.0	614.0
UP00214_1_Hoxb5_3122.2	101.0	1041.0	62.0	662.0
UP00215_1_Vax1_3499.1	113.0	1029.0	73.0	651.0
UP00216_1_Obox1_3970.2	152.0	990.0	79.0	645.0
UP00217_1_Hoxa10_2318.1	207.0	935.0	124.0	600.0
UP00218_1_Dbx2_3487.1	131.0	1011.0	85.0	639.0
UP00219_1_Cutl1_3494.1	72.0	1070.0	45.0	679.0
UP00220_1_Nkx1-1_3856.3	59.0	1083.0	39.0	685.0
UP00221_1_Phox2a_3947.1	76.0	1066.0	40.0	684.0
UP00222_1_Tcf2_0913.2	69.0	1073.0	49.0	675.0
UP00223_1_Irx3_0920.1	90.0	1052.0	65.0	659.0
UP00224_1_Pax6_3838.3	97.0	1045.0	56.0	668.0
UP00225_1_Hlx1_2350.1	124.0	1018.0	90.0	634.0
UP00226_1_Mrg1_2246.2	154.0	988.0	94.0	630.0
UP00227_1_Duxl_1286.2	99.0	1043.0	72.0	652.0
UP00228_1_Bapx1_2343.1	136.0	1006.0	81.0	643.0
UP00229_1_Otx1_2325.1	121.0	1021.0	90.0	634.0
UP00230_1_Dlx5_3419.2	71.0	1071.0	40.0	684.0
UP00231_1_Nkx2-2_2823.1	146.0	996.0	101.0	623.0
UP00232_1_Dobox4_3956.2	106.0	1036.0	52.0	672.0
UP00233_1_Meox1_2310.2	115.0	1027.0	68.0	656.0
UP00234_1_Msx1_3031.2	88.0	1054.0	64.0	660.0
UP00235_1_Hoxc11_3718.2	68.0	1074.0	39.0	685.0
UP00236_1_Irx2_0900.3	98.0	1044.0	73.0	651.0
UP00237_1_Otp_3496.1	84.0	1058.0	45.0	679.0
UP00238_1_Nkx6-3_3446.1	113.0	1029.0	78.0	646.0
UP00239_1_Obox2_3438.2	144.0	998.0	86.0	638.0
UP00240_1_Cdx1_2245.1	127.0	1015.0	83.0	641.0
UP00241_1_Hoxd3_1742.2	109.0	1033.0	62.0	662.0
UP00242_1_Hoxc8_3429.2	111.0	1031.0	68.0	656.0
UP00243_1_Isx_3445.1	69.0	1073.0	31.0	693.0
UP00244_1_Tlx2_3498.2	195.0	947.0	145.0	579.0
UP00245_1_Hoxc10_2779.2	71.0	1071.0	42.0	682.0
UP00246_1_Hoxa11_2218.1	75.0	1067.0	44.0	680.0
UP00247_1_Pax4_3989.2	77.0	1065.0	30.0	694.0
UP00248_1_Pax7_3783.1	101.0	1041.0	54.0	670.0
UP00249_1_Nkx2-5_3436.1	134.0	1008.0	104.0	620.0
UP00250_1_Irx5_2385.1	108.0	1034.0	70.0	654.0
UP00251_1_Esx1_3124.2	90.0	1052.0	45.0	679.0
UP00252_1_Hoxc5_2630.2	112.0	1030.0	64.0	660.0
UP00253_1_Rax_3443.1	69.0	1073.0	41.0	683.0
UP00254_1_Pou2f1_3081.2	134.0	1008.0	81.0	643.0
UP00255_1_Dbx1_3486.1	237.0	905.0	160.0	564.0
UP00256_1_Lhx6_2272.1	80.0	1062.0	45.0	679.0
UP00257_1_Shox2_2641.2	82.0	1060.0	44.0	680.0
UP00258_1_Tgif2_3451.1	166.0	976.0	111.0	613.0
UP00259_1_Hoxb6_3428.2	104.0	1038.0	61.0	663.0
UP00260_1_Hoxc6_3954.2	127.0	1015.0	71.0	653.0
UP00261_1_Lhx4_1719.2	81.0	1061.0	59.0	665.0
UP00262_1_Lhx1_2240.2	126.0	1016.0	72.0	652.0
UP00263_1_Hoxb8_3780.2	116.0	1026.0	69.0	655.0
UP00264_1_Hoxa1_3425.1	105.0	1037.0	56.0	668.0
UP00265_1_Pitx3_3497.2	138.0	1004.0	74.0	650.0
UP00266_1_Prrx1_3442.1	90.0	1052.0	60.0	664.0
UP00267_1_Otx2_3441.1	116.0	1026.0	86.0	638.0
UP00391_1_Hoxa3_primary	85.0	1057.0	58.0	666.0
UP00391_3_Hoxa3_2783.2	84.0	1058.0	58.0	666.0
UP00406_1_Spdef_primary	135.0	1007.0	109.0	615.0
UP00407_1_Elf3_primary	385.0	757.0	279.0	445.0
UP00408_1_Gabpa_primary	222.0	920.0	153.0	571.0
klf4_homer	493.0	649.0	263.0	461.0
