Ash2l_hand	131.0	169.0	89.0	235.0
E2A-Homer	124.0	176.0	101.0	223.0
IRF8_AICS	160.0	140.0	153.0	171.0
IRF8_IECS_HAND_KANO	143.0	157.0	120.0	204.0
IRF8_ISRE_KANNO	101.0	199.0	108.0	216.0
MA0002.2.RUNX1	119.0	181.0	86.0	238.0
MA0003.2.TFAP2A	178.0	122.0	113.0	211.0
MA0004.1.Arnt	0.0	300.0	0.0	324.0
MA0006.1.Arnt::Ahr	0.0	300.0	0.0	324.0
MA0007.2.AR	88.0	212.0	82.0	242.0
MA0009.1.T	37.0	263.0	35.0	289.0
MA0014.2.PAX5	101.0	199.0	69.0	255.0
MA0017.1.NR2F1	91.0	209.0	66.0	258.0
MA0018.2.CREB1	62.0	238.0	45.0	279.0
MA0019.1.Ddit3::Cebpa	42.0	258.0	42.0	282.0
MA0024.2.E2F1	132.0	168.0	63.0	261.0
MA0025.1.NFIL3	30.0	270.0	30.0	294.0
MA0027.1.En1	46.0	254.0	54.0	270.0
MA0028.1.ELK1	77.0	223.0	40.0	284.0
MA0029.1.Mecom	53.0	247.0	51.0	273.0
MA0030.1.FOXF2	57.0	243.0	60.0	264.0
MA0031.1.FOXD1	37.0	263.0	35.0	289.0
MA0032.1.FOXC1	14.0	286.0	17.0	307.0
MA0033.1.FOXL1	32.0	268.0	44.0	280.0
MA0035.3.Gata1	53.0	247.0	62.0	262.0
MA0036.2.GATA2	46.0	254.0	49.0	275.0
MA0037.2.GATA3	55.0	245.0	54.0	270.0
MA0038.1.Gfi1	63.0	237.0	62.0	262.0
MA0039.2.Klf4	225.0	75.0	171.0	153.0
MA0040.1.Foxq1	38.0	262.0	63.0	261.0
MA0041.1.Foxd3	96.0	204.0	88.0	236.0
MA0042.1.FOXI1	82.0	218.0	86.0	238.0
MA0043.1.HLF	34.0	266.0	26.0	298.0
MA0046.1.HNF1A	36.0	264.0	51.0	273.0
MA0047.2.Foxa2	70.0	230.0	81.0	243.0
MA0048.1.NHLH1	136.0	164.0	81.0	243.0
MA0050.2.IRF1	157.0	143.0	163.0	161.0
MA0051.1.IRF2	78.0	222.0	76.0	248.0
MA0052.2.MEF2A	78.0	222.0	66.0	258.0
MA0056.1.MZF1_1-4	243.0	57.0	202.0	122.0
MA0057.1.MZF1_5-13	149.0	151.0	98.0	226.0
MA0058.2.MAX	82.0	218.0	52.0	272.0
MA0059.1.MYC::MAX	44.0	256.0	36.0	288.0
MA0060.2.NFYA	65.0	235.0	47.0	277.0
MA0062.2.GABPA	114.0	186.0	63.0	261.0
MA0063.1.Nkx2-5	50.0	250.0	30.0	294.0
MA0065.2.PPARG::RXRA	178.0	122.0	132.0	192.0
MA0066.1.PPARG	84.0	216.0	62.0	262.0
MA0067.1.Pax2	47.0	253.0	29.0	295.0
MA0068.1.Pax4	98.0	202.0	96.0	228.0
MA0069.1.Pax6	36.0	264.0	25.0	299.0
MA0070.1.PBX1	24.0	276.0	43.0	281.0
MA0071.1.RORA_1	69.0	231.0	46.0	278.0
MA0072.1.RORA_2	40.0	260.0	39.0	285.0
MA0073.1.RREB1	211.0	89.0	152.0	172.0
MA0074.1.RXRA::VDR	61.0	239.0	54.0	270.0
MA0075.1.Prrx2	0.0	300.0	0.0	324.0
MA0076.2.ELK4	128.0	172.0	86.0	238.0
MA0077.1.SOX9	59.0	241.0	53.0	271.0
MA0078.1.Sox17	54.0	246.0	43.0	281.0
MA0079.3.SP1	254.0	46.0	204.0	120.0
MA0080.3.Spi1	188.0	112.0	174.0	150.0
MA0081.1.SPIB	121.0	179.0	102.0	222.0
MA0083.2.SRF	63.0	237.0	55.0	269.0
MA0084.1.SRY	67.0	233.0	57.0	267.0
MA0087.1.Sox5	55.0	245.0	55.0	269.0
MA0088.1.znf143	146.0	154.0	112.0	212.0
MA0089.1.NFE2L1::MafG	99.0	201.0	93.0	231.0
MA0090.1.TEAD1	95.0	205.0	93.0	231.0
MA0091.1.TAL1::TCF3	58.0	242.0	50.0	274.0
MA0092.1.Hand1::Tcfe2a	86.0	214.0	68.0	256.0
MA0093.2.USF1	77.0	223.0	54.0	270.0
MA0095.2.YY1	74.0	226.0	67.0	257.0
MA0098.2.Ets1	197.0	103.0	186.0	138.0
MA0099.2.JUN::FOS	104.0	196.0	72.0	252.0
MA0100.2.Myb	74.0	226.0	73.0	251.0
MA0101.1.REL	187.0	113.0	87.0	237.0
MA0102.3.CEBPA	48.0	252.0	56.0	268.0
MA0103.2.ZEB1	104.0	196.0	60.0	264.0
MA0104.3.Mycn	68.0	232.0	32.0	292.0
MA0105.3.NFKB1	229.0	71.0	124.0	200.0
MA0106.2.TP53	49.0	251.0	50.0	274.0
MA0107.1.RELA	204.0	96.0	86.0	238.0
MA0108.2.TBP	45.0	255.0	40.0	284.0
MA0109.1.Hltf	32.0	268.0	37.0	287.0
MA0111.1.Spz1	91.0	209.0	64.0	260.0
MA0112.2.ESR1	139.0	161.0	97.0	227.0
MA0113.2.NR3C1	73.0	227.0	70.0	254.0
MA0114.2.HNF4A	132.0	168.0	82.0	242.0
MA0115.1.NR1H2::RXRA	71.0	229.0	50.0	274.0
MA0116.1.Zfp423	123.0	177.0	68.0	256.0
MA0117.1.Mafb	66.0	234.0	41.0	283.0
MA0119.1.TLX1::NFIC	95.0	205.0	80.0	244.0
MA0122.1.Nkx3-2	58.0	242.0	57.0	267.0
MA0124.1.NKX3-1	32.0	268.0	42.0	282.0
MA0125.1.Nobox	34.0	266.0	24.0	300.0
MA0130.1.ZNF354C	0.0	300.0	0.0	324.0
MA0131.1.HINFP	22.0	278.0	10.0	314.0
MA0132.1.Pdx1	0.0	300.0	0.0	324.0
MA0133.1.BRCA1	36.0	264.0	27.0	297.0
MA0135.1.Lhx3	29.0	271.0	46.0	278.0
MA0136.1.ELF5	116.0	184.0	113.0	211.0
MA0137.3.STAT1	103.0	197.0	98.0	226.0
MA0138.2.REST	114.0	186.0	91.0	233.0
MA0139.1.CTCF	157.0	143.0	101.0	223.0
MA0140.2.TAL1::GATA1	52.0	248.0	36.0	288.0
MA0141.2.Esrrb	92.0	208.0	85.0	239.0
MA0142.1.Pou5f1::Sox2	58.0	242.0	68.0	256.0
MA0143.3.Sox2	99.0	201.0	84.0	240.0
MA0144.2.STAT3	125.0	175.0	122.0	202.0
MA0145.2.Tcfcp2l1	135.0	165.0	95.0	229.0
MA0146.2.Zfx	204.0	96.0	113.0	211.0
MA0147.2.Myc	76.0	224.0	48.0	276.0
MA0148.3.FOXA1	79.0	221.0	97.0	227.0
MA0149.1.EWSR1-FLI1	218.0	82.0	195.0	129.0
MA0150.2.Nfe2l2	84.0	216.0	82.0	242.0
MA0151.1.ARID3A	62.0	238.0	59.0	265.0
MA0152.1.NFATC2	82.0	218.0	80.0	244.0
MA0153.1.HNF1B	24.0	276.0	33.0	291.0
MA0154.2.EBF1	186.0	114.0	113.0	211.0
MA0155.1.INSM1	179.0	121.0	101.0	223.0
MA0156.1.FEV	128.0	172.0	123.0	201.0
MA0157.1.FOXO3	71.0	229.0	75.0	249.0
MA0158.1.HOXA5	33.0	267.0	37.0	287.0
MA0159.1.RXR::RAR_DR5	117.0	183.0	70.0	254.0
MA0160.1.NR4A2	72.0	228.0	54.0	270.0
MA0161.1.NFIC	0.0	300.0	0.0	324.0
MA0162.2.EGR1	228.0	72.0	169.0	155.0
MA0163.1.PLAG1	207.0	93.0	131.0	193.0
MA0164.1.Nr2e3	23.0	277.0	33.0	291.0
MA0258.2.ESR2	125.0	175.0	88.0	236.0
MA0259.1.HIF1A::ARNT	42.0	258.0	11.0	313.0
MA0442.1.SOX10	153.0	147.0	154.0	170.0
MA0461.1.Atoh1	136.0	164.0	107.0	217.0
MA0462.1.BATF::JUN	76.0	224.0	87.0	237.0
MA0463.1.Bcl6	118.0	182.0	113.0	211.0
MA0464.1.Bhlhe40	82.0	218.0	48.0	276.0
MA0465.1.CDX2	38.0	262.0	54.0	270.0
MA0466.1.CEBPB	45.0	255.0	51.0	273.0
MA0467.1.Crx	55.0	245.0	51.0	273.0
MA0468.1.DUX4	39.0	261.0	72.0	252.0
MA0469.1.E2F3	187.0	113.0	134.0	190.0
MA0470.1.E2F4	143.0	157.0	65.0	259.0
MA0471.1.E2F6	197.0	103.0	149.0	175.0
MA0472.1.EGR2	209.0	91.0	140.0	184.0
MA0473.1.ELF1	166.0	134.0	143.0	181.0
MA0474.1.Erg	203.0	97.0	191.0	133.0
MA0475.1.FLI1	189.0	111.0	173.0	151.0
MA0476.1.FOS	105.0	195.0	89.0	235.0
MA0477.1.FOSL1	110.0	190.0	90.0	234.0
MA0478.1.FOSL2	119.0	181.0	107.0	217.0
MA0479.1.FOXH1	50.0	250.0	80.0	244.0
MA0480.1.Foxo1	91.0	209.0	102.0	222.0
MA0481.1.FOXP1	123.0	177.0	146.0	178.0
MA0482.1.Gata4	54.0	246.0	51.0	273.0
MA0483.1.Gfi1b	103.0	197.0	83.0	241.0
MA0484.1.HNF4G	127.0	173.0	87.0	237.0
MA0485.1.Hoxc9	34.0	266.0	39.0	285.0
MA0486.1.HSF1	110.0	190.0	77.0	247.0
MA0488.1.JUN	84.0	216.0	82.0	242.0
MA0489.1.JUN.var.2	105.0	195.0	92.0	232.0
MA0490.1.JUNB	111.0	189.0	91.0	233.0
MA0491.1.JUND	108.0	192.0	91.0	233.0
MA0492.1.JUND.var.2	73.0	227.0	65.0	259.0
MA0493.1.Klf1	202.0	98.0	144.0	180.0
MA0494.1.Nr1h3::Rxra	76.0	224.0	75.0	249.0
MA0495.1.MAFF	63.0	237.0	67.0	257.0
MA0496.1.MAFK	62.0	238.0	63.0	261.0
MA0497.1.MEF2C	90.0	210.0	93.0	231.0
MA0498.1.Meis1	103.0	197.0	80.0	244.0
MA0499.1.Myod1	157.0	143.0	123.0	201.0
MA0500.1.Myog	155.0	145.0	123.0	201.0
MA0501.1.NFE2::MAF	80.0	220.0	74.0	250.0
MA0502.1.NFYB	64.0	236.0	47.0	277.0
MA0503.1.Nkx2-5.var.2	100.0	200.0	59.0	265.0
MA0504.1.NR2C2	177.0	123.0	125.0	199.0
MA0505.1.Nr5a2	108.0	192.0	89.0	235.0
MA0506.1.NRF1	128.0	172.0	64.0	260.0
MA0507.1.POU2F2	63.0	237.0	57.0	267.0
MA0508.1.PRDM1	145.0	155.0	163.0	161.0
MA0509.1.Rfx1	90.0	210.0	51.0	273.0
MA0510.1.RFX5	130.0	170.0	71.0	253.0
MA0511.1.RUNX2	116.0	184.0	89.0	235.0
MA0512.1.Rxra	124.0	176.0	108.0	216.0
MA0513.1.SMAD2::SMAD3::SMAD4	127.0	173.0	103.0	221.0
MA0514.1.Sox3	139.0	161.0	122.0	202.0
MA0515.1.Sox6	111.0	189.0	94.0	230.0
MA0516.1.SP2	246.0	54.0	193.0	131.0
MA0517.1.STAT2::STAT1	134.0	166.0	134.0	190.0
MA0518.1.Stat4	109.0	191.0	101.0	223.0
MA0519.1.Stat5a::Stat5b	111.0	189.0	105.0	219.0
MA0520.1.Stat6	85.0	215.0	102.0	222.0
MA0521.1.Tcf12	150.0	150.0	124.0	200.0
MA0522.1.Tcf3	166.0	134.0	134.0	190.0
MA0523.1.TCF7L2	75.0	225.0	78.0	246.0
MA0524.1.TFAP2C	197.0	103.0	128.0	196.0
MA0525.1.TP63	78.0	222.0	65.0	259.0
MA0526.1.USF2	87.0	213.0	59.0	265.0
MA0527.1.ZBTB33	53.0	247.0	28.0	296.0
MA0528.1.ZNF263	266.0	34.0	222.0	102.0
MA0591.1.Bach1::Mafk	115.0	185.0	78.0	246.0
MA0592.1.ESRRA	101.0	199.0	87.0	237.0
MA0593.1.FOXP2	92.0	208.0	99.0	225.0
MA0594.1.Hoxa9	34.0	266.0	40.0	284.0
MA0595.1.SREBF1	71.0	229.0	74.0	250.0
MA0596.1.SREBF2	76.0	224.0	76.0	248.0
MA0597.1.THAP1	123.0	177.0	99.0	225.0
MA0598.1.EHF	215.0	85.0	189.0	135.0
MA0599.1.KLF5	240.0	60.0	190.0	134.0
MA0600.1.RFX2	82.0	218.0	54.0	270.0
UP00000_1_Smad3_primary	78.0	222.0	75.0	249.0
UP00001_1_E2F2_primary	60.0	240.0	25.0	299.0
UP00002_1_Sp4_primary	205.0	95.0	143.0	181.0
UP00003_1_E2F3_primary	65.0	235.0	22.0	302.0
UP00004_1_Sox14_primary	29.0	271.0	40.0	284.0
UP00005_1_Tcfap2a_primary	114.0	186.0	70.0	254.0
UP00006_1_Zic3_primary	131.0	169.0	67.0	257.0
UP00007_1_Egr1_primary	183.0	117.0	105.0	219.0
UP00008_1_Six6_primary	17.0	283.0	23.0	301.0
UP00008_3_Six6_2267.4	19.0	281.0	24.0	300.0
UP00008_4	21.0	279.0	28.0	296.0
UP00009_1_Nr2f2_primary	72.0	228.0	57.0	267.0
UP00010_1_Tcfap2b_primary	138.0	162.0	79.0	245.0
UP00011_1_Irf6_primary	19.0	281.0	19.0	305.0
UP00012_1_Bbx_primary	40.0	260.0	58.0	266.0
UP00014_1_Sox17_primary	50.0	250.0	51.0	273.0
UP00015_1_Ehf_primary	93.0	207.0	51.0	273.0
UP00016_1_Sry_primary	25.0	275.0	41.0	283.0
UP00017_1_Nkx3-1_primary	27.0	273.0	29.0	295.0
UP00017_3_Nkx3-1_2923.2	27.0	273.0	27.0	297.0
UP00018_1_Irf4_primary	25.0	275.0	23.0	301.0
UP00019_1_Zbtb12_primary	44.0	256.0	37.0	287.0
UP00020_1_Atf1_primary	49.0	251.0	33.0	291.0
UP00021_1_Zfp281_primary	207.0	93.0	164.0	160.0
UP00022_1_Zfp740_primary	148.0	152.0	109.0	215.0
UP00023_1_Sox30_primary	57.0	243.0	60.0	264.0
UP00024_1_Glis2_primary	78.0	222.0	49.0	275.0
UP00025_1_Foxk1_primary	66.0	234.0	92.0	232.0
UP00026_1_Zscan4_primary	57.0	243.0	43.0	281.0
UP00027_1_Osr1_primary	53.0	247.0	49.0	275.0
UP00028_1_Tcfap2e_primary	117.0	183.0	61.0	263.0
UP00029_1_Tbp_primary	56.0	244.0	55.0	269.0
UP00030_1_Sox11_primary	118.0	182.0	110.0	214.0
UP00031_1_Zbtb3_primary	109.0	191.0	94.0	230.0
UP00032_1_Gata3_primary	48.0	252.0	62.0	262.0
UP00033_1_Zfp410_primary	90.0	210.0	73.0	251.0
UP00034_1_Sox7_primary	66.0	234.0	68.0	256.0
UP00035_1_Hic1_primary	89.0	211.0	50.0	274.0
UP00036_1_Myf6_primary	118.0	182.0	74.0	250.0
UP00037_1_Zfp105_primary	98.0	202.0	125.0	199.0
UP00039_1_Foxj3_primary	66.0	234.0	67.0	257.0
UP00040_1_Irf5_primary	24.0	276.0	21.0	303.0
UP00041_1_Foxj1_primary	71.0	229.0	80.0	244.0
UP00042_1_Gm397_primary	54.0	246.0	47.0	277.0
UP00043_1_Bcl6b_primary	74.0	226.0	76.0	248.0
UP00044_1_Mafk_primary	47.0	253.0	46.0	278.0
UP00045_1_Mafb_primary	44.0	256.0	37.0	287.0
UP00046_1_Tcfe2a_primary	103.0	197.0	73.0	251.0
UP00047_1_Zbtb7b_primary	81.0	219.0	46.0	278.0
UP00048_1_Rara_primary	67.0	233.0	57.0	267.0
UP00049_1_Sp100_primary	19.0	281.0	14.0	310.0
UP00050_1_Bhlhb2_primary	30.0	270.0	25.0	299.0
UP00051_1_Sox8_primary	54.0	246.0	56.0	268.0
UP00052_1_Osr2_primary	51.0	249.0	44.0	280.0
UP00053_1_Rxra_primary	92.0	208.0	60.0	264.0
UP00054_1_Tcf7_primary	58.0	242.0	73.0	251.0
UP00055_1_Hbp1_primary	62.0	238.0	76.0	248.0
UP00056_1_Rfx4_primary	47.0	253.0	28.0	296.0
UP00057_1_Zic2_primary	130.0	170.0	67.0	257.0
UP00058_1_Tcf3_primary	53.0	247.0	76.0	248.0
UP00059_1_Arid5a_primary	30.0	270.0	25.0	299.0
UP00060_1_Max_primary	56.0	244.0	35.0	289.0
UP00061_1_Foxl1_primary	64.0	236.0	89.0	235.0
UP00062_1_Sox4_primary	113.0	187.0	109.0	215.0
UP00064_1_Sox18_primary	57.0	243.0	59.0	265.0
UP00065_1_Zfp161_primary	79.0	221.0	30.0	294.0
UP00066_1_Hnf4a_primary	99.0	201.0	74.0	250.0
UP00067_1_Lef1_primary	64.0	236.0	72.0	252.0
UP00068_1_Eomes_primary	56.0	244.0	53.0	271.0
UP00069_1_Sox1_primary	50.0	250.0	46.0	278.0
UP00070_1_Gcm1_primary	47.0	253.0	18.0	306.0
UP00071_1_Sox21_primary	32.0	268.0	45.0	279.0
UP00072_1_IRC900814_primary	10.0	290.0	16.0	308.0
UP00073_1_Foxa2_primary	56.0	244.0	87.0	237.0
UP00074_1_Isgf3g_primary	49.0	251.0	58.0	266.0
UP00075_1_Sox15_primary	56.0	244.0	54.0	270.0
UP00076_1_Rfxdc2_primary	50.0	250.0	23.0	301.0
UP00077_1_Srf_primary	40.0	260.0	32.0	292.0
UP00078_1_Arid3a_primary	42.0	258.0	50.0	274.0
UP00079_1_Esrra_primary	58.0	242.0	66.0	258.0
UP00080_1_Gata5_primary	45.0	255.0	51.0	273.0
UP00081_1_Mybl1_primary	7.0	293.0	8.0	316.0
UP00082_1_Zfp187_primary	23.0	277.0	31.0	293.0
UP00083_1_Tcf7l2_primary	60.0	240.0	75.0	249.0
UP00084_1_Gmeb1_primary	12.0	288.0	12.0	312.0
UP00085_1_Sfpi1_primary	117.0	183.0	96.0	228.0
UP00086_1_Irf3_primary	79.0	221.0	89.0	235.0
UP00087_1_Tcfap2c_primary	122.0	178.0	71.0	253.0
UP00088_1_Plagl1_primary	133.0	167.0	51.0	273.0
UP00089_1_Tcf1_primary	19.0	281.0	17.0	307.0
UP00089_3_Tcf1_2666.2	21.0	279.0	14.0	310.0
UP00091_1_Sox5_primary	58.0	242.0	56.0	268.0
UP00092_1_Myb_primary	9.0	291.0	11.0	313.0
UP00093_1_Klf7_primary	217.0	83.0	160.0	164.0
UP00094_1_Zfp128_primary	8.0	292.0	12.0	312.0
UP00095_1_Zfp691_primary	74.0	226.0	65.0	259.0
UP00096_1_Sox13_primary	48.0	252.0	55.0	269.0
UP00097_1_Mtf1_primary	51.0	249.0	34.0	290.0
UP00098_1_Rfx3_primary	48.0	252.0	24.0	300.0
UP00099_1_Ascl2_primary	153.0	147.0	103.0	221.0
UP00100_1_Gata6_primary	36.0	264.0	47.0	277.0
UP00101_1_Sox12_primary	61.0	239.0	72.0	252.0
UP00102_1_Zic1_primary	123.0	177.0	70.0	254.0
UP00103_1_Jundm2_primary	52.0	248.0	37.0	287.0
UP00104_1_Hmx1_3423.1	40.0	260.0	32.0	292.0
UP00105_1_Pou3f4_3773.1	31.0	269.0	36.0	288.0
UP00106_1_Vax2_3500.1	27.0	273.0	20.0	304.0
UP00107_1_Nkx2-4_3074.1	53.0	247.0	59.0	265.0
UP00108_1_Alx3_3418.2	31.0	269.0	20.0	304.0
UP00109_1_Obox6_3440.2	21.0	279.0	27.0	297.0
UP00110_1_Dlx4_3488.2	22.0	278.0	28.0	296.0
UP00111_1_Dmbx1_2277.1	31.0	269.0	28.0	296.0
UP00112_1_Gsc_2327.3	31.0	269.0	34.0	290.0
UP00113_1_Hoxc4_3491.1	27.0	273.0	36.0	288.0
UP00114_1_Homez_1063.2	12.0	288.0	22.0	302.0
UP00115_1_Lhx2_0953.2	26.0	274.0	23.0	301.0
UP00116_1_Rhox6_4251.1	22.0	278.0	23.0	301.0
UP00117_1_Hoxd11_3873.1	29.0	271.0	24.0	300.0
UP00118_1_Pou4f3_2791.1	40.0	260.0	48.0	276.0
UP00119_1_Nkx2-9_3082.1	17.0	283.0	35.0	289.0
UP00120_1_Lbx2_3869.2	25.0	275.0	18.0	306.0
UP00121_1_Hoxd10_2368.2	55.0	245.0	72.0	252.0
UP00122_1_Tgif1_2342.2	69.0	231.0	56.0	268.0
UP00123_1_Hlxb9_3422.1	23.0	277.0	20.0	304.0
UP00124_1_Ipf1_3815.1	32.0	268.0	29.0	295.0
UP00125_1_Pitx2_2274.3	35.0	265.0	44.0	280.0
UP00126_1_Dlx2_2273.2	42.0	258.0	33.0	291.0
UP00127_1_Gsh2_3990.2	29.0	271.0	20.0	304.0
UP00128_1_Pou3f2_2824.1	28.0	272.0	23.0	301.0
UP00129_1_Pou3f1_3819.1	29.0	271.0	33.0	291.0
UP00130_1_Lhx3_3431.1	36.0	264.0	41.0	283.0
UP00131_1_Gbx2_3110.1	22.0	278.0	12.0	312.0
UP00132_1_Evx2_2645.3	20.0	280.0	16.0	308.0
UP00133_1_Cdx2_4272.1	39.0	261.0	54.0	270.0
UP00134_1_Hoxb13_3479.1	41.0	259.0	64.0	260.0
UP00135_1_Hoxc12_3480.1	22.0	278.0	18.0	306.0
UP00136_1_Prrx2_3072.1	21.0	279.0	16.0	308.0
UP00137_1_Hoxb3_1720.2	32.0	268.0	27.0	297.0
UP00138_1_Bsx_3483.2	37.0	263.0	26.0	298.0
UP00139_1_Nkx1-2_3214.1	22.0	278.0	19.0	305.0
UP00140_1_Hoxd1_3448.1	27.0	273.0	21.0	303.0
UP00141_1_Vsx1_1728.1	31.0	269.0	24.0	300.0
UP00142_1_Uncx4.1_2281.2	26.0	274.0	14.0	310.0
UP00143_1_Dobox5_3493.1	37.0	263.0	44.0	280.0
UP00144_1_Hoxb4_2627.1	26.0	274.0	25.0	299.0
UP00145_1_Barhl2_3868.1	41.0	259.0	50.0	274.0
UP00146_1_Pou6f1_1731.2	44.0	256.0	41.0	283.0
UP00147_1_Nkx2-6_3437.1	43.0	257.0	53.0	271.0
UP00148_1_Hdx_3845.3	48.0	252.0	62.0	262.0
UP00149_1_Phox2b_3948.1	19.0	281.0	22.0	302.0
UP00150_1_Irx6_2623.2	23.0	277.0	42.0	282.0
UP00151_1_Barx2_3447.2	30.0	270.0	23.0	301.0
UP00152_1_Arx_1738.2	22.0	278.0	14.0	310.0
UP00153_1_Pitx1_2312.1	50.0	250.0	53.0	271.0
UP00154_1_Dlx3_1030.1	27.0	273.0	31.0	293.0
UP00155_1_Hmx2_3424.3	37.0	263.0	30.0	294.0
UP00156_1_Msx2_3449.1	32.0	268.0	19.0	305.0
UP00157_1_Hmx3_3490.2	41.0	259.0	37.0	287.0
UP00158_1_Pou1f1_3818.1	33.0	267.0	35.0	289.0
UP00159_1_Six2_2307.2	25.0	275.0	20.0	304.0
UP00160_1_Obox3_3439.1	39.0	261.0	42.0	282.0
UP00161_1_Hmbox1_2674.1	28.0	272.0	25.0	299.0
UP00162_1_Evx1_3952.2	29.0	271.0	16.0	308.0
UP00163_1_En2_0952.1	26.0	274.0	14.0	310.0
UP00164_1_Hoxa7_2668.2	29.0	271.0	31.0	293.0
UP00165_1_Titf1_1722.2	48.0	252.0	62.0	262.0
UP00166_1_Barhl1_2590.2	32.0	268.0	34.0	290.0
UP00167_1_En1_3123.2	32.0	268.0	22.0	302.0
UP00168_1_Hoxd8_2644.1	40.0	260.0	43.0	281.0
UP00169_1_Lmx1b_3433.2	44.0	256.0	40.0	284.0
UP00170_1_Isl2_3430.1	41.0	259.0	43.0	281.0
UP00171_1_Msx3_3206.1	40.0	260.0	36.0	288.0
UP00172_1_Prop1_3949.1	29.0	271.0	28.0	296.0
UP00173_1_Hoxc13_3127.1	37.0	263.0	39.0	285.0
UP00174_1_Hoxa2_3079.1	26.0	274.0	32.0	292.0
UP00175_1_Lhx9_3492.1	34.0	266.0	21.0	303.0
UP00176_1_Crx_3485.1	35.0	265.0	26.0	298.0
UP00177_1_Hoxd12_3481.1	25.0	275.0	23.0	301.0
UP00178_1_Og2x_3719.1	23.0	277.0	14.0	310.0
UP00179_1_Pou2f3_3986.2	40.0	260.0	48.0	276.0
UP00180_1_Hoxd13_2356.1	50.0	250.0	65.0	259.0
UP00181_1_Barx1_2877.1	36.0	264.0	25.0	299.0
UP00182_1_Hoxa6_1040.1	28.0	272.0	26.0	298.0
UP00183_1_Hoxa13_3126.1	33.0	267.0	36.0	288.0
UP00184_1_Lhx8_2247.2	19.0	281.0	23.0	301.0
UP00185_1_Pbx1_3203.1	33.0	267.0	59.0	265.0
UP00186_1_Meis1_2335.1	55.0	245.0	46.0	278.0
UP00187_1_Alx4_1744.1	23.0	277.0	18.0	306.0
UP00188_1_Lmx1a_2238.2	44.0	256.0	49.0	275.0
UP00189_1_Hoxa5_3415.1	28.0	272.0	32.0	292.0
UP00190_1_Nkx2-3_3435.1	26.0	274.0	23.0	301.0
UP00191_1_Pou2f2_3748.1	44.0	256.0	54.0	270.0
UP00192_1_Six1_0935.2	23.0	277.0	22.0	302.0
UP00193_1_Rhox11_1765.2	31.0	269.0	29.0	295.0
UP00194_1_Irx4_2242.3	17.0	283.0	35.0	289.0
UP00195_1_Six3_1732.2	22.0	278.0	25.0	299.0
UP00196_1_Hoxa4_3426.1	31.0	269.0	31.0	293.0
UP00197_1_Hoxc9_2367.2	44.0	256.0	41.0	283.0
UP00198_1_Cphx_3484.1	43.0	257.0	44.0	280.0
UP00199_1_Six4_2860.1	48.0	252.0	32.0	292.0
UP00200_1_Nkx6-1_2825.1	34.0	266.0	35.0	289.0
UP00201_1_Emx2_3420.1	25.0	275.0	20.0	304.0
UP00202_1_Dlx1_1741.2	28.0	272.0	33.0	291.0
UP00203_1_Pknox1_2364.2	63.0	237.0	44.0	280.0
UP00204_1_Gbx1_2883.2	30.0	270.0	13.0	311.0
UP00205_1_Pknox2_3077.2	74.0	226.0	50.0	274.0
UP00206_1_Hoxb7_3953.1	27.0	273.0	23.0	301.0
UP00207_1_Hoxb9_3413.1	44.0	256.0	65.0	259.0
UP00208_1_Obox5_2284.1	44.0	256.0	43.0	281.0
UP00209_1_Cart1_0997.1	28.0	272.0	19.0	305.0
UP00210_1_Mrg2_2302.1	56.0	244.0	54.0	270.0
UP00211_1_Pou3f3_3235.2	42.0	258.0	36.0	288.0
UP00212_1_Lhx5_2279.1	36.0	264.0	41.0	283.0
UP00213_1_Hoxa9_2622.2	48.0	252.0	64.0	260.0
UP00214_1_Hoxb5_3122.2	28.0	272.0	32.0	292.0
UP00215_1_Vax1_3499.1	32.0	268.0	28.0	296.0
UP00216_1_Obox1_3970.2	46.0	254.0	52.0	272.0
UP00217_1_Hoxa10_2318.1	55.0	245.0	69.0	255.0
UP00218_1_Dbx2_3487.1	37.0	263.0	45.0	279.0
UP00219_1_Cutl1_3494.1	25.0	275.0	26.0	298.0
UP00220_1_Nkx1-1_3856.3	31.0	269.0	15.0	309.0
UP00221_1_Phox2a_3947.1	22.0	278.0	19.0	305.0
UP00222_1_Tcf2_0913.2	22.0	278.0	20.0	304.0
UP00223_1_Irx3_0920.1	19.0	281.0	30.0	294.0
UP00224_1_Pax6_3838.3	30.0	270.0	27.0	297.0
UP00225_1_Hlx1_2350.1	37.0	263.0	42.0	282.0
UP00226_1_Mrg1_2246.2	56.0	244.0	52.0	272.0
UP00227_1_Duxl_1286.2	31.0	269.0	37.0	287.0
UP00228_1_Bapx1_2343.1	30.0	270.0	36.0	288.0
UP00229_1_Otx1_2325.1	41.0	259.0	37.0	287.0
UP00230_1_Dlx5_3419.2	20.0	280.0	18.0	306.0
UP00231_1_Nkx2-2_2823.1	43.0	257.0	58.0	266.0
UP00232_1_Dobox4_3956.2	45.0	255.0	45.0	279.0
UP00233_1_Meox1_2310.2	32.0	268.0	28.0	296.0
UP00234_1_Msx1_3031.2	36.0	264.0	27.0	297.0
UP00235_1_Hoxc11_3718.2	21.0	279.0	29.0	295.0
UP00236_1_Irx2_0900.3	26.0	274.0	33.0	291.0
UP00237_1_Otp_3496.1	24.0	276.0	20.0	304.0
UP00238_1_Nkx6-3_3446.1	41.0	259.0	43.0	281.0
UP00239_1_Obox2_3438.2	40.0	260.0	51.0	273.0
UP00240_1_Cdx1_2245.1	33.0	267.0	41.0	283.0
UP00241_1_Hoxd3_1742.2	36.0	264.0	43.0	281.0
UP00242_1_Hoxc8_3429.2	23.0	277.0	36.0	288.0
UP00243_1_Isx_3445.1	15.0	285.0	9.0	315.0
UP00244_1_Tlx2_3498.2	58.0	242.0	61.0	263.0
UP00245_1_Hoxc10_2779.2	23.0	277.0	26.0	298.0
UP00246_1_Hoxa11_2218.1	22.0	278.0	26.0	298.0
UP00247_1_Pax4_3989.2	15.0	285.0	18.0	306.0
UP00248_1_Pax7_3783.1	15.0	285.0	18.0	306.0
UP00249_1_Nkx2-5_3436.1	48.0	252.0	63.0	261.0
UP00250_1_Irx5_2385.1	23.0	277.0	36.0	288.0
UP00251_1_Esx1_3124.2	24.0	276.0	18.0	306.0
UP00252_1_Hoxc5_2630.2	33.0	267.0	32.0	292.0
UP00253_1_Rax_3443.1	24.0	276.0	14.0	310.0
UP00254_1_Pou2f1_3081.2	35.0	265.0	44.0	280.0
UP00255_1_Dbx1_3486.1	64.0	236.0	61.0	263.0
UP00256_1_Lhx6_2272.1	13.0	287.0	29.0	295.0
UP00257_1_Shox2_2641.2	19.0	281.0	13.0	311.0
UP00258_1_Tgif2_3451.1	61.0	239.0	53.0	271.0
UP00259_1_Hoxb6_3428.2	22.0	278.0	31.0	293.0
UP00260_1_Hoxc6_3954.2	24.0	276.0	30.0	294.0
UP00261_1_Lhx4_1719.2	28.0	272.0	24.0	300.0
UP00262_1_Lhx1_2240.2	39.0	261.0	45.0	279.0
UP00263_1_Hoxb8_3780.2	37.0	263.0	33.0	291.0
UP00264_1_Hoxa1_3425.1	27.0	273.0	24.0	300.0
UP00265_1_Pitx3_3497.2	63.0	237.0	42.0	282.0
UP00266_1_Prrx1_3442.1	25.0	275.0	15.0	309.0
UP00267_1_Otx2_3441.1	39.0	261.0	40.0	284.0
UP00391_1_Hoxa3_primary	25.0	275.0	21.0	303.0
UP00391_3_Hoxa3_2783.2	26.0	274.0	24.0	300.0
UP00406_1_Spdef_primary	47.0	253.0	30.0	294.0
UP00407_1_Elf3_primary	109.0	191.0	111.0	213.0
UP00408_1_Gabpa_primary	61.0	239.0	50.0	274.0
klf4_homer	196.0	104.0	135.0	189.0
