Ash2l_hand	318.0	388.0	215.0	556.0
E2A-Homer	270.0	436.0	235.0	536.0
IRF8_AICS	371.0	335.0	329.0	442.0
IRF8_IECS_HAND_KANO	322.0	384.0	284.0	487.0
IRF8_ISRE_KANNO	249.0	457.0	199.0	572.0
MA0002.2.RUNX1	243.0	463.0	207.0	564.0
MA0003.2.TFAP2A	399.0	307.0	287.0	484.0
MA0004.1.Arnt	0.0	706.0	0.0	771.0
MA0006.1.Arnt::Ahr	0.0	706.0	0.0	771.0
MA0007.2.AR	192.0	514.0	162.0	609.0
MA0009.1.T	79.0	627.0	64.0	707.0
MA0014.2.PAX5	247.0	459.0	185.0	586.0
MA0017.1.NR2F1	189.0	517.0	150.0	621.0
MA0018.2.CREB1	135.0	571.0	126.0	645.0
MA0019.1.Ddit3::Cebpa	89.0	617.0	74.0	697.0
MA0024.2.E2F1	339.0	367.0	193.0	578.0
MA0025.1.NFIL3	57.0	649.0	61.0	710.0
MA0027.1.En1	108.0	598.0	72.0	699.0
MA0028.1.ELK1	232.0	474.0	160.0	611.0
MA0029.1.Mecom	107.0	599.0	105.0	666.0
MA0030.1.FOXF2	113.0	593.0	104.0	667.0
MA0031.1.FOXD1	81.0	625.0	73.0	698.0
MA0032.1.FOXC1	30.0	676.0	27.0	744.0
MA0033.1.FOXL1	82.0	624.0	72.0	699.0
MA0035.3.Gata1	124.0	582.0	114.0	657.0
MA0036.2.GATA2	120.0	586.0	120.0	651.0
MA0037.2.GATA3	115.0	591.0	108.0	663.0
MA0038.1.Gfi1	150.0	556.0	121.0	650.0
MA0039.2.Klf4	548.0	158.0	417.0	354.0
MA0040.1.Foxq1	97.0	609.0	108.0	663.0
MA0041.1.Foxd3	183.0	523.0	175.0	596.0
MA0042.1.FOXI1	171.0	535.0	144.0	627.0
MA0043.1.HLF	45.0	661.0	56.0	715.0
MA0046.1.HNF1A	91.0	615.0	78.0	693.0
MA0047.2.Foxa2	140.0	566.0	133.0	638.0
MA0048.1.NHLH1	290.0	416.0	210.0	561.0
MA0050.2.IRF1	342.0	364.0	323.0	448.0
MA0051.1.IRF2	192.0	514.0	157.0	614.0
MA0052.2.MEF2A	168.0	538.0	122.0	649.0
MA0056.1.MZF1_1-4	580.0	126.0	442.0	329.0
MA0057.1.MZF1_5-13	345.0	361.0	223.0	548.0
MA0058.2.MAX	163.0	543.0	144.0	627.0
MA0059.1.MYC::MAX	116.0	590.0	94.0	677.0
MA0060.2.NFYA	192.0	514.0	142.0	629.0
MA0062.2.GABPA	312.0	394.0	226.0	545.0
MA0063.1.Nkx2-5	61.0	645.0	67.0	704.0
MA0065.2.PPARG::RXRA	383.0	323.0	296.0	475.0
MA0066.1.PPARG	140.0	566.0	107.0	664.0
MA0067.1.Pax2	111.0	595.0	67.0	704.0
MA0068.1.Pax4	238.0	468.0	195.0	576.0
MA0069.1.Pax6	55.0	651.0	56.0	715.0
MA0070.1.PBX1	73.0	633.0	75.0	696.0
MA0071.1.RORA_1	139.0	567.0	117.0	654.0
MA0072.1.RORA_2	114.0	592.0	92.0	679.0
MA0073.1.RREB1	451.0	255.0	325.0	446.0
MA0074.1.RXRA::VDR	120.0	586.0	82.0	689.0
MA0075.1.Prrx2	0.0	706.0	0.0	771.0
MA0076.2.ELK4	352.0	354.0	287.0	484.0
MA0077.1.SOX9	117.0	589.0	115.0	656.0
MA0078.1.Sox17	97.0	609.0	99.0	672.0
MA0079.3.SP1	616.0	90.0	502.0	269.0
MA0080.3.Spi1	463.0	243.0	429.0	342.0
MA0081.1.SPIB	283.0	423.0	234.0	537.0
MA0083.2.SRF	132.0	574.0	113.0	658.0
MA0084.1.SRY	143.0	563.0	128.0	643.0
MA0087.1.Sox5	115.0	591.0	124.0	647.0
MA0088.1.znf143	320.0	386.0	234.0	537.0
MA0089.1.NFE2L1::MafG	229.0	477.0	187.0	584.0
MA0090.1.TEAD1	228.0	478.0	178.0	593.0
MA0091.1.TAL1::TCF3	138.0	568.0	113.0	658.0
MA0092.1.Hand1::Tcfe2a	190.0	516.0	165.0	606.0
MA0093.2.USF1	184.0	522.0	150.0	621.0
MA0095.2.YY1	205.0	501.0	180.0	591.0
MA0098.2.Ets1	493.0	213.0	486.0	285.0
MA0099.2.JUN::FOS	213.0	493.0	244.0	527.0
MA0100.2.Myb	176.0	530.0	166.0	605.0
MA0101.1.REL	478.0	228.0	181.0	590.0
MA0102.3.CEBPA	94.0	612.0	105.0	666.0
MA0103.2.ZEB1	268.0	438.0	160.0	611.0
MA0104.3.Mycn	156.0	550.0	132.0	639.0
MA0105.3.NFKB1	546.0	160.0	235.0	536.0
MA0106.2.TP53	131.0	575.0	109.0	662.0
MA0107.1.RELA	513.0	193.0	167.0	604.0
MA0108.2.TBP	94.0	612.0	66.0	705.0
MA0109.1.Hltf	81.0	625.0	67.0	704.0
MA0111.1.Spz1	174.0	532.0	121.0	650.0
MA0112.2.ESR1	301.0	405.0	235.0	536.0
MA0113.2.NR3C1	189.0	517.0	141.0	630.0
MA0114.2.HNF4A	264.0	442.0	205.0	566.0
MA0115.1.NR1H2::RXRA	157.0	549.0	138.0	633.0
MA0116.1.Zfp423	239.0	467.0	138.0	633.0
MA0117.1.Mafb	158.0	548.0	132.0	639.0
MA0119.1.TLX1::NFIC	232.0	474.0	204.0	567.0
MA0122.1.Nkx3-2	124.0	582.0	93.0	678.0
MA0124.1.NKX3-1	73.0	633.0	82.0	689.0
MA0125.1.Nobox	48.0	658.0	49.0	722.0
MA0130.1.ZNF354C	0.0	706.0	0.0	771.0
MA0131.1.HINFP	68.0	638.0	32.0	739.0
MA0132.1.Pdx1	0.0	706.0	0.0	771.0
MA0133.1.BRCA1	65.0	641.0	46.0	725.0
MA0135.1.Lhx3	78.0	628.0	69.0	702.0
MA0136.1.ELF5	286.0	420.0	254.0	517.0
MA0137.3.STAT1	224.0	482.0	211.0	560.0
MA0138.2.REST	300.0	406.0	201.0	570.0
MA0139.1.CTCF	361.0	345.0	253.0	518.0
MA0140.2.TAL1::GATA1	112.0	594.0	95.0	676.0
MA0141.2.Esrrb	205.0	501.0	185.0	586.0
MA0142.1.Pou5f1::Sox2	127.0	579.0	138.0	633.0
MA0143.3.Sox2	183.0	523.0	152.0	619.0
MA0144.2.STAT3	292.0	414.0	263.0	508.0
MA0145.2.Tcfcp2l1	322.0	384.0	243.0	528.0
MA0146.2.Zfx	482.0	224.0	348.0	423.0
MA0147.2.Myc	161.0	545.0	140.0	631.0
MA0148.3.FOXA1	146.0	560.0	142.0	629.0
MA0149.1.EWSR1-FLI1	525.0	181.0	465.0	306.0
MA0150.2.Nfe2l2	190.0	516.0	188.0	583.0
MA0151.1.ARID3A	105.0	601.0	93.0	678.0
MA0152.1.NFATC2	161.0	545.0	151.0	620.0
MA0153.1.HNF1B	61.0	645.0	66.0	705.0
MA0154.2.EBF1	406.0	300.0	270.0	501.0
MA0155.1.INSM1	383.0	323.0	262.0	509.0
MA0156.1.FEV	325.0	381.0	297.0	474.0
MA0157.1.FOXO3	164.0	542.0	162.0	609.0
MA0158.1.HOXA5	62.0	644.0	69.0	702.0
MA0159.1.RXR::RAR_DR5	205.0	501.0	178.0	593.0
MA0160.1.NR4A2	144.0	562.0	141.0	630.0
MA0161.1.NFIC	0.0	706.0	0.0	771.0
MA0162.2.EGR1	579.0	127.0	452.0	319.0
MA0163.1.PLAG1	463.0	243.0	295.0	476.0
MA0164.1.Nr2e3	73.0	633.0	63.0	708.0
MA0258.2.ESR2	265.0	441.0	174.0	597.0
MA0259.1.HIF1A::ARNT	67.0	639.0	59.0	712.0
MA0442.1.SOX10	338.0	368.0	320.0	451.0
MA0461.1.Atoh1	308.0	398.0	244.0	527.0
MA0462.1.BATF::JUN	178.0	528.0	216.0	555.0
MA0463.1.Bcl6	257.0	449.0	251.0	520.0
MA0464.1.Bhlhe40	167.0	539.0	135.0	636.0
MA0465.1.CDX2	88.0	618.0	107.0	664.0
MA0466.1.CEBPB	101.0	605.0	87.0	684.0
MA0467.1.Crx	113.0	593.0	92.0	679.0
MA0468.1.DUX4	94.0	612.0	104.0	667.0
MA0469.1.E2F3	467.0	239.0	327.0	444.0
MA0470.1.E2F4	370.0	336.0	217.0	554.0
MA0471.1.E2F6	481.0	225.0	375.0	396.0
MA0472.1.EGR2	496.0	210.0	381.0	390.0
MA0473.1.ELF1	431.0	275.0	380.0	391.0
MA0474.1.Erg	512.0	194.0	511.0	260.0
MA0475.1.FLI1	478.0	228.0	453.0	318.0
MA0476.1.FOS	218.0	488.0	260.0	511.0
MA0477.1.FOSL1	228.0	478.0	262.0	509.0
MA0478.1.FOSL2	248.0	458.0	280.0	491.0
MA0479.1.FOXH1	118.0	588.0	127.0	644.0
MA0480.1.Foxo1	210.0	496.0	215.0	556.0
MA0481.1.FOXP1	288.0	418.0	268.0	503.0
MA0482.1.Gata4	118.0	588.0	121.0	650.0
MA0483.1.Gfi1b	197.0	509.0	167.0	604.0
MA0484.1.HNF4G	259.0	447.0	198.0	573.0
MA0485.1.Hoxc9	98.0	608.0	91.0	680.0
MA0486.1.HSF1	223.0	483.0	188.0	583.0
MA0488.1.JUN	186.0	520.0	183.0	588.0
MA0489.1.JUN.var.2	236.0	470.0	261.0	510.0
MA0490.1.JUNB	229.0	477.0	267.0	504.0
MA0491.1.JUND	220.0	486.0	263.0	508.0
MA0492.1.JUND.var.2	157.0	549.0	152.0	619.0
MA0493.1.Klf1	443.0	263.0	335.0	436.0
MA0494.1.Nr1h3::Rxra	180.0	526.0	124.0	647.0
MA0495.1.MAFF	124.0	582.0	131.0	640.0
MA0496.1.MAFK	130.0	576.0	137.0	634.0
MA0497.1.MEF2C	178.0	528.0	180.0	591.0
MA0498.1.Meis1	220.0	486.0	176.0	595.0
MA0499.1.Myod1	334.0	372.0	269.0	502.0
MA0500.1.Myog	321.0	385.0	271.0	500.0
MA0501.1.NFE2::MAF	175.0	531.0	185.0	586.0
MA0502.1.NFYB	165.0	541.0	129.0	642.0
MA0503.1.Nkx2-5.var.2	205.0	501.0	152.0	619.0
MA0504.1.NR2C2	415.0	291.0	304.0	467.0
MA0505.1.Nr5a2	251.0	455.0	206.0	565.0
MA0506.1.NRF1	325.0	381.0	209.0	562.0
MA0507.1.POU2F2	121.0	585.0	108.0	663.0
MA0508.1.PRDM1	340.0	366.0	303.0	468.0
MA0509.1.Rfx1	196.0	510.0	162.0	609.0
MA0510.1.RFX5	269.0	437.0	208.0	563.0
MA0511.1.RUNX2	249.0	457.0	218.0	553.0
MA0512.1.Rxra	276.0	430.0	229.0	542.0
MA0513.1.SMAD2::SMAD3::SMAD4	260.0	446.0	205.0	566.0
MA0514.1.Sox3	310.0	396.0	250.0	521.0
MA0515.1.Sox6	228.0	478.0	214.0	557.0
MA0516.1.SP2	613.0	93.0	503.0	268.0
MA0517.1.STAT2::STAT1	320.0	386.0	264.0	507.0
MA0518.1.Stat4	252.0	454.0	224.0	547.0
MA0519.1.Stat5a::Stat5b	257.0	449.0	199.0	572.0
MA0520.1.Stat6	192.0	514.0	144.0	627.0
MA0521.1.Tcf12	306.0	400.0	268.0	503.0
MA0522.1.Tcf3	380.0	326.0	318.0	453.0
MA0523.1.TCF7L2	158.0	548.0	114.0	657.0
MA0524.1.TFAP2C	435.0	271.0	319.0	452.0
MA0525.1.TP63	199.0	507.0	155.0	616.0
MA0526.1.USF2	183.0	523.0	157.0	614.0
MA0527.1.ZBTB33	153.0	553.0	86.0	685.0
MA0528.1.ZNF263	633.0	73.0	582.0	189.0
MA0591.1.Bach1::Mafk	243.0	463.0	227.0	544.0
MA0592.1.ESRRA	218.0	488.0	186.0	585.0
MA0593.1.FOXP2	208.0	498.0	204.0	567.0
MA0594.1.Hoxa9	78.0	628.0	84.0	687.0
MA0595.1.SREBF1	178.0	528.0	139.0	632.0
MA0596.1.SREBF2	162.0	544.0	133.0	638.0
MA0597.1.THAP1	279.0	427.0	192.0	579.0
MA0598.1.EHF	491.0	215.0	466.0	305.0
MA0599.1.KLF5	590.0	116.0	466.0	305.0
MA0600.1.RFX2	204.0	502.0	161.0	610.0
UP00000_1_Smad3_primary	170.0	536.0	128.0	643.0
UP00001_1_E2F2_primary	154.0	552.0	80.0	691.0
UP00002_1_Sp4_primary	500.0	206.0	351.0	420.0
UP00003_1_E2F3_primary	152.0	554.0	82.0	689.0
UP00004_1_Sox14_primary	52.0	654.0	57.0	714.0
UP00005_1_Tcfap2a_primary	294.0	412.0	171.0	600.0
UP00006_1_Zic3_primary	310.0	396.0	145.0	626.0
UP00007_1_Egr1_primary	447.0	259.0	309.0	462.0
UP00008_1_Six6_primary	59.0	647.0	38.0	733.0
UP00008_3_Six6_2267.4	61.0	645.0	43.0	728.0
UP00008_4	53.0	653.0	42.0	729.0
UP00009_1_Nr2f2_primary	154.0	552.0	146.0	625.0
UP00010_1_Tcfap2b_primary	325.0	381.0	183.0	588.0
UP00011_1_Irf6_primary	50.0	656.0	37.0	734.0
UP00012_1_Bbx_primary	74.0	632.0	80.0	691.0
UP00014_1_Sox17_primary	85.0	621.0	107.0	664.0
UP00015_1_Ehf_primary	225.0	481.0	219.0	552.0
UP00016_1_Sry_primary	55.0	651.0	45.0	726.0
UP00017_1_Nkx3-1_primary	86.0	620.0	58.0	713.0
UP00017_3_Nkx3-1_2923.2	64.0	642.0	47.0	724.0
UP00018_1_Irf4_primary	69.0	637.0	52.0	719.0
UP00019_1_Zbtb12_primary	97.0	609.0	63.0	708.0
UP00020_1_Atf1_primary	104.0	602.0	97.0	674.0
UP00021_1_Zfp281_primary	529.0	177.0	388.0	383.0
UP00022_1_Zfp740_primary	336.0	370.0	209.0	562.0
UP00023_1_Sox30_primary	105.0	601.0	114.0	657.0
UP00024_1_Glis2_primary	174.0	532.0	92.0	679.0
UP00025_1_Foxk1_primary	181.0	525.0	158.0	613.0
UP00026_1_Zscan4_primary	94.0	612.0	85.0	686.0
UP00027_1_Osr1_primary	82.0	624.0	85.0	686.0
UP00028_1_Tcfap2e_primary	304.0	402.0	185.0	586.0
UP00029_1_Tbp_primary	111.0	595.0	90.0	681.0
UP00030_1_Sox11_primary	236.0	470.0	205.0	566.0
UP00031_1_Zbtb3_primary	237.0	469.0	191.0	580.0
UP00032_1_Gata3_primary	123.0	583.0	112.0	659.0
UP00033_1_Zfp410_primary	176.0	530.0	116.0	655.0
UP00034_1_Sox7_primary	108.0	598.0	123.0	648.0
UP00035_1_Hic1_primary	163.0	543.0	125.0	646.0
UP00036_1_Myf6_primary	208.0	498.0	174.0	597.0
UP00037_1_Zfp105_primary	230.0	476.0	211.0	560.0
UP00039_1_Foxj3_primary	153.0	553.0	134.0	637.0
UP00040_1_Irf5_primary	69.0	637.0	47.0	724.0
UP00041_1_Foxj1_primary	168.0	538.0	149.0	622.0
UP00042_1_Gm397_primary	97.0	609.0	88.0	683.0
UP00043_1_Bcl6b_primary	151.0	555.0	129.0	642.0
UP00044_1_Mafk_primary	89.0	617.0	96.0	675.0
UP00045_1_Mafb_primary	105.0	601.0	93.0	678.0
UP00046_1_Tcfe2a_primary	218.0	488.0	144.0	627.0
UP00047_1_Zbtb7b_primary	184.0	522.0	86.0	685.0
UP00048_1_Rara_primary	161.0	545.0	155.0	616.0
UP00049_1_Sp100_primary	53.0	653.0	35.0	736.0
UP00050_1_Bhlhb2_primary	88.0	618.0	67.0	704.0
UP00051_1_Sox8_primary	107.0	599.0	118.0	653.0
UP00052_1_Osr2_primary	86.0	620.0	75.0	696.0
UP00053_1_Rxra_primary	198.0	508.0	164.0	607.0
UP00054_1_Tcf7_primary	144.0	562.0	109.0	662.0
UP00055_1_Hbp1_primary	129.0	577.0	107.0	664.0
UP00056_1_Rfx4_primary	112.0	594.0	97.0	674.0
UP00057_1_Zic2_primary	295.0	411.0	140.0	631.0
UP00058_1_Tcf3_primary	130.0	576.0	98.0	673.0
UP00059_1_Arid5a_primary	56.0	650.0	58.0	713.0
UP00060_1_Max_primary	128.0	578.0	82.0	689.0
UP00061_1_Foxl1_primary	162.0	544.0	149.0	622.0
UP00062_1_Sox4_primary	229.0	477.0	200.0	571.0
UP00064_1_Sox18_primary	106.0	600.0	110.0	661.0
UP00065_1_Zfp161_primary	200.0	506.0	124.0	647.0
UP00066_1_Hnf4a_primary	204.0	502.0	154.0	617.0
UP00067_1_Lef1_primary	143.0	563.0	85.0	686.0
UP00068_1_Eomes_primary	111.0	595.0	91.0	680.0
UP00069_1_Sox1_primary	87.0	619.0	81.0	690.0
UP00070_1_Gcm1_primary	102.0	604.0	74.0	697.0
UP00071_1_Sox21_primary	65.0	641.0	60.0	711.0
UP00072_1_IRC900814_primary	34.0	672.0	18.0	753.0
UP00073_1_Foxa2_primary	154.0	552.0	151.0	620.0
UP00074_1_Isgf3g_primary	144.0	562.0	97.0	674.0
UP00075_1_Sox15_primary	102.0	604.0	114.0	657.0
UP00076_1_Rfxdc2_primary	116.0	590.0	105.0	666.0
UP00077_1_Srf_primary	87.0	619.0	63.0	708.0
UP00078_1_Arid3a_primary	91.0	615.0	79.0	692.0
UP00079_1_Esrra_primary	134.0	572.0	131.0	640.0
UP00080_1_Gata5_primary	96.0	610.0	88.0	683.0
UP00081_1_Mybl1_primary	36.0	670.0	23.0	748.0
UP00082_1_Zfp187_primary	61.0	645.0	55.0	716.0
UP00083_1_Tcf7l2_primary	144.0	562.0	87.0	684.0
UP00084_1_Gmeb1_primary	43.0	663.0	27.0	744.0
UP00085_1_Sfpi1_primary	289.0	417.0	243.0	528.0
UP00086_1_Irf3_primary	214.0	492.0	158.0	613.0
UP00087_1_Tcfap2c_primary	296.0	410.0	171.0	600.0
UP00088_1_Plagl1_primary	282.0	424.0	139.0	632.0
UP00089_1_Tcf1_primary	50.0	656.0	45.0	726.0
UP00089_3_Tcf1_2666.2	56.0	650.0	47.0	724.0
UP00091_1_Sox5_primary	94.0	612.0	115.0	656.0
UP00092_1_Myb_primary	35.0	671.0	28.0	743.0
UP00093_1_Klf7_primary	530.0	176.0	374.0	397.0
UP00094_1_Zfp128_primary	38.0	668.0	21.0	750.0
UP00095_1_Zfp691_primary	168.0	538.0	121.0	650.0
UP00096_1_Sox13_primary	100.0	606.0	102.0	669.0
UP00097_1_Mtf1_primary	108.0	598.0	71.0	700.0
UP00098_1_Rfx3_primary	103.0	603.0	87.0	684.0
UP00099_1_Ascl2_primary	289.0	417.0	235.0	536.0
UP00100_1_Gata6_primary	88.0	618.0	93.0	678.0
UP00101_1_Sox12_primary	116.0	590.0	118.0	653.0
UP00102_1_Zic1_primary	319.0	387.0	143.0	628.0
UP00103_1_Jundm2_primary	108.0	598.0	94.0	677.0
UP00104_1_Hmx1_3423.1	73.0	633.0	49.0	722.0
UP00105_1_Pou3f4_3773.1	60.0	646.0	73.0	698.0
UP00106_1_Vax2_3500.1	43.0	663.0	50.0	721.0
UP00107_1_Nkx2-4_3074.1	110.0	596.0	82.0	689.0
UP00108_1_Alx3_3418.2	34.0	672.0	47.0	724.0
UP00109_1_Obox6_3440.2	62.0	644.0	54.0	717.0
UP00110_1_Dlx4_3488.2	39.0	667.0	43.0	728.0
UP00111_1_Dmbx1_2277.1	70.0	636.0	69.0	702.0
UP00112_1_Gsc_2327.3	64.0	642.0	56.0	715.0
UP00113_1_Hoxc4_3491.1	39.0	667.0	57.0	714.0
UP00114_1_Homez_1063.2	38.0	668.0	30.0	741.0
UP00115_1_Lhx2_0953.2	37.0	669.0	41.0	730.0
UP00116_1_Rhox6_4251.1	39.0	667.0	47.0	724.0
UP00117_1_Hoxd11_3873.1	35.0	671.0	40.0	731.0
UP00118_1_Pou4f3_2791.1	64.0	642.0	81.0	690.0
UP00119_1_Nkx2-9_3082.1	60.0	646.0	40.0	731.0
UP00120_1_Lbx2_3869.2	33.0	673.0	37.0	734.0
UP00121_1_Hoxd10_2368.2	109.0	597.0	126.0	645.0
UP00122_1_Tgif1_2342.2	126.0	580.0	133.0	638.0
UP00123_1_Hlxb9_3422.1	38.0	668.0	39.0	732.0
UP00124_1_Ipf1_3815.1	51.0	655.0	58.0	713.0
UP00125_1_Pitx2_2274.3	81.0	625.0	75.0	696.0
UP00126_1_Dlx2_2273.2	47.0	659.0	47.0	724.0
UP00127_1_Gsh2_3990.2	40.0	666.0	53.0	718.0
UP00128_1_Pou3f2_2824.1	45.0	661.0	62.0	709.0
UP00129_1_Pou3f1_3819.1	61.0	645.0	70.0	701.0
UP00130_1_Lhx3_3431.1	52.0	654.0	54.0	717.0
UP00131_1_Gbx2_3110.1	35.0	671.0	30.0	741.0
UP00132_1_Evx2_2645.3	49.0	657.0	37.0	734.0
UP00133_1_Cdx2_4272.1	72.0	634.0	94.0	677.0
UP00134_1_Hoxb13_3479.1	96.0	610.0	99.0	672.0
UP00135_1_Hoxc12_3480.1	36.0	670.0	45.0	726.0
UP00136_1_Prrx2_3072.1	34.0	672.0	37.0	734.0
UP00137_1_Hoxb3_1720.2	48.0	658.0	63.0	708.0
UP00138_1_Bsx_3483.2	48.0	658.0	54.0	717.0
UP00139_1_Nkx1-2_3214.1	46.0	660.0	57.0	714.0
UP00140_1_Hoxd1_3448.1	39.0	667.0	44.0	727.0
UP00141_1_Vsx1_1728.1	37.0	669.0	43.0	728.0
UP00142_1_Uncx4.1_2281.2	40.0	666.0	51.0	720.0
UP00143_1_Dobox5_3493.1	92.0	614.0	82.0	689.0
UP00144_1_Hoxb4_2627.1	38.0	668.0	55.0	716.0
UP00145_1_Barhl2_3868.1	82.0	624.0	74.0	697.0
UP00146_1_Pou6f1_1731.2	81.0	625.0	70.0	701.0
UP00147_1_Nkx2-6_3437.1	90.0	616.0	73.0	698.0
UP00148_1_Hdx_3845.3	127.0	579.0	108.0	663.0
UP00149_1_Phox2b_3948.1	45.0	661.0	55.0	716.0
UP00150_1_Irx6_2623.2	74.0	632.0	51.0	720.0
UP00151_1_Barx2_3447.2	43.0	663.0	51.0	720.0
UP00152_1_Arx_1738.2	34.0	672.0	42.0	729.0
UP00153_1_Pitx1_2312.1	104.0	602.0	84.0	687.0
UP00154_1_Dlx3_1030.1	44.0	662.0	52.0	719.0
UP00155_1_Hmx2_3424.3	83.0	623.0	65.0	706.0
UP00156_1_Msx2_3449.1	62.0	644.0	39.0	732.0
UP00157_1_Hmx3_3490.2	78.0	628.0	65.0	706.0
UP00158_1_Pou1f1_3818.1	67.0	639.0	75.0	696.0
UP00159_1_Six2_2307.2	62.0	644.0	41.0	730.0
UP00160_1_Obox3_3439.1	90.0	616.0	72.0	699.0
UP00161_1_Hmbox1_2674.1	64.0	642.0	54.0	717.0
UP00162_1_Evx1_3952.2	41.0	665.0	36.0	735.0
UP00163_1_En2_0952.1	30.0	676.0	41.0	730.0
UP00164_1_Hoxa7_2668.2	52.0	654.0	58.0	713.0
UP00165_1_Titf1_1722.2	118.0	588.0	92.0	679.0
UP00166_1_Barhl1_2590.2	70.0	636.0	65.0	706.0
UP00167_1_En1_3123.2	42.0	664.0	55.0	716.0
UP00168_1_Hoxd8_2644.1	83.0	623.0	79.0	692.0
UP00169_1_Lmx1b_3433.2	67.0	639.0	59.0	712.0
UP00170_1_Isl2_3430.1	72.0	634.0	84.0	687.0
UP00171_1_Msx3_3206.1	68.0	638.0	62.0	709.0
UP00172_1_Prop1_3949.1	42.0	664.0	56.0	715.0
UP00173_1_Hoxc13_3127.1	65.0	641.0	60.0	711.0
UP00174_1_Hoxa2_3079.1	50.0	656.0	51.0	720.0
UP00175_1_Lhx9_3492.1	33.0	673.0	47.0	724.0
UP00176_1_Crx_3485.1	74.0	632.0	55.0	716.0
UP00177_1_Hoxd12_3481.1	38.0	668.0	38.0	733.0
UP00178_1_Og2x_3719.1	38.0	668.0	43.0	728.0
UP00179_1_Pou2f3_3986.2	84.0	622.0	86.0	685.0
UP00180_1_Hoxd13_2356.1	119.0	587.0	117.0	654.0
UP00181_1_Barx1_2877.1	40.0	666.0	37.0	734.0
UP00182_1_Hoxa6_1040.1	46.0	660.0	54.0	717.0
UP00183_1_Hoxa13_3126.1	64.0	642.0	48.0	723.0
UP00184_1_Lhx8_2247.2	61.0	645.0	40.0	731.0
UP00185_1_Pbx1_3203.1	88.0	618.0	66.0	705.0
UP00186_1_Meis1_2335.1	102.0	604.0	108.0	663.0
UP00187_1_Alx4_1744.1	30.0	676.0	37.0	734.0
UP00188_1_Lmx1a_2238.2	81.0	625.0	75.0	696.0
UP00189_1_Hoxa5_3415.1	50.0	656.0	50.0	721.0
UP00190_1_Nkx2-3_3435.1	70.0	636.0	41.0	730.0
UP00191_1_Pou2f2_3748.1	90.0	616.0	87.0	684.0
UP00192_1_Six1_0935.2	52.0	654.0	43.0	728.0
UP00193_1_Rhox11_1765.2	66.0	640.0	65.0	706.0
UP00194_1_Irx4_2242.3	77.0	629.0	54.0	717.0
UP00195_1_Six3_1732.2	62.0	644.0	38.0	733.0
UP00196_1_Hoxa4_3426.1	49.0	657.0	68.0	703.0
UP00197_1_Hoxc9_2367.2	58.0	648.0	75.0	696.0
UP00198_1_Cphx_3484.1	70.0	636.0	73.0	698.0
UP00199_1_Six4_2860.1	105.0	601.0	84.0	687.0
UP00200_1_Nkx6-1_2825.1	57.0	649.0	75.0	696.0
UP00201_1_Emx2_3420.1	32.0	674.0	30.0	741.0
UP00202_1_Dlx1_1741.2	50.0	656.0	55.0	716.0
UP00203_1_Pknox1_2364.2	119.0	587.0	123.0	648.0
UP00204_1_Gbx1_2883.2	40.0	666.0	40.0	731.0
UP00205_1_Pknox2_3077.2	137.0	569.0	138.0	633.0
UP00206_1_Hoxb7_3953.1	41.0	665.0	60.0	711.0
UP00207_1_Hoxb9_3413.1	95.0	611.0	91.0	680.0
UP00208_1_Obox5_2284.1	85.0	621.0	73.0	698.0
UP00209_1_Cart1_0997.1	33.0	673.0	46.0	725.0
UP00210_1_Mrg2_2302.1	102.0	604.0	122.0	649.0
UP00211_1_Pou3f3_3235.2	68.0	638.0	65.0	706.0
UP00212_1_Lhx5_2279.1	53.0	653.0	63.0	708.0
UP00213_1_Hoxa9_2622.2	110.0	596.0	103.0	668.0
UP00214_1_Hoxb5_3122.2	51.0	655.0	52.0	719.0
UP00215_1_Vax1_3499.1	50.0	656.0	59.0	712.0
UP00216_1_Obox1_3970.2	103.0	603.0	75.0	696.0
UP00217_1_Hoxa10_2318.1	89.0	617.0	120.0	651.0
UP00218_1_Dbx2_3487.1	70.0	636.0	85.0	686.0
UP00219_1_Cutl1_3494.1	56.0	650.0	42.0	729.0
UP00220_1_Nkx1-1_3856.3	48.0	658.0	51.0	720.0
UP00221_1_Phox2a_3947.1	36.0	670.0	39.0	732.0
UP00222_1_Tcf2_0913.2	61.0	645.0	49.0	722.0
UP00223_1_Irx3_0920.1	57.0	649.0	42.0	729.0
UP00224_1_Pax6_3838.3	49.0	657.0	58.0	713.0
UP00225_1_Hlx1_2350.1	47.0	659.0	63.0	708.0
UP00226_1_Mrg1_2246.2	110.0	596.0	112.0	659.0
UP00227_1_Duxl_1286.2	84.0	622.0	87.0	684.0
UP00228_1_Bapx1_2343.1	89.0	617.0	71.0	700.0
UP00229_1_Otx1_2325.1	74.0	632.0	80.0	691.0
UP00230_1_Dlx5_3419.2	48.0	658.0	36.0	735.0
UP00231_1_Nkx2-2_2823.1	105.0	601.0	84.0	687.0
UP00232_1_Dobox4_3956.2	91.0	615.0	49.0	722.0
UP00233_1_Meox1_2310.2	50.0	656.0	58.0	713.0
UP00234_1_Msx1_3031.2	41.0	665.0	53.0	718.0
UP00235_1_Hoxc11_3718.2	37.0	669.0	54.0	717.0
UP00236_1_Irx2_0900.3	68.0	638.0	52.0	719.0
UP00237_1_Otp_3496.1	43.0	663.0	50.0	721.0
UP00238_1_Nkx6-3_3446.1	63.0	643.0	81.0	690.0
UP00239_1_Obox2_3438.2	96.0	610.0	86.0	685.0
UP00240_1_Cdx1_2245.1	64.0	642.0	82.0	689.0
UP00241_1_Hoxd3_1742.2	55.0	651.0	65.0	706.0
UP00242_1_Hoxc8_3429.2	53.0	653.0	61.0	710.0
UP00243_1_Isx_3445.1	33.0	673.0	34.0	737.0
UP00244_1_Tlx2_3498.2	113.0	593.0	93.0	678.0
UP00245_1_Hoxc10_2779.2	44.0	662.0	52.0	719.0
UP00246_1_Hoxa11_2218.1	42.0	664.0	51.0	720.0
UP00247_1_Pax4_3989.2	42.0	664.0	29.0	742.0
UP00248_1_Pax7_3783.1	42.0	664.0	43.0	728.0
UP00249_1_Nkx2-5_3436.1	108.0	598.0	83.0	688.0
UP00250_1_Irx5_2385.1	59.0	647.0	47.0	724.0
UP00251_1_Esx1_3124.2	39.0	667.0	48.0	723.0
UP00252_1_Hoxc5_2630.2	40.0	666.0	60.0	711.0
UP00253_1_Rax_3443.1	35.0	671.0	34.0	737.0
UP00254_1_Pou2f1_3081.2	61.0	645.0	75.0	696.0
UP00255_1_Dbx1_3486.1	133.0	573.0	116.0	655.0
UP00256_1_Lhx6_2272.1	38.0	668.0	42.0	729.0
UP00257_1_Shox2_2641.2	32.0	674.0	37.0	734.0
UP00258_1_Tgif2_3451.1	112.0	594.0	120.0	651.0
UP00259_1_Hoxb6_3428.2	49.0	657.0	51.0	720.0
UP00260_1_Hoxc6_3954.2	47.0	659.0	67.0	704.0
UP00261_1_Lhx4_1719.2	53.0	653.0	47.0	724.0
UP00262_1_Lhx1_2240.2	56.0	650.0	58.0	713.0
UP00263_1_Hoxb8_3780.2	77.0	629.0	74.0	697.0
UP00264_1_Hoxa1_3425.1	45.0	661.0	48.0	723.0
UP00265_1_Pitx3_3497.2	110.0	596.0	71.0	700.0
UP00266_1_Prrx1_3442.1	37.0	669.0	48.0	723.0
UP00267_1_Otx2_3441.1	87.0	619.0	62.0	709.0
UP00391_1_Hoxa3_primary	41.0	665.0	40.0	731.0
UP00391_3_Hoxa3_2783.2	46.0	660.0	46.0	725.0
UP00406_1_Spdef_primary	113.0	593.0	123.0	648.0
UP00407_1_Elf3_primary	263.0	443.0	261.0	510.0
UP00408_1_Gabpa_primary	195.0	511.0	169.0	602.0
klf4_homer	461.0	245.0	330.0	441.0
